0.0102396928772 -0.0111478922958 0.0155067497996
-0.00190712244683 -0.00207619944237 0.0202194556348
0.0163845921816 -0.00187051152967 -0.0202009347649
-0.0140393385019 0.0204037537862 -0.00727492124158
0.0210875111455 0.00797931942887 0.013080601511
0.00959011050085 0.016236940102 0.0167291675077
0.0223137909794 0.00734686358794 0.0168763717861
0.0104512186685 0.0158758837867 0.0208415543853
0.0227680285848 0.00601518190927 0.0208216288261
0.0112215556033 0.0146145475053 0.0246592005292
0.0226759292901 0.00515105321463 0.0242290607085
0.0120476275378 0.0132530413315 0.0279003406976
0.0225707631786 0.004538660327 0.0267761443939
0.0126524296562 0.0121707380421 0.0302526216212
0.0309118894174 0.00947730553826 0.0314734091937
0.017750317368 0.0200700759752 0.0356602296063
0.0217983414597 0.0024317181978 0.037174198521
0.0155727124301 0.00686408764823 0.0395545628298
0.0203475319044 0.00255004488571 0.0396867981217
0.0172592628148 0.00442631052638 0.0407455947017
-0.00700376969134 0.00789777394475 -0.0313956446055
0.0192796882577 0.00338762744791 -0.0139398180183
-0.00770682550055 0.0232265711371 -0.00329951207648
0.0203206481524 0.00849228767792 0.0125731958667
0.021610655228 0.00774404087222 0.0124149895211
0.0223462804025 0.00766697750161 0.0134879118637
0.0209889039743 0.0084717406034 0.014225429793
0.00992597806185 0.0158738707317 0.0159559135604
0.00898384164122 0.0169019775466 0.016181394856
0.00922855442395 0.0170797231332 0.0177096265027
0.0105894289515 0.0156697027541 0.0174778436977
0.0212353432649 0.00796808666028 0.0161110379372
0.0215745560219 0.00725992374339 0.0183413308361
0.0236468261137 0.00670396836588 0.017207081162
0.0230232625961 0.00729366624704 0.0154558318827
0.0109265789575 0.0153004624044 0.0194337459154
0.0111977046445 0.0150716934819 0.0216624570692
0.00998509456071 0.0165673563315 0.0219083438302
0.00946593168911 0.016901006213 0.0200413322397
0.0217897616803 0.00674984077209 0.0198378907048
0.0218603289592 0.00611432056878 0.0215644147953
0.0240090668728 0.00536577590824 0.0211883633288
0.0236996823901 0.00602567437095 0.0191168920582
0.0116273249567 0.0142947928393 0.0232574186276
0.0117737943987 0.0135387045418 0.0252759795073
0.0105628483371 0.0153610977944 0.0258744756826
0.0105241338444 0.0158765664523 0.0241240506817
0.0218372291805 0.00570874363114 0.0243761009526
0.0237135927506 0.00513609968562 0.023819378623
0.012662757742 0.0125627232021 0.0274471660916
0.0114531900108 0.0144088431944 0.0281024740432
0.021972122864 0.00460376657947 0.0269846607854
0.0238858164125 0.00468933081758 0.026635457872
0.0128939597686 0.0114675446026 0.0299117979483
0.0124665340117 0.0132816869194 0.0302532383624
0.0205707618255 -0.00104191392698 0.0341579065028
0.0112561306637 0.00487052455045 0.0373080857222
0.0199169240036 -0.00208364376446 0.0351362707173
0.0118083166289 0.00387257492897 0.0385440434525
0.0195392850324 -0.000735926053251 0.0365830145528
0.0134739086954 0.00379426967871 0.0389518387169
0.019887455745 0.00598324896589 0.0103803184462
0.0220481967913 0.00385352778757 0.0138912836505
0.0230675346211 0.00282276911905 0.0177047906181
0.0228823858695 0.00208924030176 0.0216844692112
0.0228493424071 0.00166388720264 0.0245215546777
0.0226149362208 -0.000216186157672 0.0269892655194
0.00667389985558 0.0155632864869 0.0149525915774
0.00625149978166 0.0152874307014 0.0196701528238
0.00658546919162 0.0145815497997 0.0235292601653
0.0081397627197 0.0128624447191 0.027047749021
0.00902354898785 0.0119350059082 0.0293072381068
0.00969999839268 0.0105195769797 0.0320699643732
0.012932963205 0.00942900888207 -0.00411594550836
0.003205856097 0.0161051277827 -0.000813942948696
0.0157836672456 0.00661298987061 -0.0205070200566
-0.00762043825541 0.0234973968773 -0.0123752998761
0.0223070803935 -0.00193646769112 -0.0125642990578
-0.0108661877385 0.0230298126755 0.000872590465455
0.0144001136219 0.00451821795763 -0.00933037583124
-0.00390121717375 0.0178446398412 -0.00235926159915
-0.000792141425777 -0.0177350032182 0.00993530075444
0.000667275726364 -0.0186134121324 0.00939349546706
0.00185717558467 -0.0193730166479 0.00840975507826
0.00304060640142 -0.0198977729574 0.00753453934338
0.00427071184643 -0.020181190741 0.00685158567996
0.00556228772801 -0.020228270782 0.00639144086381
0.00689566079999 -0.0200451257078 0.00611264101863
0.00826570385125 -0.019634183918 0.00601443042293
0.0096653765139 -0.0189964446278 0.00608200394045
0.0110562271663 -0.0181405819603 0.0064092239048
0.0110562271663 -0.0181405819603 0.0064092239048
0.0120241823755 -0.017261847416 0.00740058643363
0.0127373747255 -0.0163885941687 0.00846675167299
0.0131199766035 -0.0155816245914 0.00958571446472
0.0132304407003 -0.0148137494028 0.0106634664731
0.0129891401625 -0.0141393588776 0.0117049225759
0.0126102497893 -0.0134093056375 0.0126795869643
0.0120112832041 -0.0126771287215 0.0136258908912
0.011183791449 -0.0119482376431 0.0145510604038
0.0102396931334 -0.0111478919072 0.0155067498641
0.0102396931334 -0.0111478919072 0.0155067498641
0.00936766022132 -0.0104562102836 0.0158973208292
0.00841323838794 -0.00990208703879 0.0161669964993
0.00739989018732 -0.00954306954339 0.0162973655209
0.00637714558379 -0.00951432239453 0.0162317479538
0.00539630380321 -0.00957320258994 0.0160770072381
0.00438084590205 -0.00960965978779 0.0158854596519
0.0032887743939 -0.00970986535695 0.0156292288117
0.00231741998637 -0.0101890361948 0.0151330930531
0.00137260468419 -0.0107902756747 0.0145179030055
-0.00987821836893 -0.010663776484 0.0133552076979
-0.0112947834039 -0.00925310530198 0.0138547453794
-0.0127369224885 -0.00797578635018 0.0138339716448
-0.0138458442636 -0.00669826567769 0.013938923206
-0.0146542344939 -0.00542509024973 0.0141092119964
-0.0150854659067 -0.00415555999817 0.0144338368519
-0.0152043355143 -0.00290879789203 0.0148193561783
-0.0150753895819 -0.00165983420761 0.0151973385399
-0.0146582059817 -0.000394777006339 0.0156202898971
-0.0138594843199 0.000789836699121 0.0161687742852
-0.0138594843199 0.000789836699121 0.0161687742852
-0.0126128378181 0.00162075809406 0.0173445723741
-0.0112829792174 0.00212545764439 0.0183954486208
-0.0099193823841 0.00221609249812 0.0192496263444
-0.00858767966321 0.00202489802866 0.0198768498655
-0.00727154114871 0.001663051949 0.0203134898322
-0.00598078823623 0.00102108167526 0.0205432408722
-0.00459854759205 0.000309033701821 0.0206509428815
-0.00314935849648 -0.000655140213649 0.0205763390964
-0.00190712206261 -0.00207619885959 0.0202194557316
-0.00190712206261 -0.00207619885959 0.0202194557316
-0.00150520417466 -0.00273317556664 0.0199661620863
-0.00108528820666 -0.00339627316021 0.0196753788029
-0.001065738274 -0.0041099431942 0.0192831334546
-0.00122597749801 -0.0047603165502 0.0188479880976
-0.00130708915682 -0.00538267109798 0.0183915873016
-0.0014720470032 -0.005981320284 0.0178934223497
-0.0016677794288 -0.00658159563574 0.0173511556407
-0.00197036430662 -0.00715825122549 0.0167640828047
-0.00236469791316 -0.00771470635947 0.0161330178409
0.0309118894174 0.00947730553826 0.0314734091937
0.0306433179791 0.00972110246198 0.031242639808
0.0298978400767 0.00905568062409 0.0309455520904
0.0292444028077 0.00837046122919 0.0306560602921
0.0285579297016 0.00764760599971 0.030331678507
0.0277496893058 0.0069039351561 0.0299341185921
0.0267728187181 0.00617826797245 0.0294295596796
0.0258082641456 0.00509276410876 0.0289942361343
0.0246065531047 0.00414909935728 0.0283870506978
0.0233626317079 0.0031969858221 0.0277097319369
0.0309118894174 0.00947730553826 0.0314734091937
0.0309725284442 0.00840870625026 0.0318252456055
0.0305630085125 0.00712493685398 0.0319542827301
0.0301636747974 0.00592609576688 0.0320498454776
0.0295980802975 0.00472935454872 0.0320345482888
0.0289109117192 0.00351793717802 0.0319390551381
0.0280788622933 0.00229717071026 0.0317480031336
0.0271034609261 0.00106590857509 0.0314620146101
0.025987162055 -0.000179142907645 0.0310813178052
0.0247035472589 -0.00140320999783 0.0305971628953
0.0309118894174 0.00947730553826 0.0314734091937
0.0307274468542 0.00869351081976 0.0320553985265
0.0300568651257 0.00745934590888 0.0324091898462
0.0292705188745 0.0062590237769 0.0324819386076
0.0284370277088 0.00514489986664 0.0324257380828
0.0275577736219 0.00403946415968 0.0324330681334
0.0265886114804 0.00291689838023 0.0324015272531
0.0255109391946 0.00179496684757 0.0322549158228
0.0243054496569 0.000683788277354 0.0319754065117
0.0230503409641 -0.000477796750567 0.0317310507143
0.0309118894174 0.00947730553826 0.0314734091937
0.0303273094278 0.00858659310124 0.0321386084159
0.0294111439069 0.00746971173709 0.0324980431314
0.028501611536 0.00647305010354 0.0327645313128
0.0275320147317 0.00551964529249 0.0329444649595
0.0264824692679 0.00459228299913 0.0329719864127
0.0253563819075 0.00369106595744 0.0328882800979
0.0241347823609 0.00281599807179 0.0327276676645
0.0228121060959 0.00197503152278 0.0324470993504
0.0214758684287 0.00113897385419 0.0319448453628
0.0177503179455 0.020070075629 0.0356602293982
0.0173281481362 0.0195461391447 0.0353835449431
0.0168953250065 0.0187933805306 0.0350131061413
0.0162867876785 0.0178030388776 0.0349035822731
0.0156361647859 0.0168284933539 0.0344871559782
0.0148859420759 0.0157242405332 0.0340507230218
0.0141009535738 0.0145182970148 0.0334210091096
0.0132089780824 0.013190050279 0.0327764010627
0.0122510708697 0.0117711508056 0.0319840564758
0.0111019494414 0.0101483853775 0.0314851557441
0.0177503179455 0.020070075629 0.0356602293982
0.0164248915213 0.0193379047392 0.0366314765526
0.0153798867105 0.0179934528179 0.0371882404958
0.014300064905 0.0167150875309 0.0374689341991
0.0132390373313 0.0154446025716 0.0375613066005
0.0122201263215 0.0141522491332 0.037653233299
0.0112477282958 0.012802188507 0.0374460536658
0.0103198990261 0.0113998310569 0.0371305238925
0.0094409723747 0.00994322549279 0.0366352768717
0.00858843251647 0.00842863749583 0.0360053334879
0.0177503179455 0.020070075629 0.0356602293982
0.0164179017932 0.0192402265538 0.036735542357
0.0157264168441 0.0174579744785 0.0372462746857
0.0149960279647 0.0159181738009 0.037270799346
0.0141541977696 0.0145618074412 0.0374151215484
0.0133342654562 0.0132531256243 0.0372941489556
0.0125180328954 0.0119719904876 0.0371343493461
0.0117230495894 0.0107091514865 0.0368677220508
0.0109484204166 0.00947130768264 0.0364257709179
0.0102312162694 0.00823184877035 0.0360272517183
0.0177503179455 0.020070075629 0.0356602293982
0.0169027672298 0.0193329274996 0.036763761835
0.0164693154303 0.0172901819374 0.0369203247842
0.0157966691165 0.0157891526119 0.0370479749148
0.0151198286774 0.0143672071181 0.0371207523718
0.0144428134444 0.0129650113628 0.0370611115642
0.0137918242731 0.0115552357063 0.0369015219548
0.0131675298658 0.0101291480252 0.0366296405496
0.0125824889889 0.0086688805799 0.0362510917947
0.0119031178708 0.00730526064484 0.03559760355
-0.00509231441882 -0.0162097425086 -0.00320621194502
-0.00315327144114 -0.0173090348273 -0.00186300647755
-0.00138132957218 -0.0184117378863 -0.00073789163935
0.000298972239842 -0.0193846288913 0.00017464268009
0.00192039251044 -0.0201493723141 0.00089517610421
0.00348319570898 -0.0206957452707 0.00143164385445
0.0049813523082 -0.0210454852536 0.00177721890986
0.00641607254145 -0.021206483361 0.00192793317896
0.00778228127551 -0.0211217561967 0.00191840871723
0.00904983049754 -0.0207533901798 0.00178233638452
0.00904983049754 -0.0207533901798 0.00178233638452
0.0110510249953 -0.0203125996305 0.00226067714302
0.0128319622697 -0.0196554499257 0.00286249227438
0.0144383003105 -0.0189554701334 0.00347925156246
0.0158184390862 -0.0181962519619 0.00418088580519
0.017021860365 -0.0174102161542 0.00488405447522
0.0180573610467 -0.0165825490973 0.00557655589902
0.018938850579 -0.0157021104118 0.00624259168306
0.0197211197829 -0.0147842073991 0.00682915970579
0.0204951829835 -0.0139102630125 0.00727221850543
0.0204951829835 -0.0139102630125 0.00727221850543
0.0209960312666 -0.0131629741209 0.00722221284476
0.0217878192723 -0.0127491390952 0.00661983219649
0.0222849166216 -0.0126181646496 0.00573824653916
0.02265546161 -0.012361706584 0.00486363823682
0.0229159291676 -0.0121335100548 0.00386436569985
0.0230900912004 -0.0119414937969 0.0027302895179
0.0231934888643 -0.011804194571 0.00145153164669
0.0233661689455 -0.0114539333884 9.86268993179e-05
0.0234108524716 -0.0110988122353 -0.00139400621704
0.0234108524716 -0.0110988122353 -0.00139400621704
0.0234142028395 -0.0103035494698 -0.00400864382396
0.0231587964928 -0.00978561875675 -0.00665099457913
0.0227406092154 -0.00906902911597 -0.00911858582774
0.0221959733424 -0.00788825101201 -0.0111634613977
0.0214016629307 -0.00652820011674 -0.0128903874443
0.0202340859207 -0.00512890443546 -0.0143846700649
0.0188445184054 -0.00430135669932 -0.0162291446422
0.0173669726008 -0.00360752874716 -0.0181118564679
0.0160991903365 -0.00301011104426 -0.0200334207036
-0.0139808334525 -0.00932370876889 0.000688649348002
-0.0143976858377 -0.00866957201913 0.00284076295695
-0.0148711310044 -0.00801842966639 0.00483512370984
-0.0154134450526 -0.0073075230672 0.00658365027727
-0.0161137732521 -0.00649585723693 0.00800244749644
-0.0168376189744 -0.0054914575896 0.00916282690368
-0.0175797729819 -0.00427163766172 0.0101114740313
-0.0180480079109 -0.00287064421397 0.0110183072009
-0.0182003279386 -0.00138149182112 0.0118495897831
-0.0178628076773 3.38638243734e-05 0.0124796276723
-0.0178628076773 3.38638243734e-05 0.0124796276723
-0.0171046109001 0.00127140116367 0.0137967693254
-0.0161593726953 0.00226224914594 0.0149915988251
-0.0152876873454 0.00316147607933 0.0160583950012
-0.0145136813662 0.00404103097124 0.0169912676218
-0.0137190215384 0.00476453465066 0.0178001797681
-0.0128284367662 0.0052585222215 0.0185093794697
-0.0119415224634 0.00569854030894 0.019108063533
-0.0111545784149 0.00616797744559 0.0195633071406
-0.0108137202094 0.00667373719578 0.0197420872269
-0.0108137202094 0.00667373719578 0.0197420872269
-0.0109094595876 0.00791234043246 0.0201423583907
-0.0109834030337 0.00903835310022 0.0203188773986
-0.0109825014879 0.0101310699654 0.0202767180716
-0.0110082434342 0.0112247342633 0.0199854879248
-0.0113355496474 0.012180877105 0.0193682199585
-0.011705365187 0.0131008675853 0.0184996597069
-0.0121711202706 0.0139592837631 0.0173644674254
-0.0127419682149 0.0147437634887 0.0159579748212
-0.0133737992623 0.0155126769728 0.0143043539753
-0.0133737992623 0.0155126769728 0.0143043539753
-0.014058859518 0.0168825262474 0.0125511049116
-0.0147759567469 0.0178893200552 0.0106001330058
-0.0153014888496 0.0187600801776 0.00854250760577
-0.0155810022643 0.0194597114074 0.0063612100654
-0.0155950421704 0.0199334830253 0.00403465459665
-0.0148561478442 0.020050157873 0.00151108622458
-0.013909601663 0.0195897427431 -0.00127173615518
-0.0146144343756 0.0194852518851 -0.00397243644985
-0.0150984156912 0.0196265205821 -0.00666883887736
0.00681275833954 -0.0085051904613 0.0252893117742
0.0078555431839 -0.00857706361389 0.0256548900836
0.00892533584769 -0.00840787697101 0.0262317601194
0.010002611958 -0.00805076347595 0.0270584859547
0.0110993602892 -0.00749143477954 0.0281172386767
0.0122358110845 -0.00670830979421 0.0293710594145
0.013344202918 -0.00576948643717 0.0309256328823
0.0144520621206 -0.00465287661893 0.0327504429746
0.0155463387655 -0.00345723208179 0.0349757440141
0.0167230705603 -0.00179725099088 0.037072363119
0.0038419807054 -0.00622134717228 0.0266942041249
0.0037675558222 -0.00560844557925 0.0274321905322
0.00398967918469 -0.00502103819725 0.0283302631857
0.00450230855231 -0.00426119012517 0.0292615087927
0.00526619398139 -0.00345762271334 0.0303313076849
0.00628059698759 -0.00256389484909 0.0314977194685
0.00757196664312 -0.00175937399642 0.0328726559142
0.00914604851197 -0.00103529523123 0.0344577378227
0.0109791403179 -0.000490946561196 0.0363965657521
0.0130872893959 0.000309450537737 0.0382412623774
0.0126684988482 -0.0015993218862 0.0330759480798
0.0126792674315 -0.00197334903209 0.0338520322937
0.0129271577735 -0.00205550962506 0.0346822815103
0.0132942936164 -0.00189224314096 0.0353932360055
0.0136759311735 -0.0016591064103 0.0360359335977
0.0141130890127 -0.00130746274461 0.0366213994623
0.0146102648672 -0.000847512106593 0.0371736088425
0.0151793289292 -0.000224878592743 0.0376373851835
0.0158126820265 0.000516041633033 0.0380626695981
0.016520627807 0.00132512095667 0.0385354950978
0.0217839529713 -0.0069380571631 0.0117894880302
0.0226126195652 -0.00744470157032 0.0100672233186
0.023432102955 -0.00784378531129 0.00840332901742
0.0244177028145 -0.00784426303448 0.00684605896072
0.0250757155651 -0.00786214351407 0.00520388889204
0.0255239165156 -0.00782229601214 0.00352502642495
0.0257520778087 -0.00776111230015 0.00181086237571
0.0257052102849 -0.00777237456644 5.5136493431e-05
0.0255702064546 -0.00757785435876 -0.00170022922631
0.0253270009676 -0.00721450270476 -0.00346579738904
0.0253270009676 -0.00721450270476 -0.00346579738904
0.0250640519251 -0.00664193974369 -0.00495316599228
0.0248424969543 -0.00601040975377 -0.00631244824606
0.0244480657694 -0.00550780576929 -0.00757432775101
0.024163781289 -0.00489689640501 -0.00869938853248
0.0238472547864 -0.00429749903498 -0.00970847422148
0.0234180261817 -0.00375068495105 -0.0105991116783
0.0230325961333 -0.0031649394117 -0.011366068997
0.0226865944722 -0.00254758888106 -0.0120219361167
0.0223070784701 -0.00193646816432 -0.0125642988352
-0.00367853510036 0.0121472779194 0.0218782694646
-0.00534622892913 0.0134407182453 0.0207110676305
-0.0067143208615 0.0149631241285 0.0197488447715
-0.00774589784914 0.0167419565729 0.0188296669343
-0.00889818306567 0.0177614761725 0.0175058824078
-0.00990334466815 0.018627705888 0.0160958878391
-0.0107583439493 0.0193411822403 0.0145895992171
-0.0114159386011 0.0200072419095 0.0130023483044
-0.0118841805171 0.0206182635641 0.0113257516123
-0.0121880673532 0.0211305639031 0.00955451683228
-0.0121880673532 0.0211305639031 0.00955451683228
-0.0123509012219 0.0214470783002 0.00864167513818
-0.0124490718076 0.0216981391781 0.00770334215336
-0.0124536131385 0.0219707263269 0.00676715472355
-0.0123738721766 0.0222403858774 0.00582590527187
-0.0122205133818 0.0224725261507 0.00486732207826
-0.0120023699139 0.0226372348298 0.00388440199921
-0.011726475171 0.0227141233522 0.00288073827977
-0.0113263322488 0.0229132347679 0.00188896999815
-0.0108661881227 0.0230298120927 0.000872590368671
0.00732744282258 0.0135752478027 -0.0190597109214
0.00822678621672 0.0137434020906 -0.018377155655
0.00906840931817 0.0144028616157 -0.0177404940149
0.00963242364058 0.0149891883149 -0.0170573493265
0.0097544338926 0.0152076240821 -0.0163023674577
0.00958136602253 0.0153610302481 -0.0155133557452
0.0092220332848 0.0156137663389 -0.014678317092
0.00849026024814 0.0156618435985 -0.0137981010113
0.00715764543491 0.0152169064305 -0.0129724739631
0.00596578740641 0.0152982070615 -0.0119734667743
0.000977112569576 0.0184443117917 -0.016209338809
0.00167440688431 0.0193351792811 -0.0154296214991
0.00235307619605 0.0199482875925 -0.014689214823
0.00279901346693 0.0199405774348 -0.0139322730148
0.00329511584486 0.019754582756 -0.0133383692214
0.00385747750162 0.0194172140958 -0.0128664115519
0.00442340631962 0.0188286097497 -0.0124891341057
0.0046870613159 0.0175474363329 -0.0122892632066
0.00346959434332 0.0140309538037 -0.0128101452991
0.00596578740641 0.0152982070615 -0.0119734667743
0.0102396931334 -0.0111478919072 0.0155067498641
0.00874304174455 -0.0101004474691 0.0168556125352
0.00624405489331 -0.00955874174864 0.017384694999
0.00375105966354 -0.00992910570279 0.0184461699017
0.0018928727911 -0.00992186301358 0.0195756271684
0.000509501751283 -0.00910296371611 0.0202305611959
-0.000316672054782 -0.00705508660838 0.0200671102741
-0.000572857532749 -0.0048227278584 0.0200035790452
-0.000900363924591 -0.00338608661413 0.020418488406
-0.00190712206261 -0.00207619885959 0.0202194557316
0.00681275833954 -0.0085051904613 0.0252893117742
0.00639156863878 -0.00829454270527 0.0253805540667
0.00596670243655 -0.00815843862995 0.0255442409592
0.00555501685295 -0.00803840391899 0.025739635879
0.00518456294422 -0.00784887053769 0.0259136660498
0.00484918478093 -0.00760949699278 0.0260793155444
0.00459030536467 -0.0072204372734 0.0261632025381
0.00434561208841 -0.00684776636276 0.0262759954853
0.00408826713139 -0.00653821867606 0.0264662812332
0.0038419807054 -0.00622134717228 0.0266942041249
0.00112824444868 -0.00974318927246 0.020066069893
0.00154858384977 -0.00949004536209 0.0205379116277
0.00197587058005 -0.00922744607983 0.0210473752142
0.0023986717544 -0.00900506538718 0.0216227511569
0.00282422744114 -0.00878788975475 0.0222424870311
0.0032512294987 -0.00858074453712 0.0229097188682
0.00367361645038 -0.00840244935418 0.0236350028422
0.0041085751683 -0.00819697790812 0.0243902557096
0.00454687877436 -0.00799614862435 0.0251920221354
0.00501234880219 -0.00773570611856 0.0259977403378
0.008916315571 -0.00903837277534 0.0202042599421
0.00729539597952 -0.00893443380021 0.0206944760531
0.00583826675953 -0.00913417358172 0.0212569699633
0.00459046520584 -0.0090511537508 0.0217695092653
0.00351770285601 -0.00884738453354 0.0222997803621
0.00263664650625 -0.00833101198635 0.0227669625535
0.00210464241494 -0.00723147472866 0.0229896659785
0.00167332963815 -0.00616629175779 0.023320073429
0.00144996535321 -0.00484567606834 0.0235967671994
0.00121763089167 -0.00335628494959 0.0239144411667
0.00137260468419 -0.0107902756747 0.0145179030055
0.000191295658591 -0.0116929713676 0.0170175742117
-0.000918937151796 -0.0112318273545 0.0180300231699
-0.0019521574361 -0.010101348835 0.0180333775279
-0.00236469791316 -0.00771470635947 0.0161330178409
2.99985108105e-05 -0.0119129829417 0.0138377807619
-0.00108123302908 -0.0127226322421 0.0158629278037
-0.00205643772908 -0.01225240231 0.0166397153342
-0.00291517332204 -0.0114591070996 0.0168294693929
-0.00354162333796 -0.0095286020877 0.0157737730079
-0.00115593494495 -0.0131469678187 0.0130125524362
-0.00207908519016 -0.0136017420555 0.0146134164743
-0.00307787047013 -0.0130163452461 0.0153119104073
-0.0039865605123 -0.0122584656817 0.0155761857837
-0.0046514654655 -0.0109011588247 0.0149701420886
-0.0018788194601 -0.0149373618667 0.0114261320966
-0.0026601917171 -0.0145536107468 0.0132446568092
-0.00402954210004 -0.0137551925235 0.014243374069
-0.00541556778484 -0.0125881593846 0.0145031317338
-0.00673216647587 -0.0113812847177 0.0137550923973
-0.000792141425777 -0.0177350032182 0.00993530075444
-0.00262088083343 -0.015713439216 0.0115051022135
-0.00487766494858 -0.0143403960344 0.013323084513
-0.00722800377544 -0.0123688485075 0.0135099029979
-0.00987821836893 -0.010663776484 0.0133552076979
0.0217839529713 -0.0069380571631 0.0117894880302
0.0209018111455 -0.00536445774077 0.0132401760423
0.020805802048 -0.00387169362718 0.0150540770024
0.0209329155411 -0.00277303978301 0.0169629756084
0.0210913572628 -0.00190976083711 0.018875077772
0.0211568501973 -0.00108383330792 0.0207937009265
0.0213675859733 -0.000491831351845 0.022809408012
0.0219781416989 -0.000300897924193 0.0248735652728
0.0226149367983 -0.000216186503851 0.0269892653113
0.0207764436896 -0.00795327080312 0.0127658863505
0.020208475758 -0.00649772186425 0.0142097993343
0.0199569351753 -0.00521105119275 0.0158248247062
0.0198917467895 -0.00414507537118 0.0175168142751
0.0198492993652 -0.00317365475345 0.0192230225922
0.0199128380654 -0.00236289537903 0.0210175296358
0.0202745136604 -0.00193225028537 0.0229169996414
0.0207557750752 -0.0017196154483 0.0248793771298
0.0216430592771 -0.00189322135538 0.0267954195552
0.0192030167668 -0.00891675090469 0.0133294228364
0.0188637061201 -0.0075037143735 0.0148280450617
0.018643702437 -0.00628185323985 0.0163522262558
0.018593201304 -0.00528414353521 0.0179402925869
0.0185622997466 -0.00436178579653 0.0195289584419
0.018627995748 -0.00358454367819 0.0212046291462
0.0190615124276 -0.00329093496007 0.0229836244761
0.0196122430271 -0.00319558391845 0.0247919012713
0.0203764159059 -0.00337908205706 0.026600082242
0.0176270590625 -0.00962998008694 0.013761945135
0.0173766949989 -0.00830376004716 0.0152664438768
0.0172312115585 -0.00719193933844 0.016768113077
0.0171748674519 -0.00625384007219 0.0182678513983
0.0171967026795 -0.00545348983694 0.0197858553034
0.0172614805435 -0.0047339279889 0.0213515293531
0.0176812856542 -0.00453946236372 0.0230142336827
0.0181947848988 -0.00451112147069 0.0246918201327
0.0188244656342 -0.00467672435796 0.0263987026056
0.0161913238358 -0.0102281843799 0.0142605877394
0.0159574778665 -0.00902683929405 0.0157073539047
0.0158301287745 -0.00804444073747 0.0171548645952
0.0157095180968 -0.00711589349294 0.0185354224238
0.0157057651449 -0.0063843721964 0.0199738931097
0.0158356210803 -0.00588689286276 0.0214715144264
0.016151672765 -0.00572420709147 0.0230157240563
0.0165695797519 -0.00574878135449 0.0245724644107
0.0170134301257 -0.00582890105761 0.0261793415863
0.0148319295127 -0.0108830690639 0.0148842422189
0.0145812880257 -0.00979308314 0.0161887706881
0.0144097922062 -0.00888177380244 0.0175092015552
0.0142115873274 -0.00791127026581 0.0187589066085
0.0141554861967 -0.00725398615643 0.0201225273585
0.0143308090428 -0.00712637136347 0.0215885535558
0.0145262015562 -0.00704702012779 0.023022472723
0.014761267545 -0.00705488596855 0.0244626991559
0.0149837440408 -0.00700493294549 0.0259452518192
0.0132413979931 -0.0116424598519 0.0154165889159
0.0130652726756 -0.0106112558367 0.0165769184588
0.0128788515228 -0.00965432588652 0.0177585946442
0.0126731429551 -0.0087215061806 0.0189513714898
0.0125727709991 -0.00825846534567 0.0202766507728
0.0126162298384 -0.00832325197549 0.0216985426717
0.0126543005472 -0.00840679730852 0.0230912710209
0.0126420188431 -0.00835653355277 0.0244520526385
0.0126140533829 -0.00821721041069 0.0258140801978
0.0112460279492 -0.0119729199239 0.015391453638
0.0112674871528 -0.011137922964 0.0166232697858
0.0111965725746 -0.0101803608365 0.0178257926686
0.0110057664118 -0.00935718948286 0.0190350079618
0.0107876327115 -0.00898457105052 0.0203241791845
0.0105828002829 -0.00891776899055 0.0216818244359
0.0103374399982 -0.00876898075278 0.0230183149313
0.0100574706375 -0.00856679930036 0.0243264896443
0.00978686349189 -0.00830691819122 0.0255856981591
0.0102396931334 -0.0111478919072 0.0155067498641
0.00983819965711 -0.0106633410226 0.0165945728258
0.00963970821056 -0.00998781084 0.0178013080487
0.00931755735794 -0.00943231621753 0.0189946360253
0.008916315571 -0.00903837277534 0.0202042599421
0.00845933608204 -0.00885209061014 0.0214664335164
0.0079509541759 -0.0087560279653 0.0227692712187
0.00736682499229 -0.00880709660701 0.024143688438
0.00681275833954 -0.0085051904613 0.0252893117742
-0.00367853510036 0.0121472779194 0.0218782694646
-0.00126462978595 0.0112344586052 0.0226440448512
0.000938756703893 0.0108251747001 0.0239780809865
0.00286988719956 0.0104539938527 0.0252906066224
0.00466405898066 0.010166372023 0.0265006323842
0.00617680647471 0.0100698134917 0.0278809607508
0.00740184239777 0.010237772042 0.0294245571654
0.00852290198702 0.0106586183049 0.030919728755
0.00969999890729 0.010519575316 0.0320699637957
-0.00369500236482 0.0103863356094 0.0227177363612
-0.00154864181877 0.00969480939485 0.0234962884029
0.000442122511827 0.0091181912036 0.0243376331693
0.00221054472912 0.00868350277408 0.0253571862729
0.00382527747082 0.00832762016623 0.0264073716184
0.00510855705767 0.00812038630322 0.027698800667
0.00602885546688 0.00811783917549 0.0292030418286
0.00675174513973 0.00833324725114 0.0307513883418
0.00740378933323 0.00874465050352 0.0322633953294
-0.00369343735473 0.00835942256259 0.022867279127
-0.00169908049474 0.00784503128886 0.0236028139778
9.61330669937e-05 0.0073572741624 0.0243781164927
0.00164480866926 0.00693911672929 0.0253239263263
0.00308910450244 0.00653674524639 0.0262645647757
0.00423204504109 0.00621566924914 0.0274291310027
0.00500085724413 0.00601282417493 0.0288201730614
0.00550960682109 0.00592735485706 0.0303236027324
0.00587348482129 0.00593636809976 0.0318772526502
-0.00354739020104 0.00646852714226 0.0228070872863
-0.00176737786768 0.00605818236009 0.0235695608185
-0.000158509680782 0.00562492030154 0.0242844078528
0.00119863658416 0.00521463008936 0.0251668932081
0.0024619009911 0.00478817474127 0.0260585233088
0.00346995444508 0.00438569161088 0.0271351103537
0.00414031202644 0.00403027622681 0.0284192614821
0.00460789229524 0.00369446309319 0.0298107147749
0.00487726743995 0.00338154168934 0.0313154938189
-0.00339578846442 0.00469578699913 0.0228402043147
-0.00186017108498 0.00433494544569 0.0235517157182
-0.000440656687066 0.00394355368522 0.0242040051701
0.0009097925197 0.00351318970992 0.02486826583
0.00199425434706 0.00307159862418 0.0257503006703
0.00273985581702 0.00263072344802 0.0268499207705
0.00329964730989 0.00216833166241 0.0280480751122
0.00379341980552 0.00166534978766 0.0292977296304
0.0042468102181 0.00111612383473 0.0306049539182
-0.00344701784323 0.00288002718218 0.0229767383423
-0.00206417576213 0.00260164746416 0.0234997052343
-0.000728848966576 0.00226653584404 0.0240306363337
0.000816709696149 0.00185518862174 0.024431157704
0.00144003665619 0.00141016682 0.0255080706923
0.00188190813096 0.000917081308433 0.0266460526957
0.00235228080714 0.000356420377981 0.0277590440656
0.00296219009007 -0.000265408579773 0.028821397197
0.00361666398426 -0.000915287131508 0.0298851263465
-0.00366765858702 0.000900390746948 0.022686479518
-0.00237436783145 0.000787199801727 0.0231986658863
-0.0011052628293 0.000553910900903 0.0237537992377
7.53317255817e-05 0.000204095051772 0.0243853296429
0.000878505873629 -0.000261543012747 0.0252379742246
0.00148824410183 -0.000817413200649 0.0261940869568
0.00208148962052 -0.00145162487603 0.0271589551057
0.00277416732339 -0.00212559665202 0.0280589989322
0.00361095010022 -0.00274732982394 0.0288271039993
-0.00316523004064 -0.000834766896442 0.0214098981384
-0.00213599044057 -0.000926744331942 0.0222570732012
-0.000856191336907 -0.00106892571267 0.0229883939188
0.000243879693998 -0.00138420342778 0.0237341999793
0.000964524489708 -0.0018677690111 0.0246051660583
0.00157345040195 -0.00245783374771 0.0255102284682
0.00222510224731 -0.00311961719466 0.0263615601996
0.00294075166617 -0.00380521437699 0.0271066322752
0.00355556908996 -0.00451698321526 0.0278200295662
-0.00190712206261 -0.00207619885959 0.0202194557316
-0.00133127207233 -0.00236161601446 0.0212146714974
-0.000337169083608 -0.00253855097254 0.0221877817792
0.000555484557205 -0.00286293180327 0.0230569766506
0.00121763015516 -0.0033562844887 0.023914439947
0.0017944282483 -0.00398011805078 0.0247697272749
0.00240631169374 -0.00470590584352 0.0255691142289
0.0030283773232 -0.00555669899868 0.0263198315188
0.0038419807054 -0.00622134717228 0.0266942041249
0.0151772812386 0.00600447029563 0.0112060799705
0.0120556838384 0.00534276987484 0.0118078274386
0.00992207944727 0.00666342432712 0.0122096153626
0.00823785875555 0.0081561120104 0.0130989820183
0.00817419182233 0.0109072550005 0.0136633498538
0.0154018644162 0.00461793991073 0.0149546228917
0.0128019277876 0.00401665795219 0.015762390933
0.0107571801471 0.00516677869356 0.0166216521769
0.0089952750677 0.00656555335066 0.0172351556795
0.00818246382687 0.00895459476063 0.0176436717602
0.0162704993575 0.00290835469636 0.0191329608496
0.0133705515127 0.0021936015015 0.019778897648
0.0112763063425 0.0036012022167 0.0208281569157
0.00938542919262 0.00496584380675 0.0214704077317
0.00868458426826 0.00730418467195 0.0220282695581
0.0169976000541 0.00153990011222 0.0241180176232
0.013776731556 0.000432271508827 0.0240322281519
0.011772394577 0.0022490338355 0.0247913106351
0.00965116727992 0.00335904252803 0.0256291750996
0.00974918242891 0.00588953100539 0.0268037241559
0.0172481843019 0.00127548690588 0.0299619267936
0.0145842089988 0.00134426591107 0.0288049154593
0.0128730032421 0.00192019723049 0.0287116086373
0.0122203489215 0.00309153862552 0.0296432344972
0.0123118457741 0.0046061894078 0.0317138128801
0.00813764297925 0.0124828970521 -0.013434785908
0.00752377926012 0.0142591211328 -0.0125821779496
0.00596578736984 0.0152982070834 -0.0119734667611
0.00437058570162 0.016317129408 -0.011228635814
0.00217338470195 0.0164416761408 -0.0108405413418
0.00751817391045 0.0121183360449 -0.0101996717352
0.00693672259638 0.0129004113266 -0.010103688249
0.00630323857725 0.0141318822566 -0.00970735663535
0.00495874870804 0.0145621809818 -0.00928491918836
0.00360896336258 0.0149199581114 -0.00878996526947
0.00853458832644 0.0119030177296 -0.00715616126706
0.00739453452063 0.0121517076946 -0.00728331868618
0.00635963262943 0.0125707994972 -0.00714735860694
0.00552550585424 0.0132849400882 -0.00673232601288
0.00489379789179 0.0142991110202 -0.00603367655699
0.00818139180779 0.0101340982139 -0.00437915718311
0.00751603398604 0.0109304079391 -0.00421436205827
0.00671888816992 0.0113873098767 -0.00396588043701
0.00595735446796 0.0119510060314 -0.00372493843375
0.00505200781647 0.0124999193155 -0.00338977086921
0.00759917661445 0.00764482177591 -0.0018289024395
0.00683866327037 0.00821488652335 -0.0013982204664
0.00602745311246 0.00881430948345 -0.00103476868242
0.00508454935108 0.00935433752515 -0.000830076290637
0.00418998673816 0.00999445457667 -0.000607210021708
0.0082794134366 0.00157115805304 -0.029080634919
-0.000239203680609 0.0041383903036 -0.0316556303171
-0.00700376886688 0.00789777441201 -0.03139564214
-0.0119070480994 0.0130467349139 -0.0269142745907
-0.0152100710168 0.0196259985656 -0.0190801398867
0.00861512086588 0.00533092272673 -0.0269613810688
0.000919388160615 0.00737842023545 -0.0295989565674
-0.00467432242796 0.010233889738 -0.0287489629446
-0.00844277267665 0.0144028226332 -0.0259236352769
-0.0104213836387 0.0195724272264 -0.0191609353193
0.00826652797128 0.00843764274348 -0.0241087898879
0.00191874585399 0.00989201595689 -0.026469895821
-0.00221004324733 0.0126756393109 -0.0271344985033
-0.00502054627938 0.0152743539661 -0.0239696906974
-0.0060442287353 0.0187459022064 -0.0183031483062
0.008042601812 0.011442816426 -0.0216819745695
0.00306023162744 0.0119773883291 -0.0236940017057
0.0001198372544 0.0141096066543 -0.024076989332
-0.00189715103954 0.0158303053508 -0.0216918016098
-0.00213027668252 0.0187775357508 -0.0175560332525
0.00732744282258 0.0135752478027 -0.0190597109214
0.00487301033042 0.0148303432314 -0.0211814889335
0.00305507156639 0.016189797921 -0.0214356732084
0.00170882438313 0.0173058391336 -0.0197481069644
0.000977112569576 0.0184443117917 -0.016209338809
0.0160991903365 -0.00301011104426 -0.0200334207036
0.0162363879562 -0.00371451023442 -0.0191285763434
0.0160601738439 -0.00428955361371 -0.0180385051023
0.0157341928732 -0.00477617550756 -0.0169108258185
0.0153820084267 -0.00524463719968 -0.0158159972823
0.0150375351076 -0.00572172511005 -0.0147647985435
0.0146212620463 -0.00612515893394 -0.0137557872314
0.0140862503078 -0.0063896701816 -0.0128133014806
0.0135265822728 -0.00660997916806 -0.0119478119471
0.0129874446887 -0.00684450530666 -0.0111480707323
0.0125133740364 -0.00715689855196 -0.0103893375267
0.0121311994639 -0.00758859872722 -0.00964494713231
0.011787660287 -0.00807735575335 -0.00892151794975
0.0114304602883 -0.00855876661906 -0.00823810111855
0.0110774542997 -0.00905336145166 -0.00758792680267
0.0108012221611 -0.00963950588973 -0.00693765077409
0.0105692402314 -0.0102680371748 -0.00630465426726
0.0100950297173 -0.0106461578009 -0.00582158071624
0.00959204009417 -0.0110174272988 -0.00538488229467
0.015568315283 -0.00256928604037 -0.0213481696275
0.0155102097785 -0.00336856071716 -0.0204889232616
0.0152641716136 -0.0040818763916 -0.0194885514291
0.01490315988 -0.0047150822451 -0.0184368304244
0.0145269582925 -0.00533297128567 -0.0174026409879
0.0141691169928 -0.00596748383577 -0.0163984327083
0.0137490924205 -0.00652892782236 -0.0154068166328
0.0132402317556 -0.00697020393811 -0.0144430201459
0.0127207362806 -0.00737707787552 -0.0135268593666
0.012193322146 -0.00775521605859 -0.0126580314292
0.0117132372643 -0.00818389617366 -0.0118262198651
0.0112823181817 -0.00867331216167 -0.0110194475148
0.0109032771059 -0.00923100573108 -0.0102278126277
0.0104888815814 -0.0097345468953 -0.00947131573163
0.0101192365519 -0.0102943088238 -0.00872764422541
0.00979539898997 -0.0109063605236 -0.00799472330652
0.00948020716378 -0.011513460966 -0.00728679383646
0.00900573241758 -0.0119026453633 -0.0066643136982
0.00846199503475 -0.0122081017854 -0.00609377173969
0.0151374686881 -0.00222839242474 -0.0227446585111
0.0148248160314 -0.00306679170917 -0.0218186677354
0.0144305005219 -0.00384613136255 -0.0208287700552
0.0139986369804 -0.00458262048023 -0.0198257629488
0.0135845364189 -0.00532495409971 -0.0188486256661
0.013185702528 -0.00607564185161 -0.0178909123239
0.0127553975068 -0.00677847169323 -0.0169330264048
0.0122619682131 -0.00738120894424 -0.0159756772957
0.0117339458664 -0.00791046740628 -0.0150388354984
0.0112296319058 -0.00844879338042 -0.0141344446641
0.0107356949102 -0.00898157682999 -0.0132557391457
0.0102790023075 -0.00955491047586 -0.0123985078264
0.00983853750088 -0.0101389550699 -0.0115578821039
0.0093996514781 -0.0107099514801 -0.0107337919786
0.00899106519488 -0.0113141691592 -0.00992187553659
0.00857564918496 -0.0118880978239 -0.009128016983
0.00816716067034 -0.0124515221344 -0.00835162778504
0.00768987875037 -0.012881723158 -0.00761023064586
0.00716353135033 -0.0132168346416 -0.00690042397051
0.0147476722915 -0.00198453530242 -0.0242604346749
0.0141388794721 -0.0028021685239 -0.0231386398301
0.0135366216877 -0.0035693270671 -0.0220563520109
0.0130232979664 -0.00437984654648 -0.021076500469
0.0125614440557 -0.00522121057205 -0.020146873654
0.0121138248248 -0.00606227719919 -0.0192301562609
0.0116408541405 -0.00685097745877 -0.0183016803843
0.0111365462203 -0.00756994375615 -0.0173653054188
0.0106208103368 -0.00824243111246 -0.0164357883236
0.0100969672523 -0.00887149045036 -0.0155163120494
0.00958804247709 -0.00949709220169 -0.0146132941741
0.00909984198263 -0.0101340121634 -0.0137243751632
0.00863187072028 -0.0107853862004 -0.012845838967
0.00817680251024 -0.0114393194598 -0.0119746306895
0.00771443681774 -0.0120553011194 -0.0111096062507
0.00723486344094 -0.0126105173956 -0.0102528485406
0.00677598993096 -0.0131799998338 -0.00940595345022
0.00629494916376 -0.013674263406 -0.00857078921427
0.00577052712663 -0.0140487819291 -0.00774979940365
0.0140364250327 -0.00158205152711 -0.0255233002605
0.0133932967595 -0.00254241049908 -0.0244322178007
0.012594887048 -0.00326847166745 -0.0231919224797
0.0119784654108 -0.00410615173065 -0.0221865520723
0.0114693570969 -0.00502948254529 -0.0212961720851
0.0109832338451 -0.00595690400347 -0.0204215096054
0.0104771721943 -0.00682842505502 -0.0195245094583
0.00994915383961 -0.00763276716815 -0.018608946156
0.00941300534286 -0.00838726930171 -0.0176883950326
0.00888302135854 -0.00911717762303 -0.0167723139089
0.00836718574693 -0.00984136045887 -0.0158632802737
0.00786346220553 -0.0105600887339 -0.0149580408809
0.00736503496868 -0.011261376668 -0.0140525825895
0.00686673431738 -0.0119340149821 -0.0131452250141
0.00635567971563 -0.0125451916689 -0.0122332701667
0.00584662413005 -0.0131289927381 -0.011322660487
0.00534973872118 -0.0137126505103 -0.0104165821933
0.00485230786472 -0.014263152831 -0.00951308537452
0.00430026784106 -0.0146261157135 -0.00860178585739
0.0130671003014 -0.0010264413001 -0.0264962184205
0.0124261064036 -0.00213065774862 -0.0254943160545
0.0115826072664 -0.00292521432208 -0.0242223019145
0.0108987669476 -0.0038048965601 -0.0231940302251
0.0103332220728 -0.00478084650207 -0.0223171063068
0.00981363594431 -0.00578719310708 -0.0214819400097
0.00928659091068 -0.00674783643193 -0.0206232806566
0.00874565258655 -0.00764614055895 -0.0197374411665
0.00820156531771 -0.00849797268487 -0.0188376316101
0.00766031937387 -0.00931513787049 -0.0179300583308
0.00711784227592 -0.0100886918903 -0.0170116396316
0.00658089042081 -0.0108356038306 -0.016088139903
0.0060433912358 -0.0115416021292 -0.0151552566973
0.00551001852935 -0.0122206385912 -0.0142169027735
0.00497138832982 -0.012845341176 -0.0132676117729
0.00443399850334 -0.0134354780589 -0.0123127204354
0.00390324759228 -0.0140130139311 -0.0113566637923
0.00336210940402 -0.0145174160336 -0.010390230124
0.0028013363582 -0.0149022965791 -0.00940811734219
0.0119652598942 -0.00039605051132 -0.0272772049525
0.0112985189931 -0.00159545531187 -0.0263275852428
0.0104772315167 -0.0025110872479 -0.0251129662061
0.00977488899411 -0.00347366984063 -0.0241060670195
0.00918920915646 -0.0045411229615 -0.0232726397955
0.00865399390703 -0.00565067205507 -0.0224914183459
0.00811129924114 -0.00670897877741 -0.0216738402143
0.00755320995028 -0.007692715816 -0.020812548703
0.0069844916413 -0.00860339436033 -0.0199174915009
0.00640886541958 -0.00944302958179 -0.0189957487456
0.00582971326625 -0.0102152585902 -0.0180528970796
0.00526165202098 -0.0109632466748 -0.0171068556777
0.00469809452504 -0.0116714080457 -0.0161499068476
0.00413538593388 -0.0123287045641 -0.0151784126323
0.00357930115994 -0.0129608672383 -0.0142000382578
0.0030246154827 -0.0135521698303 -0.013210029595
0.00246582356279 -0.0140768521962 -0.0122028222553
0.00190540327961 -0.0145457283896 -0.0111824889158
0.00134240984656 -0.0149519838585 -0.010148604144
0.0107690045171 0.000284305336737 -0.0278922983117
0.0100844624149 -0.00100016288683 -0.0270025333976
0.0093004258664 -0.00204871920881 -0.0258856324015
0.00861585284849 -0.00313897106991 -0.0249606715426
0.00803990451 -0.00434902744896 -0.0242224555616
0.0074874737312 -0.0055625414854 -0.0234929311175
0.00691880355092 -0.00669731231299 -0.0226986649309
0.00632837171918 -0.00772421773248 -0.0218342800906
0.00572049154553 -0.00863527953691 -0.0209108769793
0.00511037374865 -0.00946075477804 -0.0199566251606
0.00450411384161 -0.0102144702136 -0.0189820122717
0.00391231409814 -0.0109377776238 -0.0180056751448
0.00333309773447 -0.0116343804513 -0.0170251239447
0.00276060781269 -0.0122866898965 -0.016030891668
0.00219365009458 -0.0128949928152 -0.0150223220844
0.00163210851026 -0.0134694981786 -0.0140022317791
0.00106881208634 -0.013956354022 -0.0129539730472
0.000508547347454 -0.014397693753 -0.0118916091434
-4.99489765037e-05 -0.0148060117295 -0.0108188714605
0.00952648501552 0.000963859025926 -0.0284345575492
0.00881669210982 -0.000383389405942 -0.0275743965158
0.00807920555055 -0.0015836646564 -0.026604795963
0.0074295517711 -0.00284212379976 -0.0258241690085
0.00684670995298 -0.00417539073862 -0.0251659451218
0.00626588128244 -0.00546732815558 -0.0244656767751
0.00565751517019 -0.00662872801519 -0.02365445827
0.00503109971837 -0.00765728736118 -0.0227581191323
0.00439520289789 -0.00855473449659 -0.0217968438447
0.00376365847555 -0.00935337029712 -0.0208024144004
0.00314729035765 -0.0100947868447 -0.0198007326193
0.00254818336232 -0.010798393061 -0.018797988936
0.00196473372217 -0.0114715746941 -0.017792771764
0.00139365671952 -0.0121123286415 -0.0167800181899
0.000831899052923 -0.0127181879164 -0.0157559142328
0.000275307680822 -0.013255144552 -0.0147061542913
-0.00027593681138 -0.0137124145598 -0.0136278226487
-0.000821822794436 -0.0141413792556 -0.0125393321924
-0.00136680338336 -0.0145476147745 -0.0114416049061
0.00827941353906 0.00157115820845 -0.0290806348932
0.00752695843634 0.000193051406243 -0.0281624213966
0.00682544416689 -0.00116373395582 -0.0273595975909
0.00618550637367 -0.00256544755698 -0.0267004516376
0.00557085287968 -0.0039665026638 -0.0260627026482
0.0049488510606 -0.00528231491814 -0.0253411790928
0.00430755769841 -0.00644820369484 -0.0244963017021
0.00365747153057 -0.0074645778382 -0.023559055233
0.00301160379571 -0.00835664039339 -0.0225678603905
0.00237849281166 -0.00914855024853 -0.0215471948941
0.00176583554077 -0.00988454310734 -0.020525214484
0.00117240715018 -0.010568586988 -0.0194987891931
0.00059649096455 -0.0112002578407 -0.0184632434671
3.77780475277e-05 -0.011820017176 -0.0174342950694
-0.000508978185966 -0.0124254646477 -0.0164047533073
-0.00104680837706 -0.0129519118231 -0.0153435234308
-0.0015739072145 -0.0133854271873 -0.0142463548778
-0.00209560351619 -0.0137991069663 -0.0131424794514
-0.00261924634468 -0.01420327727 -0.0120337677957
0.00693866363956 0.00220742635279 -0.0296183449708
0.00620011673352 0.000715102809883 -0.0288268106844
0.00551450901523 -0.000790540816189 -0.0281862882285
0.00485407216256 -0.00228016664431 -0.0275718287645
0.0042029572933 -0.00371876292817 -0.0269160909068
0.00354330913968 -0.00502572656995 -0.0261346290014
0.00288095495867 -0.00618677402353 -0.0252465864425
0.00222404647919 -0.00720404434934 -0.0242790918679
0.00157892193763 -0.00807684785354 -0.0232476657264
0.000955390246869 -0.00885402537901 -0.0221978585121
0.000356702969511 -0.00957294295144 -0.0211525107298
-0.000219061034587 -0.010216996867 -0.0200947833377
-0.000772242189446 -0.0108278483897 -0.01904471343
-0.00130766144814 -0.0114367951477 -0.0180113573413
-0.00183152348802 -0.0120394557918 -0.0169842527403
-0.00234310444481 -0.0125689692455 -0.0159271954124
-0.00283780794536 -0.0129924705899 -0.0148266242085
-0.00332266229323 -0.0133674924738 -0.0137087569671
-0.00381039428445 -0.0137368799222 -0.0125895070646
0.00552279114462 0.00283823067059 -0.0301411639004
0.00478984793294 0.00123420557842 -0.0294974081385
0.0040957540614 -0.000384843044349 -0.0289776839773
0.00340809707356 -0.00193200377738 -0.0283710348468
0.00272513621282 -0.00338004190502 -0.0276639251232
0.00204649381846 -0.00469170625885 -0.0268393638885
0.00137573993147 -0.00583326570183 -0.0258932989247
0.000723035147747 -0.00683124430585 -0.0248806637289
9.37701233029e-05 -0.00769096387629 -0.023818293494
-0.000507295231662 -0.00846193654213 -0.0227508392511
-0.001079604331 -0.00914641194019 -0.0216749984071
-0.00162296976368 -0.0097552909919 -0.020593764435
-0.00214282831337 -0.0103538840388 -0.0195413602331
-0.00264638059261 -0.0109561929732 -0.0185140739862
-0.00314017001688 -0.0115576432484 -0.0174994779533
-0.00362115878086 -0.012100913777 -0.0164624349256
-0.00408063018563 -0.0125364327025 -0.0153792489005
-0.00451784946586 -0.0128740307675 -0.0142571567489
-0.00495378272218 -0.0131913710072 -0.0131306071284
0.00402693875668 0.00344346239163 -0.0307448733211
0.00327285263485 0.00178810548931 -0.0301080977534
0.00255012462473 0.000125875741167 -0.0295989574011
0.00183908396901 -0.00145694480312 -0.028991287559
0.00113914289455 -0.00291259770087 -0.0282459152955
0.000454995664418 -0.00420989547572 -0.027366434974
-0.000206505214717 -0.00533555803657 -0.0263763054279
-0.000839209590008 -0.00632245958322 -0.0253357414515
-0.00143936306823 -0.00717572223365 -0.0242572991389
-0.00200608248504 -0.00793264811279 -0.0231750376608
-0.00254269625516 -0.00863633904777 -0.0221157170382
-0.00304444939707 -0.0092370867494 -0.0210341602476
-0.00352156984877 -0.00981331702679 -0.0199790345104
-0.00398563114025 -0.0104038273873 -0.01896224169
-0.00444037246669 -0.0109890978174 -0.0179604567077
-0.00488699721024 -0.0115460707972 -0.0169541928808
-0.00530895104308 -0.0119993841817 -0.0159028289861
-0.00570070189456 -0.0123394625757 -0.0148048107364
-0.00607883781949 -0.0126204002545 -0.013687052971
0.00241630373348 0.00409447983335 -0.03122996801
0.00164445732298 0.00238882046259 -0.0306356723177
0.000895207116182 0.000741403883431 -0.0300266116311
0.000167406781409 -0.000835696146302 -0.0293738267276
-0.000536969463057 -0.00229541594309 -0.0286119672673
-0.00121254235575 -0.00360235447031 -0.027727561522
-0.00185237043438 -0.00473285893366 -0.0267286842519
-0.00245544601515 -0.00572799589578 -0.0256884945486
-0.00301457700995 -0.00656075615667 -0.0245874225017
-0.00353249370497 -0.00728100972258 -0.0234786790174
-0.00402727055966 -0.00799728335302 -0.0224429545865
-0.00448659649923 -0.00862893762325 -0.0213994322356
-0.00491681342041 -0.00920609096069 -0.0203643285341
-0.00533428208007 -0.00978392223137 -0.0193646991525
-0.0057450746396 -0.0103605605365 -0.0183875532528
-0.00614788170792 -0.0109097133269 -0.0174098511957
-0.00653282195412 -0.0113888025017 -0.0164055778174
-0.00688092134177 -0.0117470297547 -0.0153503627598
-0.00720514859164 -0.0120220408679 -0.0142654662831
0.000700683918719 0.00480652303393 -0.0315059521499
-9.67751989097e-05 0.00303095510517 -0.031102795518
-0.000850912583436 0.00143328637441 -0.0302991030842
-0.00158204449802 -0.000118717700104 -0.0295815436154
-0.00228007656329 -0.00156156301874 -0.028790085101
-0.00293965034598 -0.00287141978153 -0.0279128328493
-0.0035521719658 -0.0040163817184 -0.0269345653915
-0.00411532183257 -0.00500306870243 -0.0258901431284
-0.00462283435793 -0.00582267165322 -0.0247852396235
-0.0050810020762 -0.00651968705632 -0.0236711759979
-0.00552614922925 -0.00723544917101 -0.0226600895866
-0.00594413588335 -0.00790569372524 -0.0216736885087
-0.00633466795672 -0.00852424430106 -0.0206970392106
-0.00670760293567 -0.00911433652841 -0.0197381357278
-0.0070695937971 -0.009682853946 -0.0187929578044
-0.00741766303641 -0.010209430879 -0.0178431755935
-0.00774309201887 -0.0106649112741 -0.0168701358478
-0.00804643926223 -0.0110462908228 -0.0158724191207
-0.0083321216152 -0.0113577573958 -0.0148523592803
-0.001099621026 0.0055597667355 -0.0315922031159
-0.00193754178637 0.00376376612282 -0.0313374927913
-0.00268390199169 0.00217272000119 -0.0304753155131
-0.00339974859365 0.000664647428179 -0.0296568751727
-0.00408124036089 -0.000754384507688 -0.0288379965529
-0.00471222483182 -0.00203735923543 -0.0279387181068
-0.00528676054534 -0.00316862465493 -0.0269637042938
-0.00579801980673 -0.00413425588004 -0.025917946968
-0.00624537916033 -0.0049426206117 -0.0248277050864
-0.0066481478831 -0.00565860279724 -0.0237616382258
-0.00704467542239 -0.00638880588754 -0.0227986630375
-0.00742225791851 -0.00709256360104 -0.0218768701829
-0.00776713718975 -0.00773131212563 -0.0209547310188
-0.00808984632102 -0.0083273363054 -0.0200428174077
-0.00840330262714 -0.00890218519507 -0.0191482641375
-0.00869177507099 -0.00941390004987 -0.0182397890585
-0.00895763132629 -0.0098622693871 -0.0173162293722
-0.00920799862366 -0.0102541609783 -0.0163803104009
-0.00945164956895 -0.0105956288911 -0.0154338093563
-0.00298971837718 0.00632086093209 -0.0316484603592
-0.00385056805858 0.00456892516294 -0.0313351970097
-0.00461083386997 0.00294881063086 -0.030590840182
-0.00528383017738 0.00149981026815 -0.0296242879445
-0.00593152832078 0.000125705948396 -0.0287493440601
-0.00652319439069 -0.00112329628018 -0.0278316629524
-0.00704698302509 -0.00222307911475 -0.0268505312375
-0.00751003880769 -0.00319064982201 -0.0258461523472
-0.00791179355873 -0.00403005467403 -0.0248266750582
-0.00826892555106 -0.00478232495957 -0.0238325640394
-0.00860706970649 -0.00550456868679 -0.0229028384711
-0.0089224530175 -0.00618913726931 -0.022011036768
-0.00921104834524 -0.00682649854808 -0.0211375490309
-0.00947552078204 -0.0074191084194 -0.0202765573211
-0.009726384894 -0.00798139475566 -0.019431235596
-0.00996865986636 -0.00851427616244 -0.0185959063462
-0.010182450558 -0.0089770949771 -0.0177435369369
-0.0103759484202 -0.00937757023232 -0.0168783701239
-0.010570496539 -0.00973824394629 -0.0160108388754
-0.00497611166693 0.00709848212188 -0.0316607177014
-0.00587660150185 0.00537934370809 -0.0313861981727
-0.00667963402101 0.00372892650627 -0.0307942822993
-0.00730388655696 0.00230069991317 -0.0297187255284
-0.00784152981291 0.00104598477388 -0.0285838362846
-0.00836676688815 -0.000139870022231 -0.0276036512198
-0.00885294303425 -0.00123739149739 -0.0266738735891
-0.00927855968326 -0.0022203864418 -0.0257376245218
-0.0096477220131 -0.00309880843669 -0.0248058510406
-0.00996532820275 -0.00388472402312 -0.0238867582397
-0.0102275395499 -0.00457597686202 -0.0229724794615
-0.0104738480064 -0.00523948553573 -0.0221139567997
-0.0106944152085 -0.00585983001231 -0.0212834550327
-0.0108989194536 -0.00645046565788 -0.0204814158633
-0.011077268062 -0.00699246668437 -0.0196874606796
-0.0112467831857 -0.00750637106141 -0.0189098632324
-0.0114003993591 -0.00797465859233 -0.0181337501386
-0.0115505518962 -0.00840538441752 -0.0173609162081
-0.0117127669871 -0.00880572848296 -0.0165921542443
-0.00700376886688 0.00789777441201 -0.03139564214
-0.00779624545053 0.00629787469854 -0.0306763022199
-0.00860716929107 0.00473307071874 -0.0301469202168
-0.00941639679531 0.00317843371201 -0.0296890160871
-0.0100868485272 0.00175154595468 -0.0289604262483
-0.0106211186231 0.000495417769839 -0.028044000208
-0.0110784734469 -0.000632849784286 -0.0271037454988
-0.0114700400293 -0.00164606757196 -0.0261673706584
-0.0118403676635 -0.00260371726028 -0.0253024057464
-0.0121189218236 -0.00342128607002 -0.0243970997634
-0.0123067044017 -0.00410086899677 -0.0234661100577
-0.0124693047038 -0.00473181602027 -0.0225905669957
-0.012594547742 -0.00530148701066 -0.0217459985906
-0.0126854213871 -0.00581534928319 -0.020928156003
-0.0127689566243 -0.00630707339704 -0.0201515726358
-0.0128434101586 -0.00677027378351 -0.0194028062665
-0.0129049131936 -0.00719428075371 -0.0186694908323
-0.0129619980626 -0.00758104191691 -0.017948600875
-0.0130028843169 -0.0079080080745 -0.0172261552048
-0.0150984156912 0.0196265205821 -0.00666883887736
-0.0151466187913 0.0191587404143 -0.00602238591604
-0.0150789309689 0.0185495543847 -0.00541554929917
-0.0149518092024 0.0178864878946 -0.00483898610442
-0.0148360944217 0.0172261407676 -0.00425966888984
-0.0147532284198 0.0165727649482 -0.00366123146657
-0.0146885048283 0.0159123311012 -0.00304846708265
-0.0145662008799 0.0152170108344 -0.00247453056287
-0.0143848135729 0.0144950228344 -0.00194844378245
-0.0141620719787 0.0137558310183 -0.00146354817531
-0.0139332489651 0.0130077418903 -0.000994567467806
-0.013770442989 0.012263118237 -0.000474676994547
-0.0136664124174 0.0115166701563 9.94872976635e-05
-0.0135953074931 0.0107631024451 0.000711160337658
-0.0134755844361 0.00998458894305 0.00127527211811
-0.0133641450874 0.00919479953618 0.00185127232341
-0.0132699169216 0.00839928522447 0.00245388193918
-0.0131752998325 0.00759630396138 0.00306527148106
-0.0130093842758 0.00674940218317 0.00357913215414
-0.0152818254281 0.0199593894153 -0.00809519904003
-0.0154362869981 0.01934640351 -0.0074916611542
-0.0154386887607 0.0185825215482 -0.00690166553924
-0.0154110972754 0.0178023928878 -0.00630797195696
-0.0154276074928 0.0170496709015 -0.00568078172967
-0.0154605919796 0.0162992104603 -0.00502517714928
-0.0154726491479 0.01553436315 -0.00435819406407
-0.0154015230253 0.014740624214 -0.00371894909553
-0.0152623000509 0.0139332568325 -0.00310773855797
-0.0151009244307 0.0131280524177 -0.00250039191709
-0.0149510322017 0.0123308902284 -0.00187357513242
-0.014829399894 0.0115421134769 -0.00121116115121
-0.0147025855815 0.010753614257 -0.000535343629376
-0.0145106028717 0.00995351420642 0.000102189687039
-0.0142717198152 0.00914284314901 0.000709780847283
-0.0141298598664 0.00835153776922 0.00142259768754
-0.0139915192757 0.00756303355599 0.00216142872304
-0.0138134755778 0.00676543390217 0.00288100110461
-0.0135443574074 0.00593077076938 0.00351230755388
-0.0155677790695 0.0203717805635 -0.0094394588922
-0.0158278470608 0.0195969082382 -0.00886469816776
-0.0157254092455 0.0185492441063 -0.00830645453064
-0.0157444493612 0.0176298198901 -0.00771638497568
-0.015869981592 0.01678267033 -0.00706892125854
-0.0160176570541 0.0159450387215 -0.00637484626752
-0.0161166579069 0.015090155777 -0.00566007582399
-0.0161001930625 0.0142089389859 -0.00496240527705
-0.0159925551714 0.0133223306199 -0.00428281077634
-0.015880841118 0.0124553597046 -0.00358114588845
-0.0158042397607 0.0116125183915 -0.00283141375244
-0.0157095929991 0.0107813572148 -0.00206123165784
-0.0155160708016 0.00994911190731 -0.00132599506342
-0.0152166062909 0.00911453907558 -0.000640664896851
-0.0149270117515 0.00829321121996 7.27936398323e-05
-0.0147810785423 0.00750848894162 0.000926693786764
-0.0146072786871 0.00673279069365 0.00179485992351
-0.0143378748113 0.00594755458592 0.00261374128591
-0.0139507673538 0.0051320756992 0.00334787595242
-0.0158956378624 0.0207762911796 -0.0107945731759
-0.0162323869714 0.0198125570575 -0.0102339797848
-0.0160047854773 0.0184841991257 -0.00965115687764
-0.015947672913 0.0173656614819 -0.00907192453187
-0.0161702679826 0.0164300090316 -0.00842078173933
-0.0164064714795 0.0155056356267 -0.00771205733511
-0.016584122843 0.0145696337393 -0.00696620017198
-0.0166279328478 0.0136139488354 -0.00621911702815
-0.016562709165 0.012661018658 -0.00547648525662
-0.0164957178388 0.0117390440022 -0.00469928743093
-0.0164533383079 0.0108492893871 -0.00387099469912
-0.0163681759918 0.00997920223144 -0.00302199703245
-0.0161678207709 0.00912025309932 -0.00219575755778
-0.0158680654422 0.00827531575732 -0.0013921737199
-0.0155912016524 0.00745821414436 -0.000539988889123
-0.0153938790282 0.00667596241887 0.000404698895252
-0.0151673976145 0.0059142208884 0.00137506093925
-0.0148072713398 0.00515100024181 0.00229088138268
-0.0143154642393 0.00437170761383 0.003139291842
-0.0161607665296 0.0210615198923 -0.0121929082555
-0.0165754313364 0.0199247176467 -0.0116341789712
-0.016306323219 0.0183922304193 -0.0109790879916
-0.016082119262 0.0170405977767 -0.0103746679573
-0.0163410886417 0.0159984807227 -0.00973414033235
-0.0166460187245 0.0149912258773 -0.00902484334871
-0.0168813385797 0.0139787950928 -0.00826432785212
-0.016984667444 0.012959271839 -0.00748013341986
-0.0169870627857 0.0119548126315 -0.00667807112783
-0.0169726075135 0.0109865133271 -0.00583607553317
-0.0169675516466 0.0100565178644 -0.00494145465595
-0.0169151389553 0.00915624383191 -0.0040150135716
-0.016746968347 0.00828004435758 -0.00309128171349
-0.0164889998064 0.00743238204272 -0.00216512696328
-0.0162321261989 0.00662128063196 -0.00119235171599
-0.0159648830569 0.00584428616969 -0.000176200478308
-0.0156755750592 0.00509947169745 0.000878328939773
-0.0152597436044 0.0043706419082 0.00190557549948
-0.0146787664039 0.00363963405325 0.00287010891035
-0.016163444294 0.0210537319803 -0.013566067165
-0.0166715935838 0.019800703038 -0.0130299399848
-0.0163946832183 0.0181263913349 -0.0122988445052
-0.0161853117615 0.0166669642062 -0.0116452727255
-0.016438054943 0.0155100556712 -0.0110090724341
-0.0167805068081 0.0144180681481 -0.0103058812421
-0.0170636809868 0.0133356999209 -0.00953800430572
-0.0172567075034 0.0122664287881 -0.00871991458393
-0.0173492883351 0.0112193891817 -0.0078647463868
-0.0173906688094 0.010209575575 -0.00696775027793
-0.017404320237 0.00924150957011 -0.00602330303993
-0.0173704325247 0.00831363900227 -0.00503785582481
-0.0172447177911 0.00742393531142 -0.00403017741647
-0.0170381913734 0.00657500528903 -0.00300058353546
-0.0167759861729 0.00576853024893 -0.00194111015789
-0.0164719567434 0.00500438761043 -0.000846200518546
-0.0161254553074 0.00428118817647 0.000283810272961
-0.0156831583342 0.00359199134902 0.00142036776581
-0.0150818049904 0.00292258187766 0.00252387241014
-0.015932747088 0.0207954595819 -0.014865167889
-0.016485027049 0.0194327135229 -0.0143580632789
-0.0163032144477 0.0177151924293 -0.0135865255892
-0.0161735300382 0.0162011015902 -0.0128963665967
-0.0164618658725 0.0149614056349 -0.0122597585748
-0.0168667601635 0.0138011189671 -0.011561439248
-0.0172191144641 0.0126596972207 -0.0107859617112
-0.0175029743808 0.01154294299 -0.00994306979104
-0.0176841774031 0.0104547002707 -0.00904683379211
-0.017756980672 0.00940387540513 -0.00810915525143
-0.0177542529145 0.00840001288301 -0.00713068216126
-0.0177140128389 0.00744788854962 -0.0061041950602
-0.0176293321971 0.0065471915515 -0.00503140612857
-0.0174536986229 0.005696772747 -0.00392874584265
-0.0172035303426 0.00489802261393 -0.00279383776461
-0.0169025460878 0.00415121401057 -0.00161921544475
-0.0165504822719 0.00345538539569 -0.000405121334958
-0.0161055496118 0.00280719142381 0.000829774729154
-0.0155085351719 0.00219839696821 0.00205542178732
-0.0156279677587 0.0204248487799 -0.0161460126114
-0.016175917818 0.0189386443069 -0.0156390194522
-0.0160974453233 0.0171984038924 -0.0148447883773
-0.0161059859797 0.0156669469797 -0.01414200476
-0.0164555758228 0.0143624125933 -0.0135046326649
-0.0169564533429 0.0131469229205 -0.0128138076115
-0.0174085040587 0.0119540086556 -0.0120320249376
-0.0177493590489 0.0107838951717 -0.0111711104302
-0.0179571434919 0.00964847611394 -0.0102492559354
-0.0180348620136 0.00856018604817 -0.00928108269906
-0.0180097771484 0.00752841663271 -0.00827280593913
-0.0179664676346 0.00655870182301 -0.00721173411274
-0.0179041117298 0.00564920024923 -0.00609484290852
-0.0177513911749 0.00479931457211 -0.00493953546872
-0.0175231474334 0.00401012246889 -0.00374466251015
-0.0172343420666 0.00328150137938 -0.00250703404588
-0.0168958928438 0.0026128106528 -0.00122330731083
-0.0164939983373 0.00200340342094 0.000101754729536
-0.0159233328076 0.00145033712339 0.00142769452744
-0.0153874436622 0.02004128387 -0.0175295480609
-0.0158131325635 0.018360250256 -0.0169098493073
-0.0158092227298 0.0165915430954 -0.0160867183998
-0.0160064591157 0.0150675677916 -0.0154053231515
-0.0164995613906 0.0137267189162 -0.0147844364886
-0.0170975390525 0.012453046637 -0.0140997407872
-0.0176257641783 0.011201714342 -0.0133112193317
-0.0179831731004 0.00997489897986 -0.0124306963146
-0.0181434365777 0.00879203026065 -0.0114855824615
-0.0181909294502 0.00767312441104 -0.0104929991131
-0.0181535839426 0.00662343374021 -0.00945729266124
-0.0181117781845 0.00564311688169 -0.00836896005517
-0.0180550707816 0.00472922993852 -0.00722448899289
-0.0179512325551 0.00388167872265 -0.00602738558973
-0.0177495958123 0.00310329282996 -0.00478944552682
-0.0174695535142 0.0023938892529 -0.00350879583787
-0.017134112726 0.00175202559677 -0.00218035331325
-0.0167772891139 0.00117557767032 -0.000793970132353
-0.0163146089846 0.000668237385454 0.000626075396557
-0.0152100710168 0.0196259985656 -0.0190801398867
-0.015373321247 0.0176793594756 -0.0181708915291
-0.0155280492957 0.0159296680884 -0.0173700061445
-0.0159587698299 0.0144205419605 -0.0167445411186
-0.0165790097047 0.0130316369041 -0.0161372097376
-0.0172180567768 0.0116870628916 -0.0154437949634
-0.0177618635189 0.0103719395321 -0.0146407993801
-0.0180996981286 0.00909460924312 -0.0137364614986
-0.0182220119742 0.00787885084572 -0.0127630192126
-0.018234179641 0.00674118862118 -0.0117452066745
-0.0181969553644 0.00568273266949 -0.0106856877182
-0.0181674399615 0.00469810043877 -0.00957697411678
-0.0181313453509 0.00378386419302 -0.00841326633948
-0.0180533844235 0.00294098050614 -0.00719527142946
-0.0178780759166 0.00217485452803 -0.00593177685262
-0.0176056622684 0.00148659820667 -0.00462574308974
-0.017276879919 0.000872189046055 -0.00327076365331
-0.0169418413109 0.000326230765058 -0.00185517783075
-0.0165898059235 -0.000149512774848 -0.000379435669552
-0.0142652078378 0.0186056419873 -0.0199768073346
-0.0148833373512 0.0169067502019 -0.0194535922435
-0.015277343576 0.0152079558463 -0.0187467982733
-0.01591205109 0.0136905211741 -0.0181814877148
-0.0166060576313 0.0122388775198 -0.0175690339283
-0.0172612154762 0.0108259560005 -0.0168549142943
-0.0177746802688 0.00945258251156 -0.0160226840302
-0.018063091698 0.00813776395127 -0.0150855961174
-0.0181570697849 0.00690487240202 -0.0140822877049
-0.0181724300227 0.0057607033645 -0.0130411607952
-0.0181489669583 0.0047013586097 -0.0119630108571
-0.0181316083013 0.00371864256087 -0.0108422098555
-0.0181478360204 0.00280423631958 -0.00966907797569
-0.0180651458573 0.00197246910685 -0.00844599652382
-0.0178760077312 0.00122634070336 -0.00717748908944
-0.0176297223175 0.000559302948091 -0.00586042661496
-0.0173419810396 -3.13692391839e-05 -0.00449210663877
-0.0170335949787 -0.000549003339277 -0.00306815671134
-0.0167326087681 -0.000997056329159 -0.00158237619648
-0.0135744452748 0.0176998809619 -0.0211740290819
-0.0143995253386 0.0160619181756 -0.020832884839
-0.0150074553199 0.0143905837206 -0.0202272162434
-0.0157904004773 0.0128409713668 -0.0197081242985
-0.0165202076007 0.0113252692869 -0.0190732426314
-0.0171628520875 0.00985280117477 -0.0183238402431
-0.0176108198353 0.00843713370666 -0.0174441947529
-0.017853486783 0.00710449490856 -0.0164698149114
-0.0179212601401 0.00587151813199 -0.0154362244382
-0.0179641154292 0.00473076749435 -0.01438088145
-0.0179530223578 0.0036802401951 -0.0132918627327
-0.017945297118 0.00270789469969 -0.0121685845513
-0.0179620461519 0.00180473127332 -0.0110024646194
-0.0179013795125 0.000986752258391 -0.00978646787245
-0.0177240041343 0.000263086028111 -0.00852403113332
-0.0175132587119 -0.000382797312715 -0.00721376035229
-0.0173046623271 -0.000959127069061 -0.00585075535296
-0.0170619985111 -0.0014578560809 -0.00443565286798
-0.0167902119241 -0.00187882927504 -0.00296758133472
-0.0130729923925 0.016829151314 -0.02274077404
-0.013916081132 0.0151266236339 -0.0223500871145
-0.014720562194 0.0134608719574 -0.0218546100428
-0.0155811161846 0.0118562182896 -0.021339473311
-0.016281883637 0.0102780070216 -0.0206378705617
-0.0168439655342 0.00876162016874 -0.0198135508868
-0.0172203067425 0.0073299990591 -0.0188768853734
-0.0174210894542 0.00600289969153 -0.0178643777998
-0.0175075918523 0.00478404483641 -0.0168148209541
-0.0175675774016 0.00365946169951 -0.0157524641124
-0.0175884590164 0.00262531425922 -0.014664975029
-0.017575023847 0.00167660404651 -0.013546867256
-0.0175586261673 0.0008022850863 -0.0123956482001
-0.0175058024789 7.77842126773e-06 -0.0112022775413
-0.0173886598817 -0.000700182898157 -0.00996351770964
-0.0172158126919 -0.0013238800587 -0.00867964505194
-0.0170778403508 -0.00188903177717 -0.00734871783493
-0.0169398012151 -0.00238511885477 -0.00596720748568
-0.0167257868382 -0.00278872622125 -0.00453745263123
-0.0124736613078 0.0157991014172 -0.0243807598795
-0.0134287860146 0.0140797448673 -0.0240583164248
-0.014330332419 0.0123765783463 -0.0235918382582
-0.0151679401425 0.0107083361495 -0.0230003961217
-0.0158028871689 0.00909099546696 -0.0222010522146
-0.0163075463755 0.00756131470398 -0.0213065121602
-0.0166413666635 0.00613947837171 -0.0203182768417
-0.0168242711544 0.00483771409864 -0.0192725291693
-0.0169011490999 0.0036535744248 -0.018201322171
-0.0169570708115 0.00256448900182 -0.0171336374542
-0.0170076905242 0.00155789055565 -0.016060588682
-0.0169844745144 0.000648648281574 -0.0149553827893
-0.0169564421557 -0.000187378645599 -0.0138291294101
-0.0169217293448 -0.000953414073103 -0.0126733246699
-0.0168677410937 -0.00164716328402 -0.0114805745894
-0.016770026194 -0.00226036693968 -0.0102455618241
-0.0166639055775 -0.00280537639122 -0.00896938736425
-0.016584719039 -0.00329368458528 -0.00765079550196
-0.0164651323643 -0.00369820052644 -0.00628568190749
-0.0116705933133 0.0145546681872 -0.0259205509586
-0.0127657338873 0.0128461045287 -0.0257766073305
-0.0135740687914 0.0110885018107 -0.025138439263
-0.0144021525295 0.00939995679242 -0.024518553386
-0.0150199986752 0.00778421100227 -0.0236755737578
-0.0155137925078 0.00627082165929 -0.0227493650373
-0.0158440534785 0.00488131344676 -0.0217340154847
-0.0160282282963 0.00362483081886 -0.0206656441018
-0.0161142519539 0.00249199330726 -0.0195825055528
-0.0161712541379 0.00145570147427 -0.0185142478798
-0.0162356386343 0.000493552593528 -0.0174611623818
-0.0162373655932 -0.000373363698425 -0.0163854224384
-0.0162236921555 -0.00116759575139 -0.015297207183
-0.016208036906 -0.00189855082942 -0.0141917190497
-0.0161889860286 -0.00256780648527 -0.0130612008455
-0.0161771318851 -0.0031807823696 -0.0119017593229
-0.0161285503063 -0.00371643732218 -0.0107027882183
-0.016063583783 -0.00418198563328 -0.00946609724998
-0.0159898220783 -0.00457752323775 -0.00819121698495
-0.0106609168281 0.0131092324924 -0.0272958414982
-0.0118323298368 0.0114106884872 -0.0273265466057
-0.0125695631256 0.00965275022639 -0.0265456142127
-0.0133290480907 0.0079794098924 -0.0258463188437
-0.0139780020654 0.00639187582302 -0.0250358861464
-0.0144863416184 0.004916558633 -0.0241138931526
-0.0148234468994 0.00358226486009 -0.0230858259141
-0.0150440727859 0.00238231346711 -0.022024107313
-0.0151535871256 0.00131652317055 -0.0209403257649
-0.0152287702018 0.000346258942473 -0.0198823248244
-0.0153227141249 -0.000564479977765 -0.018863352062
-0.0153830516739 -0.00139613170096 -0.0178408767911
-0.0154148722888 -0.00215490452423 -0.0168099261806
-0.0154254756204 -0.00284729351379 -0.0157667530765
-0.0154149914051 -0.00347463090823 -0.0147056152641
-0.0154420417485 -0.00407073862954 -0.01363662919
-0.0154562798865 -0.00460475116333 -0.0125395684463
-0.0154403914764 -0.00506367768696 -0.0114085619739
-0.0154135577656 -0.00545411258346 -0.0102462671215
-0.00959089967134 0.0115319799754 -0.0287778336832
-0.0106684205206 0.00981246447289 -0.0286858816909
-0.0113941989336 0.0080999635398 -0.0278632748353
-0.0120725665449 0.00648308668959 -0.0270492645929
-0.0127002875491 0.00495699464334 -0.0262296319936
-0.0132215716329 0.00354456781704 -0.0253321695018
-0.0135749569266 0.00228944976271 -0.0243119641041
-0.0138133690838 0.00117742186074 -0.0232559262959
-0.0139659955444 0.0001918842014 -0.0221988544346
-0.0141003208178 -0.000716288707979 -0.0211902212127
-0.0142398344376 -0.00157272513482 -0.0202283996851
-0.0143597800951 -0.00236701541823 -0.0192805056775
-0.0144543945617 -0.00309822937358 -0.0183338614335
-0.0145144244596 -0.00376099456678 -0.0173775119151
-0.0145446316072 -0.0043589998291 -0.0164095066192
-0.0145785844839 -0.00491588128344 -0.0154382146009
-0.0146237293848 -0.00543390461426 -0.0144587612797
-0.0146596576067 -0.00589345732408 -0.0134587281408
-0.0146874219064 -0.0062890854047 -0.0124352022842
-0.00843457441591 0.00980207338564 -0.0303553661306
-0.00938483778482 0.00808611722344 -0.0300121319459
-0.0101165163206 0.00643647336039 -0.0291845791884
-0.0107379172022 0.00490855216642 -0.0282485299453
-0.0112870063175 0.00349954401922 -0.0273047627411
-0.0117669615332 0.00220643319922 -0.0263603461529
-0.0121602764161 0.00104067315685 -0.0253913702208
-0.0124661714088 3.84664119064e-06 -0.0244045215392
-0.0126917361199 -0.000911131638454 -0.0234135484516
-0.0129007991996 -0.00176624182245 -0.0224829864388
-0.0131021918364 -0.00257777775447 -0.0216030017195
-0.01327161527 -0.00332746535859 -0.0207382079321
-0.0134241774645 -0.00403157886213 -0.0198921242769
-0.0135163957836 -0.00464869403754 -0.0190282026735
-0.0135981988361 -0.00522598294177 -0.0181759069219
-0.0136700097251 -0.00576116739022 -0.0173274034859
-0.0137361417843 -0.00625366973785 -0.0164778764136
-0.0137957998811 -0.00669629140712 -0.0156207123481
-0.0138453757357 -0.00707792785636 -0.014749465413
-0.00700376886688 0.00789777441201 -0.03139564214
-0.00779624545053 0.00629787469854 -0.0306763022199
-0.00860716929107 0.00473307071874 -0.0301469202168
-0.00941639679531 0.00317843371201 -0.0296890160871
-0.0100868485272 0.00175154595468 -0.0289604262483
-0.0106211186231 0.000495417769839 -0.028044000208
-0.0110784734469 -0.000632849784286 -0.0271037454988
-0.0114700400293 -0.00164606757196 -0.0261673706584
-0.0118403676635 -0.00260371726028 -0.0253024057464
-0.0121189218236 -0.00342128607002 -0.0243970997634
-0.0123067044017 -0.00410086899677 -0.0234661100577
-0.0124693047038 -0.00473181602027 -0.0225905669957
-0.012594547742 -0.00530148701066 -0.0217459985906
-0.0126854213871 -0.00581534928319 -0.020928156003
-0.0127689566243 -0.00630707339704 -0.0201515726358
-0.0128434101586 -0.00677027378351 -0.0194028062665
-0.0129049131936 -0.00719428075371 -0.0186694908323
-0.0129619980626 -0.00758104191691 -0.017948600875
-0.0130028843169 -0.0079080080745 -0.0172261552048
0.000804484269549 -0.0206596973136 0.00559036039111
-0.00116610143407 -0.0196875180354 0.00716777232223
-0.00289270428468 -0.0183332568003 0.00868298660883
-0.00440145470017 -0.0166556060635 0.0099223106434
-0.00602821704731 -0.0150791896155 0.0108587047612
-0.00789840494996 -0.0137449052227 0.0115491484834
-0.010105627534 -0.0127400584674 0.0119853631382
-0.012158823418 -0.0115053988115 0.0121370306206
-0.0140070644869 -0.0100138317145 0.0121231228437
0.000257827533026 -0.0198466678585 0.00491600622148
-0.00156047275642 -0.018838339175 0.00628709782404
-0.00326350655007 -0.017635025188 0.00751925990487
-0.00485283216366 -0.0162246749691 0.00854111666231
-0.0063355859671 -0.0146212993818 0.00933206513808
-0.00817467111979 -0.0134628396417 0.00997270467743
-0.0101438508281 -0.01242067999 0.0104188074534
-0.0119880405155 -0.0111610915948 0.0106419219822
-0.0136719524181 -0.009675786209 0.0107051814213
-0.0002996103955 -0.0190492812338 0.0041265829428
-0.00197998800337 -0.0180069367131 0.0052674897376
-0.00365298855476 -0.016928718719 0.00627348941332
-0.00525994520367 -0.0157204476032 0.0071305255012
-0.00681786340711 -0.0144051232567 0.00783387163205
-0.00846231350825 -0.0131947595586 0.00841287931099
-0.0101834087794 -0.0120623683302 0.008858314308
-0.0118278415442 -0.0107798538811 0.00914482608161
-0.0133777973827 -0.00934757297324 0.00929435436247
-0.000956709523315 -0.0183834941912 0.00320353733837
-0.0025149220625 -0.0173274908808 0.00413677141987
-0.00414585693239 -0.0163580508401 0.00497356712206
-0.00575353415152 -0.0153437880227 0.00571402960143
-0.00731559885794 -0.0142437270646 0.00635141817753
-0.00881914599975 -0.0130343390228 0.00688117408775
-0.0103140748289 -0.0117975831292 0.00731342409343
-0.0117691409438 -0.0104831700809 0.00764223571615
-0.0132109193653 -0.00912741218002 0.00786919261402
-0.00170646667262 -0.017844980303 0.00216473643596
-0.00317235891697 -0.0168307337892 0.0029332666958
-0.00472888246624 -0.0159349026038 0.00364305351391
-0.00630819031344 -0.0150844259307 0.00429873246366
-0.00781602569185 -0.0141123058245 0.00488006747975
-0.00923880395701 -0.0129866303453 0.00538033947895
-0.0105684536506 -0.0117017555479 0.0057997591809
-0.011845508927 -0.0103365615754 0.00615033151128
-0.0131999363841 -0.00905334876085 0.00644096664992
-0.0025438000894 -0.0174363696985 0.00101191033979
-0.0039279151195 -0.016497900813 0.00166989275958
-0.00539903555574 -0.0156768619709 0.00229198956312
-0.00691176767144 -0.0149342451074 0.0028839802803
-0.00834035607689 -0.0140403159673 0.00342139863637
-0.00969113770641 -0.0129976051352 0.00390231124202
-0.0109070271002 -0.0117214186413 0.00431637494969
-0.0120617479562 -0.0103529580568 0.0046817406548
-0.013344128387 -0.0091189873048 0.00501909964438
-0.0034262549187 -0.0171042079389 -0.000269117575211
-0.00474210244819 -0.0162767063485 0.00033619028541
-0.00614583507399 -0.0155763367271 0.000913115592216
-0.0075454967218 -0.0148575079257 0.00146051907413
-0.0088566133319 -0.013962752517 0.00196528174123
-0.0101185510088 -0.0129594259618 0.00243214636589
-0.0112707388522 -0.0117566639829 0.00285076168093
-0.0123505591164 -0.0104318898555 0.00322920150766
-0.0135638295358 -0.00922190233722 0.00359376140035
-0.00427556877916 -0.0167116476975 -0.00168761663363
-0.00554447642181 -0.016045325818 -0.00108475287262
-0.00686745436064 -0.01544677822 -0.000519158765424
-0.00810620218609 -0.0146637983738 1.04556834873e-05
-0.009334072298 -0.0138258997508 0.000508197242979
-0.0105043580378 -0.0128516113142 0.000970012254377
-0.0116071950109 -0.0117336843304 0.0013939290702
-0.0126397625584 -0.0104807900892 0.00177994923977
-0.0137992082715 -0.00930229223203 0.0021510783103
-0.00509231441882 -0.0162097425086 -0.00320621194502
-0.00625408174844 -0.0156366018167 -0.00257301314847
-0.00745290891249 -0.0150844900822 -0.00199250076707
-0.00858975016997 -0.0143631041073 -0.00144762243775
-0.0097532546263 -0.01361882223 -0.000941214263047
-0.0108427998957 -0.0126943225873 -0.000474753241553
-0.0118988632099 -0.0116582520531 -4.8754095442e-05
-0.012898697373 -0.0104900409527 0.000335083264988
-0.0139808334525 -0.00932370876889 0.000688649348002
