0.0143647737512 -0.00932636365399 0.0143883662505
-0.00279081593407 0.00295173863746 0.0218613172674
0.0197673734063 0.000263700914603 -0.0176321592609
-0.01182089422 0.0230367500326 -0.00518394939022
0.0196863825317 0.00612414374927 0.00961672884857
0.00651078467189 0.0161152707349 0.0153378268286
0.0218716232651 0.00496249172639 0.0133806878956
0.00747550903253 0.0154599626055 0.0196736544957
0.0225335212153 0.00406867465198 0.0172231300734
0.00835075020052 0.0143869912483 0.023686891217
0.0223113947951 0.00294013938186 0.0210416657809
0.00942382275868 0.0124646906258 0.0268683815385
0.0222485016269 0.00238427318152 0.0235077180086
0.0101575398776 0.0113042966365 0.029166834433
0.027799336067 0.00399426343983 0.0294349480682
0.0148089950195 0.0135471638398 0.0351938489307
0.0206364773436 -0.00018309932382 0.0332708764
0.0134397970774 0.00534310920877 0.0368936302371
0.0187378748914 0.00108815631473 0.0372942392494
0.0157761631892 0.00275975580361 0.0384875189392
-0.00424560328544 0.0112331902146 -0.030886178973
0.0203167765077 0.00253004211444 -0.0137460311763
-0.00819950247477 0.0231960753968 -0.00138287891819
0.0186621795677 0.00694275230451 0.00936191272852
0.0197299586064 0.0064751404659 0.0106261974025
0.0211070585405 0.00572116549633 0.00962088785122
0.0196560974976 0.00612295910426 0.0088672219391
0.00710950154502 0.0158925994804 0.0141972784938
0.00746383420023 0.0156764715471 0.0159360859117
0.00597380443586 0.0169069963367 0.0164612134924
0.00614055136277 0.0162670533866 0.0150715364464
0.0206805488091 0.00602290838062 0.0127639929087
0.021313268115 0.00543888948085 0.0148327951043
0.0232134714702 0.00451017966784 0.0136599486539
0.0220392861487 0.00522071522176 0.0121389491897
0.00798314431171 0.0151533588299 0.0184995568331
0.00836880998751 0.0146537304018 0.0206429991344
0.00677601638611 0.0164117189315 0.0209490567002
0.00655568802503 0.0164116938076 0.0190851097977
0.0214227124842 0.00492391736646 0.0167751880882
0.0215772398491 0.0043331706342 0.0184713178649
0.0237313067088 0.00320899384012 0.0179923000821
0.0232548651756 0.00390810013595 0.0163209651925
0.00900149819587 0.0134697561558 0.0229464509694
0.00925382940466 0.0128970842217 0.0246228181745
0.00788793229233 0.0148295352914 0.0250231865446
0.00747575224718 0.0156172853192 0.0231872892575
0.0213628753824 0.0035504056029 0.0211490422008
0.0235133436873 0.00254510623735 0.0206701471478
0.00999168425909 0.011625613442 0.0264413532343
0.00884715945051 0.0134315541542 0.0273020495107
0.0212516348162 0.00238109190932 0.0234827611144
0.0231914195125 0.00241076227275 0.0238465486455
0.0102739990446 0.0103146704459 0.0286919581265
0.0100348938135 0.0120807867856 0.0292988473793
0.0189536378433 -0.00201891717235 0.0314608996117
0.0107862970668 0.00434414085435 0.0342919836556
0.0179952978535 -0.00248655650075 0.032665657874
0.011187482935 0.00349799685198 0.035091830412
0.0182279526451 -0.00165403050593 0.0338194934686
0.0125659797919 0.00281556184822 0.0357659233355
0.0181064953223 0.00453241196763 0.00819748647897
0.0213696436911 0.00264910376005 0.0112593695726
0.022699956642 0.00150350335012 0.0153541624939
0.0224761792532 0.000959505670289 0.0191215318435
0.0222834549125 0.000560044362315 0.0218233524937
0.0221520686505 -0.000102373645817 0.0240661988975
0.00482212960915 0.0145496555861 0.0143486404367
0.00439138907296 0.0149707564343 0.0185134044821
0.00499553273073 0.0142170729277 0.0222960618265
0.00636998671611 0.0123768214716 0.0256305005258
0.00738322725572 0.0109912677647 0.0278168460718
0.00802227361416 0.00866639520747 0.0305031850243
0.0158306721738 0.00966332763659 -0.00608959359961
0.00254417855494 0.0196742380969 3.6222471859e-06
0.0184090925145 0.00742822228606 -0.0200959830503
-0.00474576267023 0.0253133021593 -0.0100679507468
0.0237537944566 -0.00133342668479 -0.0112584282792
-0.0101394038113 0.0231802447106 0.00330914874914
0.017388309411 0.0019406972089 -0.00742284047975
-0.00572168761126 0.0183831753209 0.00281157600972
0.00092508891185 -0.0154873348636 0.0105590235817
0.0024826308785 -0.0164777543471 0.00966182108068
0.00365658288983 -0.0174000448093 0.00853027044101
0.00488101972758 -0.0179853779607 0.00753037257695
0.00619979176289 -0.0182423502926 0.00674149709076
0.00762174952158 -0.0182058184609 0.00625016318199
0.00907265549471 -0.0178573556183 0.00584673275141
0.0105966082697 -0.0171819725909 0.0055321476763
0.0122100292825 -0.0162407458338 0.00552462475699
0.0137340302342 -0.0151621396296 0.00616447650489
0.0137340302342 -0.0151621396296 0.00616447650489
0.0145393286457 -0.0142645756814 0.00691481738415
0.0150805046147 -0.0135344297949 0.0079375980718
0.0154869080023 -0.0128000734223 0.0088611295851
0.0157051347641 -0.0121636982701 0.00983427644956
0.0157897654855 -0.0114752936382 0.0107151254319
0.0157093370993 -0.0108237340216 0.0116093529972
0.0154247178031 -0.0102995906605 0.0125484686959
0.0149864101216 -0.00978214646728 0.0134701522159
0.0143647588831 -0.00932637857217 0.0143883574694
0.0143647588831 -0.00932637857217 0.0143883574694
0.0129955240102 -0.00842942871764 0.0151595487838
0.0115930949151 -0.00776582055837 0.0157115985022
0.0101660381994 -0.00733577932978 0.0159453013424
0.00879009943502 -0.00701740219305 0.01596912256
0.00744745947319 -0.00675710107478 0.0159538295721
0.00603494139525 -0.006567341761 0.0159036010974
0.0045887723603 -0.00665334682432 0.0153542631891
0.0033031778898 -0.00704620960694 0.0142906206941
0.00219364822721 -0.00763629812974 0.0130449040719
-0.00834017760858 -0.00929992150549 0.0148495579309
-0.0100209521314 -0.00754745705229 0.0150251010507
-0.0114972495932 -0.00594667071172 0.0150502282017
-0.0125762888865 -0.00438472842267 0.0152408324036
-0.0132882230208 -0.00292236103216 0.0155631136105
-0.0137048715043 -0.00158457260054 0.0158884388773
-0.0138532261211 -0.000353991528068 0.0161642314608
-0.0137109380165 0.000780269789803 0.0164309205528
-0.0132660226127 0.00181993169643 0.0167103993179
-0.0125226673126 0.00278121377697 0.0169925218796
-0.0125226673126 0.00278121377697 0.0169925218796
-0.0117642513838 0.00350879958835 0.0176030239993
-0.0108887566718 0.00394754227771 0.0182109111614
-0.0100113746614 0.00439964665653 0.0187316269243
-0.00904491467036 0.00469251279337 0.0192659626352
-0.00797791326425 0.00482838810285 0.0198127510356
-0.00679393295658 0.00476570839173 0.0203624486505
-0.00547373675459 0.00455023938849 0.0209123551392
-0.0040998024599 0.00391451415525 0.0214082038251
-0.00279067381657 0.00295186798852 0.0218613922129
-0.00279067381657 0.00295186798852 0.0218613922129
-0.00153661472464 0.0018234461684 0.0213324805315
-0.000423508030436 0.000785268954422 0.0207817668633
0.000466733815686 -0.000254052496667 0.0201778181348
0.000774920527774 -0.0013145382502 0.0193258435113
0.00112787321966 -0.00229739674217 0.0185492868581
0.00148400581076 -0.00333856088516 0.0177734510939
0.0014292987026 -0.00437372306007 0.0167876103908
0.000699530243994 -0.00517183024813 0.0156581779203
-0.0002490540973 -0.0058601848097 0.0145791218889
0.0277993211989 0.00399424852165 0.0294349392871
0.0272061472365 0.00325410145572 0.0289321040738
0.0268450445833 0.00294621154871 0.028245338759
0.0260784712359 0.00215633206823 0.0278055861465
0.0254206943317 0.00156547154174 0.0273458669573
0.0247751294263 0.00109145123792 0.026834871735
0.024114973177 0.000732750275563 0.0262618443986
0.0235382356377 -5.92705955116e-06 0.0258598356589
0.0227780475209 8.30582180634e-05 0.025074078997
0.022022934987 3.16131785429e-05 0.0245075383682
0.0277993211989 0.00399424852165 0.0294349392871
0.0276994461381 0.00335027801783 0.0295965649746
0.0273838877911 0.00270261433379 0.0295965686579
0.0270126594797 0.00205505466169 0.029622103792
0.026543144051 0.00134599973136 0.0296346624392
0.0259216486308 0.000587041292047 0.0295583497506
0.0251151722059 -0.00017286842346 0.029351247813
0.0241431579922 -0.000930285990179 0.0290396099121
0.0230200148756 -0.00169793229796 0.0286438665433
0.0217223013923 -0.00241314811336 0.0281796777879
0.0277993211989 0.00399424852165 0.0294349392871
0.027563405927 0.00351521547324 0.0296448903653
0.0271590082854 0.00292657468085 0.0296744880767
0.0266659306594 0.00233417545495 0.0297484758313
0.0260170887596 0.00171150713237 0.0298579612684
0.0252327974111 0.00100652402559 0.0298379673248
0.0243258386046 0.00024293005596 0.0297150213182
0.0232563676244 -0.00057647090556 0.0296345914083
0.0220902367089 -0.00144196304698 0.0293648750173
0.0207682591645 -0.00237183455796 0.0291180030428
0.0277993211989 0.00399424852165 0.0294349392871
0.027219172599 0.00345229499172 0.0295692560069
0.0266128730295 0.00283615921931 0.0295631075011
0.0259287107139 0.00224999182675 0.0295456886266
0.0250503949444 0.00188228214242 0.0297832581486
0.0241059849406 0.00141281849939 0.0298415185222
0.0231612671031 0.000753945563118 0.0295807695921
0.0221074672071 0.000124595921079 0.0293060250961
0.0209326660583 -0.000447359007593 0.0290897309039
0.0196974550839 -0.0010755961024 0.0287548427969
0.0148090452871 0.0135469752275 0.0351937163733
0.0137667218143 0.0131364165123 0.0344549534615
0.0128822195512 0.0123438045691 0.033900882849
0.0120517116918 0.0116202678736 0.0334495472614
0.0112982438239 0.0109845801888 0.033028786912
0.0106594778779 0.0104511119114 0.0325441881302
0.0101413469057 0.0100164554142 0.0319978709143
0.00969245687635 0.00957567195401 0.0315590146614
0.00934239301148 0.00914720180547 0.0311413911219
0.0090996151631 0.00882103817164 0.030695994553
0.0148090452871 0.0135469752275 0.0351937163733
0.0137158317575 0.0129898990479 0.0355496611692
0.0128947263208 0.0116643903659 0.0357672076218
0.0121331982015 0.0105828532736 0.0356378294108
0.0114099952707 0.00969338001531 0.0354028987736
0.0107455270317 0.00889409564279 0.0350938459786
0.0101409587118 0.00814089432426 0.0347452290082
0.00958180186622 0.00741902387467 0.0343867176567
0.00907848159581 0.00675397652176 0.0339419146404
0.0086421757921 0.00615397740316 0.0333786758056
0.0148090452871 0.0135469752275 0.0351937163733
0.0141196482099 0.0134425069023 0.0353132230757
0.0134601360009 0.011469552946 0.0353732237332
0.01263365128 0.0103744962661 0.0351983038811
0.0119008798957 0.00948864960352 0.0349987227778
0.0112890089909 0.00863627937877 0.0348073449641
0.0107397899028 0.00783800273934 0.0345713767738
0.010270928102 0.00707093371823 0.0343156461449
0.00985597865225 0.00636266266525 0.0340104740835
0.00949795317032 0.00570896613764 0.0336665249473
0.0148090452871 0.0135469752275 0.0351937163733
0.0144893709214 0.0134052057616 0.0347252746576
0.0140889947214 0.0117914889428 0.0346688739187
0.0135644803801 0.0107781859686 0.0344901215771
0.012994046113 0.00994679010466 0.0342623031407
0.0124695732792 0.00916234783291 0.0339912501027
0.012010751852 0.0083756803217 0.0336807290403
0.0115537668541 0.00761776489051 0.0333423497807
0.0111694288985 0.00683376038766 0.0329747275165
0.0109411028508 0.00599008967326 0.0325828732009
-0.00365266894689 -0.0185210321671 0.00209812922286
-0.00262036844894 -0.0185830574515 0.00301589342683
-0.00134586289449 -0.0186609160411 0.00375277205102
0.000169120505799 -0.0187533244236 0.00421675950241
0.00195035761208 -0.0188243055766 0.00437500750745
0.00403248020768 -0.018737529995 0.0042859951145
0.00643479104207 -0.0184820687424 0.00398272518676
0.0092094536284 -0.0181516510818 0.0034440737923
0.0122856907357 -0.0174702483015 0.00283148367079
0.0150509691576 -0.0157583611739 0.0022775070445
0.0150509691576 -0.0157583611739 0.0022775070445
0.0165115868808 -0.0145046409306 0.00339391928314
0.0176077711745 -0.0131670404143 0.0044099983411
0.0184927942365 -0.0119745631705 0.00533148492221
0.0193448620562 -0.011053140772 0.00595576016462
0.0201656272871 -0.0103838504215 0.00621601198595
0.0208608041982 -0.00991940168557 0.00622932907293
0.0213620965318 -0.0096185595229 0.00611848765292
0.021634552632 -0.00940317969606 0.00595542015919
0.021719032695 -0.00921869317271 0.0056583519049
0.021719032695 -0.00921869317271 0.0056583519049
0.0220354703789 -0.00886847882125 0.00527943053108
0.0223615476126 -0.0086958400869 0.00481610732733
0.0226301661124 -0.00859887335809 0.00434719967182
0.0228463622116 -0.00854295404722 0.00388194934537
0.0230063215455 -0.00855179277036 0.00341675518307
0.0231332561951 -0.00858658133156 0.00294852840592
0.0232251930113 -0.00866631609235 0.0024750446639
0.023309758025 -0.00874778076595 0.00199580800543
0.0234141094366 -0.0087741419626 0.00153561845393
0.0234141094366 -0.0087741419626 0.00153561845393
0.0241005087976 -0.00861953349497 -6.10254296977e-05
0.0245610043141 -0.00821354639007 -0.00177996525345
0.0247392254498 -0.00766101314468 -0.00365026422585
0.0246362474469 -0.00694900592042 -0.00566324526005
0.02424778042 -0.00600835910629 -0.00779172953892
0.0235408677329 -0.00508223894599 -0.0101271060328
0.0225288445627 -0.00395908096974 -0.0125860660068
0.0211790148761 -0.00269459967757 -0.0151794506414
0.0197081522622 -0.00146090674898 -0.0180475343288
-0.0145877801131 -0.0102495179394 0.00727362122563
-0.014565676647 -0.00864666066238 0.00916311835192
-0.0144189110151 -0.00697402047533 0.0108681357291
-0.0144843326938 -0.00532630570289 0.0123192311115
-0.0148336809737 -0.0036351597975 0.0134144130654
-0.015169334768 -0.00179841408664 0.0142195865856
-0.015290023494 0.000184826983654 0.0148198607048
-0.015155826748 0.00226445164924 0.0152184725146
-0.0148676202109 0.00440516381183 0.0153580712245
-0.0144461962181 0.00657785419449 0.0151633586542
-0.0144461962181 0.00657785419449 0.0151633586542
-0.0134396401712 0.00725689962709 0.0161720549392
-0.0124276131488 0.00796946322597 0.0169415752514
-0.0113953674064 0.00854225175139 0.0175268892102
-0.0104844087977 0.00908296082903 0.0179934539784
-0.00974009157834 0.00969746323059 0.0183448982829
-0.00925595183001 0.0105220848518 0.0185372708686
-0.00898199561584 0.0114563215036 0.0185585727294
-0.00887437216565 0.0124275810692 0.0184196171792
-0.00885896974007 0.0134346676115 0.0181545785506
-0.00885896974007 0.0134346676115 0.0181545785506
-0.00895547436853 0.013858438278 0.0179622908811
-0.00912798802944 0.0142360071886 0.0177372344762
-0.00936491717866 0.0145641596435 0.0175112393442
-0.00958426363656 0.0148660175459 0.0172809917957
-0.00979135184405 0.0151434726573 0.0170380428043
-0.0100470858729 0.0153627856707 0.0167887398221
-0.0102877390558 0.0155545987684 0.0165144399638
-0.0105089172959 0.015728998179 0.0162163464976
-0.0106579896093 0.0159684986765 0.0159476380822
-0.0106579896093 0.0159684986765 0.0159476380822
-0.0117685414281 0.0173909949252 0.0137462993735
-0.0124725927381 0.0189257776451 0.011657029617
-0.012957030186 0.0202519963864 0.00948723910071
-0.0132334111241 0.021312204624 0.00721223385596
-0.0134104207893 0.0220485282559 0.00481636169364
-0.0132625691462 0.0224335866009 0.00228080839671
-0.0133889390526 0.022468043839 -0.000341477635239
-0.0137531178511 0.0223606550898 -0.00297614960652
-0.014083792814 0.0222299746752 -0.00562634574831
0.00663001089981 -0.00851270419941 0.0250871796743
0.00815667232959 -0.0081983542558 0.0253513569147
0.00953838894042 -0.00767072377877 0.0257717361692
0.0108450227509 -0.00694746202196 0.0262320215341
0.0120568289852 -0.00620782832373 0.0268856335923
0.0131483186975 -0.0054718295956 0.0277919693209
0.014103295074 -0.00473747747123 0.02897758368
0.0149051856663 -0.00402277078654 0.030470131305
0.0155518720704 -0.00335726719587 0.032270171125
0.0161456425505 -0.00250497881628 0.0341294391902
0.00380788098794 -0.00626932267157 0.0262213959804
0.00385921000187 -0.00511045499003 0.0268094984232
0.00421729616906 -0.0039835612607 0.0273448577519
0.00477559523753 -0.00297837910486 0.028028795622
0.00553802376001 -0.00212460381208 0.0288863536519
0.00650434076165 -0.00128485108822 0.0297918809521
0.00769309426455 -0.000548874656391 0.0308158457549
0.00912442896117 -7.97367901674e-05 0.0320798552003
0.0107211253401 -7.20546019018e-05 0.0338143682244
0.0125536469445 4.60257921929e-05 0.0354644615443
0.0136165354143 -0.000186946353306 0.0315135159967
0.0137540330527 -0.000503797241456 0.0321570116102
0.0138541318515 -0.00091110731068 0.0327259284104
0.0139133323745 -0.00127727535241 0.0332809155903
0.014049018627 -0.00143329642015 0.033765952083
0.0142758379196 -0.00140564353669 0.0341498756193
0.0144980971229 -0.00130397939054 0.0344853374983
0.0147167870579 -0.00112136779911 0.0347833052513
0.0149428075209 -0.000841168644256 0.0350355912992
0.0151152523379 -0.000581221643407 0.0353212123916
0.02169612443 -0.00375377524037 0.0105980052639
0.0220274522029 -0.00446655041045 0.00939661547454
0.0227983231703 -0.00485357821482 0.00820155876628
0.0236437176018 -0.00505619286902 0.00697171464677
0.0242724162585 -0.0052339477075 0.00564168072535
0.0247482850568 -0.0053586364382 0.00421820232669
0.0251206325778 -0.00539921951178 0.00271153971161
0.0253159571286 -0.00543312636802 0.00110201061768
0.0253509618308 -0.00548397184262 -0.000603629063574
0.0254499809318 -0.00526335880284 -0.00235166259505
0.0254499809318 -0.00526335880284 -0.00235166259505
0.0252996249458 -0.00525392484264 -0.0034960973343
0.0252785825464 -0.00491485917147 -0.00457149631134
0.0252779084823 -0.00442763151968 -0.00559041458918
0.0251821836951 -0.00397202095095 -0.00659348924089
0.0249499568818 -0.00359465025733 -0.00759702214723
0.0246555366386 -0.00318303770175 -0.00856810391178
0.0243918407752 -0.00261996649307 -0.00949161790784
0.0241528181958 -0.00193589551733 -0.0103841011642
0.0237537962619 -0.00133342775273 -0.0112584291672
-0.00219846554578 0.0128704888123 0.0203456805431
-0.00330025125136 0.0135786165656 0.0196976919034
-0.00427321848088 0.0146188324428 0.019150541726
-0.0050819413966 0.0158439972898 0.0185335273772
-0.0059200726664 0.0169840630025 0.0177015737214
-0.00683412230258 0.0180120498605 0.0166706643007
-0.00785670376126 0.0188886808825 0.0154438674356
-0.00885501483996 0.0197847858715 0.014074879522
-0.00988634769743 0.0206105770331 0.0125347173957
-0.010886325485 0.0215345700578 0.0108731342144
-0.010886325485 0.0215345700578 0.0108731342144
-0.0111196363749 0.0218356657637 0.0100404364189
-0.0112506633003 0.0221830984082 0.0092266293918
-0.0112966373136 0.022503268289 0.00841009571006
-0.0113029007646 0.0226904119919 0.00756538862549
-0.0112395286486 0.0228302998835 0.00671626935881
-0.011090049822 0.0229557024581 0.0058694115856
-0.0108463787574 0.0230777138949 0.00502195200572
-0.0105109575273 0.0231836886748 0.00417243024766
-0.010139583539 0.0231800356408 0.00330902309734
0.00947178413101 0.0145899756046 -0.0185773650223
0.0105201472358 0.0151907940751 -0.0181293544452
0.0113252069964 0.0160836541743 -0.0176198738476
0.0117087734453 0.016414920752 -0.0167608135796
0.0117723174647 0.0162036672076 -0.0158366093531
0.0116144690943 0.016246117299 -0.0149123397006
0.0113062128348 0.0167902747288 -0.0138040131326
0.0106103779492 0.0167248061938 -0.0126986918758
0.00945551390373 0.01637315123 -0.0116367945065
0.00827063771246 0.0164540454532 -0.0102885459611
0.00174632651919 0.0200805586547 -0.0159250908035
0.00199407573298 0.0207720096228 -0.014997842055
0.00281215112588 0.0216843929345 -0.0143650344134
0.00346853627274 0.0219945527032 -0.0136896174269
0.00399680438214 0.0218042751683 -0.0129229342645
0.00471865990594 0.0213980992644 -0.0122918489077
0.00569901366004 0.0208112348538 -0.011787993757
0.00629920000305 0.0195391071908 -0.0111638505066
0.00461122512259 0.0159020371186 -0.0111224980471
0.00827063771246 0.0164540454532 -0.0102885459611
0.0143647588831 -0.00932637857217 0.0143883574694
0.0121887131184 -0.00833191075114 0.016289453102
0.00950502748469 -0.00795147711968 0.0176545991627
0.00648020447027 -0.0086857343778 0.019443273516
0.00363414726085 -0.00951387901206 0.0214571142461
0.00170981155678 -0.00821296385291 0.0223251850222
0.00133436688893 -0.00361083486001 0.0215650505213
0.000534377557494 -0.000710904858116 0.0218986929108
-0.00069975109108 0.00136464425138 0.0223492126365
-0.00279067381657 0.00295186798852 0.0218613922129
0.00663001089981 -0.00851270419941 0.0250871796743
0.00617512662799 -0.00846747606152 0.0250850111594
0.00575596932205 -0.00836918585614 0.0251087254436
0.00537278460112 -0.00824352756038 0.0251880680898
0.0050241664954 -0.00805332710059 0.0252898715698
0.00471035275285 -0.00780672068546 0.0254199107852
0.00443333658588 -0.00749990439529 0.0255689927273
0.00418155591945 -0.007158086668 0.0257864799402
0.00396028570031 -0.00675916049619 0.0260300311434
0.00380788098794 -0.00626932267157 0.0262213959804
0.00251798664841 -0.00923485270013 0.0221010232645
0.00278378501896 -0.00907547305694 0.0224935305374
0.00305196889875 -0.00890974972147 0.0228716315675
0.0033150160909 -0.00875852769432 0.0232486365679
0.0035736476312 -0.00861737280625 0.0236211404623
0.00383290922812 -0.00847737574751 0.0239859000224
0.00408969003823 -0.00834442422391 0.0243461019413
0.00434290749665 -0.008223317693 0.0247085248545
0.0045970214108 -0.00811080499667 0.0250771807149
0.00486294084113 -0.00793699870512 0.0253513758679
0.0104695675394 -0.00751062350411 0.0191842659621
0.008517933879 -0.00783327375259 0.020513448398
0.00684981722954 -0.00870078002014 0.021822646055
0.00539608493559 -0.00901680279863 0.0228548574314
0.00419966175632 -0.00881247651827 0.0235651945734
0.00327339177855 -0.00818961497407 0.0239755988392
0.00257012629354 -0.00725944943452 0.0241650158679
0.002375039817 -0.00574039124618 0.0238421786707
0.00241087659978 -0.00403615530797 0.0233663078156
0.00201072881253 -0.00220356423461 0.0230859793909
0.00219364822721 -0.00763629812974 0.0130449040719
0.00147350871963 -0.0107507197484 0.0179938216196
0.00050318847812 -0.0107348626944 0.0196459722779
-0.000384993148352 -0.00957922404143 0.0191879929286
-0.0002490540973 -0.0058601848097 0.0145791218889
0.00165596993242 -0.00855601213365 0.013081039343
0.000601086391327 -0.0114343881017 0.0173930655984
-0.000439742320997 -0.0115085391351 0.0187257568989
-0.00128434831388 -0.0106966902904 0.0185224464624
-0.00136116217844 -0.00732097089116 0.0146621435596
0.000869687930906 -0.00991130894253 0.0128354537655
-0.000190428298985 -0.0122595370871 0.0165018013314
-0.00138824836286 -0.0123293833988 0.0177977734335
-0.002343784075 -0.0114123878445 0.0175698470667
-0.00275338999234 -0.00868681496425 0.0145434035482
-0.000103436000338 -0.012161742588 0.0117971400219
-0.000850303864879 -0.0132453680693 0.0152201443069
-0.00234445301253 -0.013106781642 0.0167887202869
-0.00372256491934 -0.0116530214622 0.0163634188764
-0.00508177420649 -0.00970617268853 0.0141782488217
0.00092508891185 -0.0154873348636 0.0105590235817
-0.00112438828317 -0.0146684163228 0.0134130735625
-0.00330529305077 -0.0138405117854 0.0156970909782
-0.00566896324784 -0.0114105519395 0.0152532249709
-0.00834017760858 -0.00929992150549 0.0148495579309
0.02169612443 -0.00375377524037 0.0105980052639
0.0211783353158 -0.00274310862576 0.0122050506279
0.0212829170559 -0.00173519102207 0.0138906217458
0.0214953375953 -0.00105276958835 0.015578246715
0.0217547868503 -0.00064688922762 0.0172572337994
0.0217920942626 -0.000249519560516 0.018947488361
0.0218714438474 -3.2145299491e-05 0.0206448392635
0.0220781678013 -1.65570186394e-05 0.0223485922777
0.02215207515 -0.000102377490405 0.0240661957006
0.0211586401103 -0.00458158890903 0.0113112867372
0.0206049219406 -0.00377398582349 0.0128781713519
0.0204705333542 -0.00304872132693 0.0145334673846
0.0204706728961 -0.00248816821311 0.0161793768151
0.0204623550596 -0.00201250979067 0.0178054239702
0.0203871770367 -0.00156314892827 0.0194262919471
0.0207061800936 -0.00149507968985 0.0210056133744
0.0210201123991 -0.00150305178867 0.0225691189019
0.0215572351039 -0.00168642596828 0.0241046545665
0.0201829368071 -0.00546621954234 0.0118806860641
0.0196013659639 -0.00472793385927 0.0134505244875
0.0193171113399 -0.00411650012557 0.0150807579575
0.0190705955994 -0.0035524176132 0.0166820676564
0.0189483873727 -0.00308821235189 0.018271987845
0.0190287051259 -0.00279832618297 0.0198246705029
0.0194553258442 -0.00282745026905 0.0213098013978
0.019969522483 -0.00295750900733 0.02275025741
0.0205679149155 -0.00316866233244 0.0241669873915
0.0191397565806 -0.00621959332194 0.0123567203221
0.0185749742538 -0.005590634723 0.0139551909093
0.0181773067264 -0.00506727710239 0.015546112265
0.0177667739065 -0.00452823739279 0.0170997011855
0.0176745717961 -0.00420307574842 0.0186380885742
0.0178578105055 -0.00410216830137 0.0201172518851
0.0182272225715 -0.00417755200508 0.0215339197027
0.0186629490164 -0.00431441546857 0.0229114238929
0.0191100144749 -0.00442338634185 0.0242645966692
0.0181833756955 -0.00691742824763 0.0128256109799
0.0176699474579 -0.00646486280653 0.0144427192776
0.0171669288309 -0.00600519936085 0.0159579723967
0.0167111529129 -0.00556210899985 0.0174439035682
0.016608403329 -0.00539997018856 0.0189129038258
0.0167323320764 -0.00544512873758 0.0203267260342
0.0168803847876 -0.00550102655896 0.0217043006808
0.0170825690302 -0.00556823396364 0.0230624046167
0.0172860663455 -0.00546230886519 0.0243830262957
0.0173058741162 -0.00766289166941 0.0133224044134
0.0167908110179 -0.00739759946581 0.014903656267
0.0162124370122 -0.00697805831734 0.0163173274262
0.015643755801 -0.0065449723983 0.0177106049723
0.015425396686 -0.00648765223904 0.0191189140216
0.0153727635254 -0.00662329296122 0.020499155807
0.0152292605839 -0.00661183085792 0.0218679174474
0.0151518501327 -0.00658588405702 0.023222039465
0.0151402713996 -0.00637057383604 0.0245165330699
0.0164097244287 -0.00858934886714 0.0138476663825
0.0157627559648 -0.00832832652937 0.0152695460289
0.0150531608235 -0.00778534437088 0.0165615991188
0.014376190926 -0.00732027562117 0.0178853338871
0.0138471663442 -0.00709856432613 0.0192447494965
0.0134876388038 -0.00713866164964 0.0206198535123
0.0131390188146 -0.00716000034827 0.0219915198475
0.0128019520534 -0.00705986988565 0.023338576678
0.012581470789 -0.00684137095902 0.0246052552465
0.0152509027052 -0.00944828469512 0.0142205463611
0.0144742517128 -0.0088781460498 0.0154393664826
0.013680015452 -0.00814788563058 0.0166552674634
0.0128001505258 -0.00734812140221 0.0179012363523
0.0121314283402 -0.00733022047861 0.0192577988353
0.0114743324302 -0.00729860125498 0.0206259338853
0.010867961296 -0.00738886927877 0.0220196666185
0.0103212201884 -0.00761669365794 0.0234391518295
0.0098158023068 -0.00781426800736 0.024826845809
0.0143647588831 -0.00932637857217 0.0143883574694
0.0133408969802 -0.00874116703415 0.0154898527226
0.0123857976945 -0.00824677908041 0.0166615200553
0.0114385121375 -0.0077322216151 0.0178864754004
0.0104696131914 -0.00751119590911 0.0191838733371
0.00952085581539 -0.00760459943694 0.0205813062733
0.00859779513645 -0.0079968468828 0.0221001685379
0.00766462199836 -0.00860727191655 0.0237517918642
0.00663001089981 -0.00851270419941 0.0250871796743
-0.00219846554578 0.0128704888123 0.0203456805431
-0.000466738658388 0.0121880730061 0.0208735667073
0.00123013248612 0.0119349119955 0.021887807187
0.00258953143995 0.0116868674823 0.0231383794039
0.00375966297157 0.0113086913827 0.0245062887798
0.0050300160811 0.0107283206132 0.0257803583921
0.00609230861076 0.0101280624576 0.0272954946488
0.0070482299667 0.00955818046266 0.0293951952738
0.00802241634423 0.00866667121719 0.0305033594535
-0.00236402324799 0.0118495313673 0.0210999188323
-0.000950889975327 0.0111928751161 0.0215509639281
0.000484577475254 0.0107183489354 0.0224035308173
0.00185815513244 0.0102000153896 0.0233697145115
0.0031388146618 0.00964030010781 0.0244376784638
0.00430530269385 0.00903423113268 0.0255957550497
0.00511050267765 0.00846838282898 0.0271155241214
0.00569766772633 0.00788327324309 0.0291438100817
0.00655095299675 0.00719856881977 0.0322026355261
-0.00261844649991 0.0104350142421 0.0214015569126
-0.00127334986549 0.00982555333388 0.0218452340153
7.20618562718e-05 0.00924242259168 0.0225662514279
0.00141306934744 0.00860571500726 0.0233642130135
0.00262449855185 0.00798246297209 0.0243395473476
0.00364265954084 0.00736816593535 0.0254852949237
0.00422080790652 0.006810421574 0.0270291560966
0.00466855231484 0.00614506345386 0.028788380349
0.00528707284991 0.00530194204312 0.0305528608816
-0.00278043305929 0.00902680174488 0.0214492822062
-0.00145940440476 0.008395822399 0.02193132549
-0.000206554096078 0.0077590339526 0.0226394752339
0.00103303219618 0.00706122631393 0.0233863632014
0.00209899986492 0.00639440829813 0.0243472101696
0.00285844360486 0.00577836891538 0.0255689939619
0.00341238030342 0.00512173996352 0.0269452345281
0.00389643052712 0.00436140365515 0.0284006811339
0.00457835115492 0.00351310289732 0.0297026217037
-0.00286000416404 0.00773571548852 0.0215254348128
-0.00161467857537 0.00704234555078 0.0221169084943
-0.000480425932017 0.00633384472851 0.0228323809305
0.00061688282404 0.00558087426577 0.0235602115993
0.00145098983188 0.00487391724181 0.0245550797667
0.00220258549407 0.0041303962271 0.0255916673472
0.00273651275936 0.0033652916621 0.0268049925011
0.00334718740773 0.00252475645831 0.0279670859332
0.0041322432572 0.00170553897888 0.0290014484618
-0.00291038716442 0.00650693814845 0.0216867890083
-0.00179005331249 0.00568146512528 0.0223867952082
-0.000740069793743 0.00487541411558 0.0230406399415
0.000335835845269 0.00402765511431 0.0236331908511
0.00114741416056 0.00320575816791 0.0244830688797
0.00179872570909 0.00237777924106 0.0254529028514
0.00240920530908 0.00151150573694 0.0264559252597
0.00315434297313 0.000638251674425 0.0273680528976
0.00411232362365 -8.11389371962e-05 0.0281108405828
-0.003067380778 0.00520213095269 0.0219966605604
-0.00202959402349 0.00420662569606 0.022613847251
-0.000858792822877 0.00330827931566 0.0230340127864
0.000440347040915 0.00236220807193 0.0233613227635
0.00137645213959 0.00141596988168 0.024005955709
0.00193755785775 0.000506976187826 0.0249372399566
0.00271918158008 -0.000407310587755 0.0256917836869
0.00345557841629 -0.00124866036431 0.02646458301
0.00399986779781 -0.00197978684461 0.0273546793926
-0.00336674896339 0.00366023108227 0.0221076889272
-0.00198940539587 0.0026988484492 0.0223871708576
-0.000498262466517 0.00174266343607 0.0226159997627
0.000767737326527 0.000690781362846 0.0229689034859
0.00165829416023 -0.000371532599266 0.0235573678493
0.00243981362798 -0.00138439257636 0.0242113386059
0.00306308544407 -0.00234326771557 0.0249601481459
0.00340076828454 -0.00326654817844 0.0259204282042
0.00377618240619 -0.0040636451183 0.0267793586996
-0.00279067381657 0.00295186798852 0.0218613922129
-0.00129713791778 0.00156892842797 0.0219875312041
7.89105592107e-05 0.000277516405397 0.0222115329494
0.00121381571733 -0.000983754979198 0.0225503939018
0.00201072881253 -0.00220356423461 0.0230859793909
0.00258216293303 -0.00335002142233 0.0238079540213
0.0029049301162 -0.00446276186357 0.0247793005672
0.00322598757543 -0.00552735890825 0.0257934154079
0.00380788098794 -0.00626932267157 0.0262213959804
0.0151843062054 0.00360146210244 0.0114724268247
0.0119761897815 0.00380811019331 0.0120459546446
0.0095607242161 0.00528347766728 0.0131510845993
0.00749023795063 0.00721884728575 0.0143368183985
0.00663125174712 0.010178823825 0.0158740756622
0.0160850683845 0.00208411758565 0.015320062052
0.0125539457091 0.00236766301646 0.0156649616226
0.00991265982909 0.00375085814321 0.0166064788201
0.00796800399112 0.00578795684472 0.0179274563764
0.0071000585777 0.00863920667581 0.019708372347
0.0165830004497 0.0010248950876 0.0192351173261
0.0130312326204 0.00098200192215 0.0192490722699
0.010470372959 0.00247250824266 0.0201451759005
0.00844911328616 0.00428809814505 0.0214488975828
0.00777783881006 0.00709217456995 0.0233539373442
0.0169254217013 7.0109507178e-06 0.0230020801785
0.0133950379963 -0.00046543109163 0.0229097319608
0.0109463077804 0.00109512650706 0.0236947230353
0.00915242222801 0.00275497133334 0.0250121485566
0.00872054289155 0.00541014189108 0.0269107060513
0.0167584923964 -0.000383393919714 0.0267860135806
0.0139270441042 -0.000368110825801 0.0268433557917
0.0120362204547 0.000491270624711 0.0273684178473
0.0111928965095 0.00188621720457 0.0283157764276
0.0108458679269 0.00353410926926 0.0299119827462
0.0103729742984 0.0130796971939 -0.0126641705611
0.00973351621387 0.0150050795287 -0.0111935783872
0.00827063771246 0.0164540454532 -0.0102885459611
0.00640248198769 0.0176804656905 -0.00974720696883
0.00385943494304 0.0183344843915 -0.00985358907673
0.0102632079114 0.0122592181176 -0.0105893576605
0.00921357956723 0.013829397075 -0.00973713803895
0.00817493838562 0.015396721328 -0.00890468889874
0.00620827417982 0.0163461440192 -0.00846183682334
0.00404236123552 0.0170374773596 -0.0081758660551
0.0105730421342 0.0114819417813 -0.00822997451165
0.00905080635251 0.0126591667241 -0.00791341024181
0.0079612715389 0.0141342955214 -0.00723169157047
0.00613962119585 0.0150625977341 -0.00668294482854
0.00451454993995 0.0161034879006 -0.0059104679705
0.0104621569605 0.0103895300898 -0.00578197946042
0.00917961781571 0.0116563316525 -0.0056115233018
0.00792231278227 0.0128536135414 -0.00511508785373
0.00643285434839 0.013775199011 -0.00446621006793
0.00498028514366 0.0146230731305 -0.00352837892503
0.0100157251397 0.00870922468341 -0.00336227911871
0.00881058152763 0.0101730176871 -0.00323710515958
0.0074973276988 0.0112078858409 -0.00288614947049
0.00619507187126 0.0119596737168 -0.00214361891571
0.00482035355006 0.0123560308793 -0.00110656267257
0.00896764965003 0.00510022567331 -0.0301065271816
0.00174236125499 0.00791974614117 -0.0317571529153
-0.00424561273734 0.0112331720926 -0.0308861904182
-0.00895107376658 0.0149512551099 -0.0272734035276
-0.012548254483 0.0193038379051 -0.0213168371925
0.00909742003813 0.00759167719268 -0.0284474314312
0.00353408538482 0.0104777162411 -0.02935728853
-0.001441353419 0.0133299306566 -0.0278194876888
-0.00554940368577 0.0170027371368 -0.0252416384298
-0.00881655588938 0.0203572891935 -0.0200243038984
0.00902996855946 0.00982138588909 -0.0257519797212
0.00454352592462 0.0121401878477 -0.0257978191988
0.000824872470807 0.0149033956049 -0.0248299079136
-0.00253129774579 0.0172714265837 -0.0220279118622
-0.00512136020505 0.0204382024703 -0.0184700865254
0.00938481877094 0.0125064584143 -0.0227265636076
0.00545430278288 0.0139945115083 -0.0230546690587
0.00269355081011 0.0164237247219 -0.0226222631397
0.000176133717858 0.0183164560472 -0.0205101991161
-0.00151274206717 0.0206836626116 -0.0172480002722
0.00947178413101 0.0145899756046 -0.0185773650223
0.00627822780869 0.0160282275749 -0.0205576323706
0.0039015874105 0.017388757433 -0.0207640855318
0.00247775757583 0.0188529398563 -0.0192186932215
0.00174632651919 0.0200805586547 -0.0159250908035
0.0197081522622 -0.00146090674898 -0.0180475343288
0.0191622718614 -0.00240047073054 -0.0172323845307
0.018311158401 -0.00307976592583 -0.0162836674611
0.0175564206495 -0.00376545670562 -0.0153952096024
0.0170120073225 -0.0045841109555 -0.0145823283747
0.0165631439178 -0.00546367386202 -0.0137824315257
0.0160816347626 -0.00628362567467 -0.0129609337764
0.0155367771121 -0.0069980445259 -0.0121294422337
0.014962058399 -0.00763655224801 -0.0112975616574
0.0143706995709 -0.00821181269378 -0.0104703892131
0.0137483402255 -0.0087059270974 -0.00965573544843
0.0131740497807 -0.0092110286293 -0.00884819091012
0.0126325792771 -0.00971203336128 -0.00804414531852
0.01214921677 -0.0102331412443 -0.00724188080711
0.0117133192929 -0.0107609400781 -0.0064368535193
0.0113075897678 -0.0112715988613 -0.00563313438463
0.0109379114092 -0.011767818866 -0.00482784342579
0.0104789006619 -0.0121384007662 -0.00404211446923
0.010072055201 -0.0125103920063 -0.00325681234438
0.0189801092629 -0.000876141278258 -0.0201544196344
0.0182503145003 -0.00197227563258 -0.0192889477902
0.0173782636923 -0.00289656343821 -0.0183480904996
0.0166152540788 -0.00380910549478 -0.0174626739911
0.0159982711389 -0.00477086224218 -0.0166409759914
0.0154597633795 -0.00575574414979 -0.0158335091533
0.0149305531437 -0.00670347491603 -0.0150102257447
0.0143795789463 -0.00757297091499 -0.0141672120094
0.0138114565264 -0.00835998236581 -0.0133122150979
0.0132344098434 -0.00907212840503 -0.0124459044393
0.0126602298105 -0.00972189094541 -0.0115731244466
0.012124529355 -0.0103513617368 -0.0107049578906
0.0116070943735 -0.0109393328019 -0.00983070464384
0.0110797763529 -0.0114510128751 -0.00894905253675
0.0106275722643 -0.0119879939205 -0.00806789715985
0.0102383019871 -0.0125339114892 -0.00717337436884
0.00983600872632 -0.0129880450692 -0.00627914974231
0.00945045445314 -0.0133898354208 -0.00537630993407
0.00906448038198 -0.0137173244575 -0.0044735222879
0.0181572359696 -0.000203522113469 -0.0221290590284
0.0171637142594 -0.0014280092672 -0.0211432810997
0.0162877125963 -0.00258106979533 -0.0202273123833
0.0155287820705 -0.00370357629662 -0.0193704804327
0.0148865265631 -0.00483760246178 -0.0185587918406
0.0142940982883 -0.00595136807393 -0.0177480705753
0.0137213720972 -0.00702169409391 -0.0169198615801
0.0131440580312 -0.00801359396375 -0.0160700322507
0.012565155957 -0.00892777881608 -0.0151940912379
0.0119938500271 -0.00977098661063 -0.0142977179397
0.0114159851029 -0.0105149087373 -0.0133871974066
0.0108701675952 -0.0112197123577 -0.0124648942432
0.0103473965608 -0.0118711011368 -0.0115305060026
0.00981408023573 -0.0124169925881 -0.0105804309373
0.00934855092382 -0.0129768566275 -0.00962277763479
0.00891696636292 -0.0134938511746 -0.00865400405167
0.00852414866167 -0.0139711127047 -0.00767032542238
0.00814709982974 -0.0143710942999 -0.00667095729619
0.00779175985736 -0.0146982992673 -0.00565783669608
0.0168752013095 0.000634579449511 -0.0236785088277
0.0158772889164 -0.000793532437489 -0.0227344670785
0.0150876505922 -0.0021828349936 -0.0219192864317
0.0143737237742 -0.00352512483579 -0.0211212790748
0.0137178719059 -0.00482747184646 -0.0203317785093
0.0131001152647 -0.00608866412183 -0.0195313163618
0.0124754941218 -0.00726218295503 -0.0186892248009
0.0118544355184 -0.00834701427711 -0.017819009087
0.0112417317309 -0.00934670480459 -0.0169174362555
0.0106406532986 -0.0102592648605 -0.0159928376324
0.0100483021502 -0.0110785953404 -0.0150413638337
0.00947452721105 -0.0118192586035 -0.0140701999988
0.00894111135206 -0.0125202712039 -0.0130890239935
0.00841178932517 -0.0131192855235 -0.0120795716586
0.00790957761971 -0.0136571323229 -0.0110512073253
0.00746056699438 -0.0141778894837 -0.0100110840312
0.00707130762483 -0.014685381594 -0.00895548812618
0.00671201495413 -0.0151204421622 -0.00787193702254
0.00635020497186 -0.0154221660511 -0.0067652962851
0.0153446165161 0.00148621474009 -0.024887944336
0.0145241822249 -0.000150337846506 -0.0241317837664
0.0138312169365 -0.00174503100508 -0.0234396213602
0.0131594146998 -0.00327875375064 -0.0227198612754
0.0125027754799 -0.00474857714489 -0.0219647280573
0.0118572017737 -0.00614574124205 -0.021172874944
0.0111878814899 -0.00741857583384 -0.0203149198766
0.0105012728551 -0.00854935166645 -0.0193995661011
0.0098448761525 -0.00959699616344 -0.018465580927
0.00920391000789 -0.0105408164388 -0.017498135802
0.00859628026408 -0.0114137620788 -0.016514035002
0.00801768505342 -0.0122137210601 -0.0155067631521
0.00746747144937 -0.0129403909283 -0.0144793686944
0.00692668092928 -0.0135555858846 -0.013414158933
0.00641218602216 -0.0140945978882 -0.0123266739161
0.00595123572243 -0.0146195727416 -0.011224287577
0.00555442420361 -0.0151451563941 -0.0101076836701
0.00519376924345 -0.015599242484 -0.00895796857575
0.00484135513303 -0.0159173020885 -0.00776691882546
0.0139046449799 0.00225505658952 -0.0260068930166
0.013208425195 0.000462177512951 -0.0254169244648
0.0125622888474 -0.00129271445875 -0.0248225406557
0.011930730204 -0.00300401078153 -0.024192984144
0.0112776185562 -0.00463941536934 -0.0234865054357
0.0105914210524 -0.00615492982018 -0.0226923522819
0.00985145978446 -0.0074813583894 -0.0217851567639
0.00911101791702 -0.0086512823486 -0.0208155900371
0.00840962251221 -0.00971969415224 -0.0198311746849
0.00775370014246 -0.0107154606301 -0.0188335877619
0.00713388988503 -0.0116320348967 -0.0178139508327
0.00654432464583 -0.0124617639214 -0.0167704042028
0.00597839289407 -0.0131936318515 -0.0156910087627
0.00543193799001 -0.0138145616647 -0.0145803163323
0.0049051822357 -0.014329116601 -0.0134345425866
0.0044289148221 -0.0148286101018 -0.0122731721148
0.00401496119396 -0.0153400933076 -0.0111018307234
0.00364243010427 -0.0157936287905 -0.0098949038813
0.00330554454161 -0.0161586819996 -0.00864632860518
0.0125286199332 0.00297788644832 -0.0270397274267
0.0119603207246 0.00104877909867 -0.026639913351
0.0113494102265 -0.00085452150779 -0.0261544096589
0.010737727218 -0.00273523577622 -0.0256148578443
0.0100576898941 -0.00451567660894 -0.0249419930917
0.00930787433212 -0.00612628954538 -0.0241155332827
0.00851263251737 -0.00752106626851 -0.023152003512
0.00771351934264 -0.0087031650714 -0.0221045102836
0.00696706691379 -0.00976653097623 -0.0210452381932
0.00628943371186 -0.0107790132367 -0.019997956685
0.00566380927371 -0.0117323500627 -0.0189489133158
0.00507173725415 -0.0125940561891 -0.0178710788355
0.00450463995118 -0.013342115448 -0.0167520479625
0.00396294771919 -0.0139783911807 -0.0155983694476
0.00344745594763 -0.01451091575 -0.0144086653059
0.00296998620118 -0.0149892101252 -0.0131955296855
0.00253949516922 -0.0154476452807 -0.0119646040815
0.00216330113405 -0.0159024083922 -0.0107093163788
0.00183539737064 -0.0163072147458 -0.00941620574231
0.0112668702483 0.00367453358351 -0.0280603572368
0.0107327081746 0.00163991165914 -0.0277854862883
0.0101260635934 -0.000392346723277 -0.0273931386202
0.00949605322969 -0.00241161017999 -0.026920567454
0.00879697067644 -0.00434265401409 -0.0262993342679
0.00797549755939 -0.00603130597944 -0.0254166680117
0.00713061324282 -0.00748599160833 -0.024388273074
0.00628296592887 -0.00866908295197 -0.0232409967202
0.0055139159757 -0.00974163431449 -0.0221116555636
0.00482670341221 -0.0107749505356 -0.0210188472122
0.0041912865837 -0.0117293402744 -0.0199240830734
0.00359227185956 -0.0125757119125 -0.0187949082653
0.00303785107255 -0.0133667415232 -0.0176556684635
0.00251513997687 -0.0140588786955 -0.0164808859746
0.00201932376031 -0.0146312075218 -0.0152625551657
0.00155628946809 -0.0151197453023 -0.0140071574336
0.00112864104832 -0.0155407218179 -0.0127226307711
0.00075148309264 -0.0159699840072 -0.011422894079
0.000428237898909 -0.0163945216756 -0.0100930771122
0.0101488922428 0.00438073110562 -0.0291548603992
0.00951716589902 0.00224531430773 -0.0288672526516
0.00886183942501 0.000105530814765 -0.028511183768
0.00817767216519 -0.00201723239013 -0.0280705601637
0.00742775108074 -0.00405179397174 -0.0274628145097
0.0065917049487 -0.00587182046621 -0.0266039500796
0.00568815563662 -0.00734534345718 -0.025469851902
0.00482241502967 -0.00855685914131 -0.0242408496751
0.00404500433809 -0.00964330029433 -0.0230412262201
0.00335038295537 -0.0106705311555 -0.0218826082616
0.00271144215378 -0.0116012982651 -0.0207262184533
0.00211994271573 -0.0124414447081 -0.0195562295153
0.00157955312996 -0.0132666511305 -0.0183994928759
0.00107705758386 -0.0140275947646 -0.017219405491
0.00060264911912 -0.0146465273981 -0.015980532278
0.000158723608916 -0.0151416208715 -0.0146926626445
-0.000249153714657 -0.0155709839868 -0.0133750341761
-0.000614761236944 -0.0159897355369 -0.0120358043933
-0.000931395097142 -0.0164206503361 -0.0106736449378
0.00896764965003 0.00510022567331 -0.0301065271816
0.00830401004548 0.00286895850715 -0.0298946164995
0.0075482296195 0.000642263190991 -0.0295075690884
0.00680165921266 -0.00157029850277 -0.0290882962904
0.00598906296413 -0.00368592473828 -0.0284677907788
0.00511439884986 -0.00558478587331 -0.0275896499886
0.00419476441789 -0.00712002964306 -0.0263968822312
0.00332706102773 -0.00836619781082 -0.0250934957345
0.00255159036855 -0.00945795885774 -0.0238164961279
0.00186237637844 -0.0104787500571 -0.0225951951076
0.00123463182914 -0.0113978543754 -0.0213813823749
0.000659244302522 -0.0122272580328 -0.0201685663149
0.000134082203013 -0.0130636911262 -0.0189871462898
-0.00035235737906 -0.0138550426602 -0.0177968492548
-0.000804728141525 -0.0145255209289 -0.0165513350136
-0.0012231479554 -0.0150567465025 -0.0152497131654
-0.00160597954979 -0.0155055275012 -0.0139108116253
-0.00195113464718 -0.0159391407708 -0.0125495618543
-0.00225470169912 -0.0163845570474 -0.0111647463503
0.00758007035165 0.00579283598542 -0.0306837249994
0.00704243697192 0.00352681619961 -0.0308319925735
0.00615282371608 0.0012288124512 -0.030329687298
0.00533854914773 -0.00104910135001 -0.0299166264951
0.00447521048463 -0.0032345552756 -0.0292983459468
0.00356611907573 -0.00519515033658 -0.0283916335807
0.00264767557216 -0.00680098716315 -0.0271676560896
0.00179027216117 -0.0080770342967 -0.0257927230821
0.00103102892854 -0.00917653930952 -0.0244401798302
0.000359057356406 -0.0101852277716 -0.023153145912
-0.000245518951427 -0.0111056145154 -0.0218934349103
-0.000795236427278 -0.0119659468481 -0.0206600371209
-0.00130024612518 -0.0127862998591 -0.0194457836951
-0.00176749935675 -0.0135804456321 -0.0182356522299
-0.0021970915254 -0.0142701120057 -0.0169800986259
-0.0025876099173 -0.0148259784302 -0.0156673561618
-0.00294236585447 -0.015312982397 -0.0143229793014
-0.00326397573605 -0.0157881876867 -0.0129586834226
-0.00355045708181 -0.0162686058329 -0.0115671453978
0.00614413013077 0.00646423996979 -0.031063621751
0.00565330396977 0.00421187633386 -0.0315270836595
0.00468528183297 0.00185689963439 -0.0309787854782
0.0037931421409 -0.000459528452714 -0.0305260250079
0.0028772180129 -0.00267752894333 -0.029889468776
0.00194468417505 -0.00467620428827 -0.0289545832569
0.00103604894024 -0.00632506543308 -0.0276966471569
0.000209258636985 -0.00764975385443 -0.0262865469491
-0.000516999425301 -0.00879399417219 -0.0249033014277
-0.00115883651603 -0.0098181496634 -0.0235706879894
-0.00173316480184 -0.0107513767226 -0.0222785322905
-0.0022545769887 -0.0116293674014 -0.0210259985379
-0.00273410124458 -0.0124717939149 -0.0197986636132
-0.00317353895749 -0.0132416549266 -0.0185560680129
-0.00357631844832 -0.013947317291 -0.0172933662315
-0.00393588243197 -0.0145290402698 -0.015977505786
-0.0042588691265 -0.0150392763769 -0.0146283033789
-0.00455383466797 -0.0155431531088 -0.0132637907195
-0.00481894688048 -0.0160471129666 -0.0118697338227
0.0047126905534 0.00712989053432 -0.0313318842572
0.00416561789558 0.00491071716127 -0.0319880325284
0.00316112971369 0.00251857191376 -0.0314870624518
0.00217956963958 0.000196399791719 -0.0309172080736
0.00122163446379 -0.00203729206205 -0.0302607261782
0.000271267673615 -0.0040327964306 -0.0292544413069
-0.000615220540415 -0.00569780792201 -0.0279572929233
-0.00140070010553 -0.00707899412418 -0.0265522804374
-0.00208940262654 -0.00829208968686 -0.0251871394651
-0.00269829896981 -0.00938027497359 -0.0238603804115
-0.00324121774299 -0.0103546577289 -0.0225620045533
-0.00372951113286 -0.0112437985013 -0.0212830399799
-0.00417722686368 -0.012089683694 -0.0200322173916
-0.0045870046591 -0.0128779310491 -0.0187829730419
-0.00495230257924 -0.0135680980148 -0.0174979590777
-0.00527747237742 -0.0141748145136 -0.016183674951
-0.00556536592181 -0.0147100671071 -0.0148394403759
-0.00582582755118 -0.0152260501639 -0.01347273637
-0.00606208295472 -0.015743532221 -0.0120805274341
0.00326099029702 0.00778220424273 -0.0314384173101
0.00261969544901 0.00562005920463 -0.0322803387923
0.00158314055225 0.00321122467381 -0.031885523185
0.000522729503295 0.000894954215373 -0.0311308926219
-0.00047732279228 -0.00131303827266 -0.0303838695448
-0.00142661235796 -0.00329704630678 -0.0293345434222
-0.00228211997473 -0.00498949645559 -0.0280419787029
-0.00302838862305 -0.0064222685084 -0.0266586828572
-0.00368006040375 -0.00768136406917 -0.0252977432284
-0.00425506229047 -0.0088118582169 -0.023975985599
-0.00476645178616 -0.00983565007001 -0.0226836275786
-0.00522204261558 -0.0107620952295 -0.0214042276567
-0.0056347755391 -0.011622591191 -0.0201446749518
-0.00600845860458 -0.0124216605707 -0.0188872662108
-0.00633614648158 -0.013128546708 -0.0176037485361
-0.00661931272173 -0.0137494518771 -0.0162877079342
-0.00686439614524 -0.0143013273485 -0.0149467546624
-0.00708696561277 -0.0148410200026 -0.0135910099884
-0.00728537864652 -0.0153670558679 -0.0122063710101
0.00179519094017 0.00841986598539 -0.0313769407324
0.000997377676439 0.00632491677294 -0.0322753291857
-8.15489705525e-05 0.0039412170262 -0.0319841280203
-0.00117569065651 0.00164695761114 -0.031125653966
-0.00219558158646 -0.000515541744435 -0.0302551364653
-0.00313217414472 -0.00248172223341 -0.0291915455691
-0.00395670743068 -0.00419218309595 -0.0279255994617
-0.00466251167901 -0.00565231521158 -0.0265545927713
-0.00527773712205 -0.0069490383647 -0.0252139280941
-0.00582362132135 -0.00813261909511 -0.0239206187801
-0.00630179234375 -0.00919299237008 -0.0226375956519
-0.0067259914265 -0.0101600256181 -0.0213733976124
-0.00709988786801 -0.0110389010639 -0.0201129901307
-0.00743011126309 -0.0118461684218 -0.0188501666449
-0.00771899335326 -0.012582651114 -0.017578373697
-0.00796023817218 -0.0132321929162 -0.0162786570624
-0.0081626652038 -0.0138178534144 -0.0149562081642
-0.00834343571836 -0.0143861239418 -0.0136203253107
-0.00850430118233 -0.0149458821867 -0.0122586554896
0.000336096540586 0.00906229119943 -0.0312187001141
-0.00065691732331 0.00701465638424 -0.0319742977214
-0.00179420671676 0.00470023232328 -0.0316647582184
-0.00289744720521 0.00243876064544 -0.0309093685257
-0.00391793321939 0.000327122451097 -0.0299606593559
-0.00483525199064 -0.00160332593462 -0.0288643446013
-0.00562742673925 -0.00330930109989 -0.0276084933301
-0.00630071452856 -0.00479837828943 -0.0262818802271
-0.00689419515347 -0.00614851285365 -0.0249979282986
-0.00741707227889 -0.00737779407422 -0.0237396486237
-0.0078583313926 -0.00846290698581 -0.0224612937705
-0.00824052704874 -0.00944694541853 -0.0211958705375
-0.00858508909797 -0.0103728465234 -0.0199598173366
-0.00887845573399 -0.0112120449007 -0.0187167523109
-0.00912641846397 -0.011981040617 -0.0174605109608
-0.00931863358225 -0.0126543501182 -0.0161766647347
-0.00947233115755 -0.0132714950588 -0.0148747444295
-0.00961104463524 -0.0138814671715 -0.0135676539511
-0.00971857899063 -0.0144529386322 -0.0122286931178
-0.00112047103392 0.00974913373995 -0.0311042498478
-0.00230244909025 0.0077135730173 -0.0315770054858
-0.00349411789616 0.00547095013912 -0.0311428701108
-0.00462885807354 0.00327296042664 -0.0304950374329
-0.00564507704701 0.00120855925442 -0.0295179663754
-0.006528980494 -0.000668787772786 -0.0283582648378
-0.00728529721853 -0.00235076362878 -0.0271045497236
-0.0079551861588 -0.00388506621541 -0.0258798868009
-0.00855693697932 -0.00530549946449 -0.0246917628289
-0.00906709713871 -0.00658074988123 -0.0234741144185
-0.00947527114071 -0.00769641594906 -0.0222078924917
-0.00980309385326 -0.00868478903407 -0.0209282413209
-0.0101020610907 -0.00962706319552 -0.0196955515882
-0.010352841175 -0.0104951678213 -0.0184676733359
-0.0105617387939 -0.011301807777 -0.0172405128783
-0.0107052780123 -0.0120119766199 -0.0159808384144
-0.0108075868417 -0.0126660105361 -0.0147069440162
-0.010905394412 -0.0133259620815 -0.0134391292477
-0.010958904599 -0.0139314133592 -0.0121300468729
-0.00263552349946 0.0104929806538 -0.0310639777724
-0.0039650412393 0.00843945935825 -0.0311800189256
-0.00518654275944 0.00625632614133 -0.0305377254469
-0.00634373649774 0.00414134956694 -0.0298400789629
-0.00735541871647 0.00214420061036 -0.0288597345057
-0.00820983775196 0.00031742240656 -0.0276868726698
-0.00895712982818 -0.00135627015752 -0.0264940540965
-0.00964257829729 -0.00291815902696 -0.0253642812164
-0.0102472996725 -0.00436403908078 -0.0242318084473
-0.0107433223327 -0.0056688606318 -0.0230440662055
-0.0111327303759 -0.0068279734738 -0.0218156539704
-0.0114235028242 -0.00785251285283 -0.0205572729752
-0.0116700016546 -0.00880833917966 -0.019330242279
-0.0118726433002 -0.00970144327493 -0.0181200941352
-0.0120181285637 -0.0105190221824 -0.0169027774843
-0.0121209968847 -0.0112828429312 -0.0156831936682
-0.0121855586092 -0.0119999032779 -0.0144571445987
-0.0122182639997 -0.0126828825898 -0.0132177455059
-0.0122024528474 -0.0133134421306 -0.0119419089366
-0.00424561273734 0.0112331720926 -0.0308861904182
-0.00564448974899 0.00916645555516 -0.0305922050885
-0.00690872544294 0.00706729128129 -0.0299075540533
-0.00810550912932 0.00503244355087 -0.0291922494468
-0.00912624164614 0.00309430092652 -0.0282047181166
-0.00999855120304 0.00129373119813 -0.0270936132531
-0.0107347506076 -0.000360806334412 -0.0259106055338
-0.0113826552461 -0.0018916260669 -0.0247460235777
-0.0119586179126 -0.00332097109509 -0.0236068603544
-0.0124364046208 -0.00463565325429 -0.0224456791497
-0.0127915562125 -0.00581116713704 -0.0212383966561
-0.0130633585178 -0.00688548212833 -0.0200271083843
-0.013249059807 -0.00785448844499 -0.018809549778
-0.0133867185495 -0.00876065353739 -0.0176127601018
-0.013478038961 -0.00960989464133 -0.0164284546809
-0.0135192506291 -0.0104016244784 -0.0152452572102
-0.0135214467929 -0.0111531301716 -0.0140598187448
-0.0135024638086 -0.0118878819509 -0.0128721012861
-0.0134380439562 -0.0125798408889 -0.0116591709942
-0.014083792814 0.0222299746752 -0.00562634574831
-0.0142652696757 0.0217009388204 -0.00473059065858
-0.0142853936564 0.0209611927581 -0.00391679168626
-0.0141663419139 0.0200925893633 -0.00318591469897
-0.0140458929416 0.0192296185179 -0.00248005157068
-0.0140074573223 0.0184160515432 -0.00174842724935
-0.0140332821064 0.0176242766934 -0.000996203537033
-0.0140465614359 0.0168045627298 -0.000265732860928
-0.014039604337 0.0159565558857 0.000435423963485
-0.0140081327758 0.0150768834899 0.00110762783153
-0.0139649358947 0.0141739053511 0.00175467203964
-0.0138982925584 0.0132434699399 0.00236218901172
-0.0137946117756 0.012275765136 0.00291759753337
-0.0136877309279 0.0112825049781 0.00344377745239
-0.0136259762058 0.0102859780215 0.00398148148917
-0.0136533540779 0.00931322907248 0.00458258186641
-0.0137768283539 0.00838238912539 0.00527795782909
-0.0138917258838 0.00744195445665 0.00597432829955
-0.0139426542624 0.0064534611078 0.00659530597786
-0.0144850017525 0.0224572125062 -0.0076029353246
-0.0146789798191 0.0215577360241 -0.00676864646989
-0.0148360513918 0.0206481384018 -0.00595809014635
-0.0149294133165 0.019705502465 -0.00517571635576
-0.0150192090605 0.0187843606293 -0.00440778705554
-0.0151312982069 0.0178866996141 -0.00363377648682
-0.0152694775053 0.0170061711452 -0.00285406129041
-0.0153815155495 0.0161086079999 -0.00208992714388
-0.0154673059974 0.0151963048972 -0.00134341501075
-0.0155265650727 0.0142678756318 -0.000611626510872
-0.0155548254275 0.0133200004868 0.00010554201687
-0.0155593141731 0.0123615527947 0.000801791396664
-0.0155541052542 0.0113936045948 0.00149237241766
-0.0155196304716 0.0104114533777 0.00215879753191
-0.0154822056797 0.00942169525162 0.00282476219194
-0.0154646036262 0.00843328326979 0.0035138609499
-0.0154938397518 0.0074678720719 0.00425123892728
-0.0154987298281 0.00649780816324 0.00499015984339
-0.0155469875448 0.00557054968561 0.00580760375584
-0.0144541793794 0.0221925238254 -0.00962173272121
-0.0148343359563 0.0211841482582 -0.00877385359927
-0.01518527977 0.0201974400103 -0.00793599423493
-0.0155017196289 0.0192189639759 -0.0071089175156
-0.0157908802473 0.0182506862443 -0.00629256838882
-0.0160667106104 0.0172931839214 -0.00547673633092
-0.0163319187363 0.016343440092 -0.00466184385911
-0.0165609136511 0.0153853884408 -0.0038558634948
-0.0167281029488 0.0144079278659 -0.00306698674206
-0.0168648019288 0.0134255520921 -0.00228226972863
-0.0169835088292 0.0124441518402 -0.00149879306913
-0.0170649081794 0.0114550368813 -0.000721992452121
-0.0171035539516 0.0104596535546 4.14438686338e-05
-0.0171267663539 0.00946319491159 0.000812969552575
-0.0171119015607 0.00846117367929 0.001578934229
-0.0170549175681 0.00745582034357 0.00233358483249
-0.0169889206003 0.0064560313926 0.00310665679252
-0.0169177760275 0.00546840326245 0.0039076696532
-0.0168278717105 0.00449561863576 0.00473528128422
-0.0142148621169 0.0216733560812 -0.0115375370049
-0.0148045659276 0.0206425918636 -0.0106756970621
-0.0153847117612 0.0196560315087 -0.00981867501833
-0.0159196532772 0.018660774989 -0.00895977074296
-0.0164018322535 0.0176561913681 -0.00810672116996
-0.016834794512 0.0166459658241 -0.00725698066164
-0.0172177951357 0.0156298537374 -0.00640912620958
-0.0175529172141 0.0146120746649 -0.00556645507161
-0.0178079449131 0.013579777973 -0.00473618428508
-0.018022693634 0.012549983989 -0.00390592345741
-0.0182079950884 0.0115261110803 -0.00307264943171
-0.0183296520468 0.0104963787771 -0.00224579263898
-0.0183972182571 0.00946769363741 -0.00142642738935
-0.0184132838728 0.00843780158484 -0.000607567558915
-0.0183585755159 0.00740395558667 0.000200554708394
-0.0182682521916 0.00637637240369 0.00101302095994
-0.0181717544937 0.00536246527616 0.0018513270251
-0.0180406798816 0.00435773195201 0.00270764123237
-0.0178520476501 0.00336212838265 0.00356991812051
-0.0139400038727 0.0211308570755 -0.0133188988084
-0.0147509408473 0.0201194251302 -0.0124578950969
-0.0155412317699 0.0191245491735 -0.0115924900422
-0.0162575000657 0.0180909500547 -0.0107194770373
-0.01688599177 0.0170262158399 -0.00984681991687
-0.0174540807957 0.015957002322 -0.00897106844392
-0.0179453265269 0.0148776704231 -0.00809560364324
-0.0183587146125 0.0137960878556 -0.00722704795504
-0.0186625463499 0.0127017823942 -0.00636847285869
-0.0188917486166 0.0116115875631 -0.00551385394405
-0.0190987707882 0.0105405086612 -0.00465185458307
-0.0192599280381 0.00947870627584 -0.0037857726538
-0.0193641780954 0.00842146867568 -0.00291511117819
-0.0193928332714 0.00736650276323 -0.00204642852265
-0.019325162932 0.00631320474148 -0.00119029029043
-0.0191986673343 0.00526813172051 -0.000332230775797
-0.0190676152939 0.00424065488825 0.000554199385865
-0.0189045837211 0.00322656414763 0.00146697658748
-0.018630003773 0.00221658995317 0.00236749523081
-0.0136807607493 0.0206532191028 -0.0149943695481
-0.0146903629092 0.0196411449032 -0.0141459341867
-0.0156537282118 0.0186073364459 -0.0132863389591
-0.0165554459963 0.017539579278 -0.0124045623663
-0.0173513102941 0.0164281137507 -0.0115164695687
-0.0180440774166 0.0152889193682 -0.0106164871616
-0.0185972920408 0.0141231542079 -0.00971816699163
-0.019023778268 0.0129516829731 -0.00882496090443
-0.0193296503024 0.0117872166896 -0.0079431485442
-0.0195660107492 0.0106424600504 -0.00705948766875
-0.0197743235043 0.00952786515703 -0.00617279835316
-0.0199551173165 0.00843388955689 -0.005274602039
-0.0200906946479 0.00735324375105 -0.00436482047909
-0.0201113117525 0.00627817102269 -0.00346330458265
-0.0200297607627 0.00521010922996 -0.00256460937238
-0.0198652508358 0.00415421939604 -0.00166680833285
-0.0196730101322 0.00311476645004 -0.000748487431829
-0.0194515259476 0.00209215503637 0.000195460341397
-0.0191312349391 0.00108182156471 0.00114212242336
-0.0134756738832 0.0203202313099 -0.0166222574254
-0.0146211057754 0.0192175507704 -0.0157810779911
-0.0157438486053 0.0181259472035 -0.0149275299053
-0.0168326376881 0.0170225684497 -0.014051363475
-0.0178066378959 0.0158591479916 -0.0131490270767
-0.0185959489423 0.0146283871181 -0.0122262718211
-0.0191685617787 0.0133533506834 -0.0112943541446
-0.0195520045056 0.0120785390297 -0.0103708259846
-0.0198669201081 0.0108527571145 -0.00945720752809
-0.0201081995128 0.00965854771273 -0.00853930710041
-0.0203140595007 0.00850486850369 -0.00762360200541
-0.0204918832227 0.00738081184246 -0.0066991600361
-0.0206024027913 0.00627412874313 -0.00576542155808
-0.0206130833754 0.00518221312959 -0.00482902876067
-0.0205220591597 0.00410684168216 -0.00389225719182
-0.0203237960597 0.00304925739666 -0.00295807621029
-0.0200814471712 0.00200982784472 -0.00200727665718
-0.0197990227384 0.000987370841594 -0.00103339684312
-0.0194386709495 -1.76409287469e-05 -4.47827352405e-05
-0.0132437109594 0.0200251331151 -0.0182252022506
-0.01452385 0.0188263135886 -0.0173846449429
-0.0157645505016 0.0176359421001 -0.0165352934015
-0.0170023676414 0.016467442126 -0.0156697016636
-0.0181321101645 0.0152403326598 -0.0147644903018
-0.0190153924162 0.0139183446564 -0.0138159277487
-0.0195965645458 0.0125369298571 -0.0128408709753
-0.0199535187403 0.0111742268619 -0.0118717260373
-0.0202367501877 0.00988126506903 -0.0109173994817
-0.020490880814 0.00864889788372 -0.00996653859126
-0.0207082204987 0.00746455077754 -0.00901871083397
-0.0208642478938 0.00631200173932 -0.00806478187762
-0.020929945362 0.00518649952095 -0.0071075628159
-0.0209331008822 0.00408586408586 -0.00614050013932
-0.0208421702722 0.00300796836817 -0.0051667846966
-0.0206419020021 0.00195310462528 -0.00418897709777
-0.0203496881469 0.000921157044795 -0.00320392742133
-0.0200380478677 -9.21083316174e-05 -0.00219277054645
-0.0196632322729 -0.00108605901265 -0.00115903186644
-0.0129576392575 0.0197247799083 -0.01980458169
-0.0143563937848 0.018419466941 -0.0189684357546
-0.0157068564656 0.017123455572 -0.0181184713808
-0.0170653651711 0.015868956926 -0.0172650021862
-0.0182682064573 0.0145336544026 -0.0163523543855
-0.0192119569152 0.0131153786816 -0.0153761658585
-0.0198560045602 0.0116647672293 -0.0143648166921
-0.0202057810296 0.0102293134752 -0.0133394135888
-0.0204701244647 0.00888230102847 -0.012337624006
-0.0207129083025 0.00761065983891 -0.0113470854538
-0.0209072730049 0.00639692867634 -0.0103655133334
-0.0210267129245 0.0052254233111 -0.00938248343655
-0.0210784196398 0.00409006252367 -0.008394295471
-0.0210837247479 0.00298438340781 -0.00739512576815
-0.0209991747994 0.00190787054852 -0.00638787180352
-0.0207885317847 0.000861687734576 -0.0053747433656
-0.0205181785388 -0.000160466343535 -0.00434573470979
-0.0201983028908 -0.00116333950732 -0.00329293302386
-0.0198250080121 -0.00214619420133 -0.00221425753967
-0.012548254483 0.0193038379051 -0.0213168371925
-0.0141000667583 0.0179704361994 -0.0205331263877
-0.015512590898 0.016531435684 -0.0196633475302
-0.0170001219446 0.0152079627032 -0.0188400600015
-0.0182814689196 0.0137732939512 -0.0179237104168
-0.0192473404762 0.0122487103184 -0.0169113909158
-0.0199007780647 0.0107155840226 -0.0158491890192
-0.0202712743686 0.00922775387431 -0.0147680173993
-0.0205295404557 0.00783920573203 -0.0137140818293
-0.0207670363131 0.00653775905099 -0.0126821367104
-0.0209256809412 0.00530120293961 -0.0116602078273
-0.0210037250931 0.00411923290417 -0.0106424721806
-0.0210522254388 0.00298032539313 -0.00962330170767
-0.0210570194946 0.00187735015244 -0.00859887778658
-0.0209710563545 0.000806009057368 -0.00756118736105
-0.0207623537156 -0.000229081892189 -0.00651330127223
-0.020497495748 -0.00123637765092 -0.00545190245739
-0.0201972797688 -0.00222926054174 -0.00436017630924
-0.0198505110941 -0.00320381285557 -0.00323978851449
-0.0119540001986 0.0186505364103 -0.022674995531
-0.0137350590268 0.0174496682385 -0.0220701988154
-0.0151790315389 0.0158586979244 -0.0211712479324
-0.0167078007017 0.0144165023754 -0.0203522068824
-0.0180925110791 0.0129140411457 -0.019455685596
-0.0190880714645 0.0113013444772 -0.0184096614173
-0.0197547853206 0.00970039101668 -0.0172959489447
-0.0201294043905 0.00816984423973 -0.0161578177619
-0.0203756565778 0.00674853949935 -0.0150443819234
-0.0205918924942 0.00542697063897 -0.0139672821464
-0.020728903 0.00418020391717 -0.0129039956774
-0.0207671303548 0.00300041592432 -0.0118494535559
-0.0207968218619 0.0018689918241 -0.01080343896
-0.0208002186108 0.000771754226502 -0.00975150581593
-0.020715590331 -0.000287469345536 -0.00868863063801
-0.020543114516 -0.00131081401005 -0.00761293376991
-0.0203005216309 -0.00230425122103 -0.00652134413092
-0.0200211303373 -0.00328222052514 -0.00540243009975
-0.0197322532983 -0.0042551676138 -0.00424728533972
-0.0112379547913 0.0178670675227 -0.0239033779933
-0.0132172207448 0.0168017532422 -0.0235425736386
-0.0146945436751 0.0150874866328 -0.0226213196773
-0.0162231700876 0.0135176472571 -0.0217911990569
-0.0176321540694 0.0119267339293 -0.0209003413924
-0.0187084465391 0.0102673554595 -0.0198568940756
-0.0193831250247 0.00861377047809 -0.0186923280532
-0.0197777313603 0.00705312799258 -0.0174966233695
-0.0200111015975 0.00561352881412 -0.0163230601263
-0.0201963166081 0.00428306615468 -0.0151940671917
-0.0203259196998 0.00303813038052 -0.0140929392716
-0.0203634836739 0.00186566026089 -0.0130014672054
-0.0203860767365 0.000744806139525 -0.011925178974
-0.0203889853947 -0.000339153204719 -0.0108510268655
-0.0203161228916 -0.0013831743693 -0.00976683183286
-0.0201794232756 -0.00239444592337 -0.00866921646095
-0.0199794391303 -0.00337813035489 -0.00755224853877
-0.0197196262586 -0.00433785248969 -0.00641227859373
-0.0194382991036 -0.0052918496884 -0.00523862072542
-0.0104521306361 0.0170419478295 -0.0250531516293
-0.0125097957425 0.015980194071 -0.0248851971987
-0.0140823778446 0.0142418990096 -0.0240373434403
-0.0155535402575 0.0125221888659 -0.0231507077604
-0.0169590581958 0.0108471588142 -0.0222601096523
-0.0180468890774 0.00913302677848 -0.0212019858533
-0.018744708223 0.00745093644713 -0.0200008428973
-0.019127841511 0.00587756396477 -0.0187441434774
-0.0193944198082 0.00444066330877 -0.0175320673257
-0.019601500273 0.00311243254892 -0.0163642471267
-0.0197399806711 0.00187405570835 -0.015225841935
-0.0198302682774 0.000706604361838 -0.0141110142183
-0.0198770224901 -0.000405252694902 -0.0130095957498
-0.0199038384697 -0.00148000465897 -0.0119151627195
-0.0198359204497 -0.00250520434794 -0.010809188445
-0.0197108232919 -0.00349716285958 -0.00969106684758
-0.0195106093766 -0.00445432235018 -0.00855418445795
-0.019260408398 -0.00538952428432 -0.00739504711397
-0.0189897545047 -0.00632002228524 -0.0062061316145
-0.00958723120253 0.0161620635516 -0.0261161132571
-0.0116750513575 0.0150599599871 -0.0261395602633
-0.0133620066642 0.0133307758152 -0.0254422015356
-0.0147637075926 0.0114690603786 -0.0244763007646
-0.0161104483066 0.00969526507532 -0.0235448636276
-0.0171757992134 0.00793162533927 -0.0224602594608
-0.0178712288851 0.00623245751493 -0.0212184714451
-0.0182964537069 0.00466370963679 -0.0199297067603
-0.018601954146 0.00323076550421 -0.0186807840369
-0.0188570165415 0.00190797364285 -0.0174897516684
-0.0190447991758 0.000673586618203 -0.0163292745304
-0.0191594712141 -0.000484326148415 -0.0151872724887
-0.0192353870707 -0.00158638132834 -0.0140646946426
-0.0192646226414 -0.00264273301155 -0.0129476161682
-0.0192142478137 -0.00364899869777 -0.0118219601631
-0.0190726663155 -0.0046067304559 -0.0106785097407
-0.0188685799131 -0.00552764318384 -0.0095226214555
-0.0186219553648 -0.00642674025055 -0.00834887029268
-0.0183811543246 -0.00733387876715 -0.00715134010863
-0.00863867580265 0.0152200103305 -0.0270789301674
-0.0106765703847 0.0140036746821 -0.0272332838652
-0.0123540444491 0.0122138779159 -0.0266063550825
-0.0137385023784 0.0102974505438 -0.0256487798452
-0.015016872489 0.00845526868731 -0.0246791134878
-0.016042434117 0.0066644546451 -0.0235693430173
-0.0167537211886 0.00496866430193 -0.0223122346371
-0.0172503736812 0.00341403853241 -0.0210275809307
-0.0176475518368 0.00198741197454 -0.0197878920913
-0.0179621552686 0.000664895138696 -0.0185830090017
-0.0181950322133 -0.000565091312305 -0.0174049784962
-0.0183363269196 -0.00171156237549 -0.0162378969357
-0.0184140067834 -0.00279313631045 -0.0150844189835
-0.0184370087301 -0.00382124865368 -0.0139401796897
-0.0184068689919 -0.00480451918269 -0.0127973635028
-0.0182751718277 -0.00572591693417 -0.0116366411068
-0.0180794612503 -0.00660630230309 -0.0104640838724
-0.0178690677179 -0.00747822696201 -0.00928048602728
-0.0176490896694 -0.00835304472127 -0.00807432046097
-0.00761980734139 0.0142418495349 -0.0279712949531
-0.009545548903 0.0128515861213 -0.0281729474831
-0.0111367352315 0.0109747809883 -0.0275491020164
-0.0125129811866 0.00903947234139 -0.0266572597514
-0.0137165122973 0.00715883153509 -0.0256580710256
-0.0146948404442 0.00535959798234 -0.0245259854004
-0.0154343029748 0.00367971187481 -0.0232875588843
-0.0160311653868 0.00213267897397 -0.022054396079
-0.0165217289582 0.000702460613758 -0.020845971839
-0.0169059689054 -0.000622642708829 -0.0196500764828
-0.0171647936089 -0.00184303212897 -0.0184480034071
-0.017321852556 -0.00296962172768 -0.0172524760131
-0.0174238824459 -0.00403124783555 -0.0160782889947
-0.0174563923848 -0.00502849891016 -0.014910587933
-0.0174313853904 -0.00597493107075 -0.013745617861
-0.017344809953 -0.00687344735598 -0.0125755010521
-0.0171862279276 -0.00772273843016 -0.0113903541698
-0.0170030484071 -0.00855575895227 -0.0101980441208
-0.0168091062522 -0.00939157585202 -0.0089865199422
-0.00654095447875 0.0132430535524 -0.0288325680458
-0.00832156535584 0.0116555838513 -0.0290196897635
-0.00977837366016 0.00967883831303 -0.0283170865664
-0.0111470385808 0.00773875288755 -0.0275556079953
-0.0123006823757 0.00583611718717 -0.0265639863682
-0.0132248651605 0.00403631374786 -0.0254021221309
-0.0139682246137 0.00237281741057 -0.024177341047
-0.0146263956093 0.000827156528657 -0.0229967823036
-0.0152093271283 -0.000619082933896 -0.0218516158172
-0.0156633207887 -0.00195651109451 -0.0206812453678
-0.0159530285038 -0.00316440568897 -0.019464587493
-0.0161397017458 -0.00427300072373 -0.0182472684407
-0.0162522319606 -0.00530223481359 -0.0170435219001
-0.0163109633884 -0.0062697899476 -0.0158582646652
-0.016318851479 -0.00718696069611 -0.0146803991956
-0.0162569302023 -0.0080453822308 -0.0134943680103
-0.0161523238085 -0.00886754196959 -0.0123063562196
-0.0160138854905 -0.00966666290471 -0.0111088026205
-0.0158398325359 -0.0104490418179 -0.00988792197896
-0.00542210564885 0.0122547513718 -0.0297883362677
-0.00702364068653 0.0104301756603 -0.0298221261911
-0.00836503831453 0.00838241808236 -0.0290704881266
-0.00968116185137 0.00640403337209 -0.0283985544049
-0.0108135044122 0.00448118473475 -0.0274849670571
-0.0116850380654 0.002682855751 -0.0262862801982
-0.01241492052 0.00102898142806 -0.0250564628473
-0.0130985916097 -0.000520695839016 -0.0239166300348
-0.0137247636792 -0.00198417076813 -0.0228195577874
-0.014207513197 -0.00332461702738 -0.0216585746067
-0.0145492465142 -0.0045330434455 -0.0204513779374
-0.0147626816861 -0.00561570626763 -0.0192140392332
-0.0149035846219 -0.00661415529076 -0.0179901464845
-0.0149916073273 -0.0075474605317 -0.0167872775026
-0.0150223537563 -0.00841889537974 -0.0155917637049
-0.0149991590526 -0.00923673110722 -0.0143964946408
-0.0149577090996 -0.0100360216255 -0.0132123738464
-0.0148858324932 -0.0108148240689 -0.0120170979549
-0.0147704790075 -0.0115627386331 -0.0107978866163
-0.00424561273734 0.0112331720926 -0.0308861904182
-0.00564448974899 0.00916645555516 -0.0305922050885
-0.00690872544294 0.00706729128129 -0.0299075540533
-0.00810550912932 0.00503244355087 -0.0291922494468
-0.00912624164614 0.00309430092652 -0.0282047181166
-0.00999855120304 0.00129373119813 -0.0270936132531
-0.0107347506076 -0.000360806334412 -0.0259106055338
-0.0113826552461 -0.0018916260669 -0.0247460235777
-0.0119586179126 -0.00332097109509 -0.0236068603544
-0.0124364046208 -0.00463565325429 -0.0224456791497
-0.0127915562125 -0.00581116713704 -0.0212383966561
-0.0130633585178 -0.00688548212833 -0.0200271083843
-0.013249059807 -0.00785448844499 -0.018809549778
-0.0133867185495 -0.00876065353739 -0.0176127601018
-0.013478038961 -0.00960989464133 -0.0164284546809
-0.0135192506291 -0.0104016244784 -0.0152452572102
-0.0135214467929 -0.0111531301716 -0.0140598187448
-0.0135024638086 -0.0118878819509 -0.0128721012861
-0.0134380439562 -0.0125798408889 -0.0116591709942
0.00170045945441 -0.0181663584622 0.00896382552087
5.48637833077e-05 -0.0175170515601 0.0104800112217
-0.00160042437919 -0.0167795844467 0.0117957539395
-0.00325693807759 -0.0158470087649 0.0128666534138
-0.00488446056055 -0.0146818514904 0.0136596471068
-0.00655154708259 -0.01344597965 0.0142750806554
-0.00819792140985 -0.0120109304902 0.0146329223819
-0.00982279246749 -0.0103963153315 0.0147366301082
-0.0114620405986 -0.00864235709965 0.0146226049915
0.000908168295941 -0.0182866981338 0.00861338419548
-0.000757276164337 -0.0177882102563 0.00996495503367
-0.00241314770854 -0.0170859796318 0.0111168716647
-0.00400564163185 -0.016075526254 0.0120057092597
-0.00555862529784 -0.0149196880655 0.0126948156872
-0.00717969149903 -0.0137912401673 0.0133005383876
-0.00881483541618 -0.0125164635582 0.013737136265
-0.0103405729227 -0.0109564769285 0.0138892189457
-0.0117726894052 -0.0091934197849 0.0137916322449
0.000144373900044 -0.0183616962863 0.00810424685325
-0.00151762912788 -0.0178698815063 0.00926712026621
-0.00314546157784 -0.01717654253 0.0102641546314
-0.00469909342341 -0.0162177217718 0.0110586710976
-0.00619908946704 -0.0151104560301 0.011687936049
-0.00775753572349 -0.0140341285268 0.0122595250245
-0.00930904087142 -0.012809833848 0.0126948807819
-0.0107554232166 -0.0113251974112 0.0129065274937
-0.0120802919674 -0.00962364713442 0.0129038134917
-0.000577154201705 -0.0183752832343 0.00744083031714
-0.00222290790647 -0.0178702702467 0.00844279490388
-0.00383347818012 -0.0172367344877 0.00933335725533
-0.00536846561309 -0.0163628597786 0.0100737796094
-0.00682242163641 -0.0152848630175 0.0106552762407
-0.00833373245858 -0.014258984009 0.0112154184684
-0.00980115266117 -0.0130476585409 0.011644309248
-0.0111490929824 -0.0115859090651 0.0118906008951
-0.0123873851439 -0.0099337887234 0.0119781936378
-0.00125251825805 -0.0183509542416 0.00664051527733
-0.00288742496955 -0.0178758251551 0.00753011635396
-0.00450328136354 -0.0173497813653 0.00835510196704
-0.00600720065501 -0.0164894782815 0.00903795447971
-0.00743250648777 -0.0154544954667 0.00960478302478
-0.00890484156192 -0.014455154449 0.0101566413568
-0.01031974566 -0.0132640333504 0.0106043403546
-0.0115642087539 -0.0117802386963 0.0108744606163
-0.0127158461563 -0.0101438269414 0.0110379717758
-0.00189535888069 -0.0183497089784 0.00570868375991
-0.00353144706774 -0.017942826919 0.00653026264782
-0.00513761393269 -0.017453089208 0.00730267692869
-0.00661510572356 -0.0165978984446 0.00795261667158
-0.00802159653564 -0.0155982005667 0.00852085018095
-0.00946277979909 -0.0146123076062 0.0090792613359
-0.0108430163161 -0.0134312071119 0.0095556741222
-0.0120315871976 -0.0119404426673 0.00987626788968
-0.0131056956342 -0.0102876687179 0.0101059899827
-0.00251421760455 -0.0183991784218 0.00464419416649
-0.00414725924998 -0.0180362018054 0.00543238575502
-0.00573182336389 -0.0175336551065 0.00617454858283
-0.00720234038964 -0.0167127511524 0.0068259846578
-0.00859520197281 -0.0157282457375 0.00740945284793
-0.0100007241273 -0.0147201709922 0.00797969547411
-0.0113543953809 -0.0135302680783 0.00849004801778
-0.0125157093018 -0.0120300186385 0.00887010392189
-0.0135542210211 -0.0103579233707 0.00917045549066
-0.00310314399643 -0.018472239757 0.00344145193611
-0.0047245410297 -0.0181179281922 0.00422933532032
-0.00628377190606 -0.0175845699611 0.00497328054552
-0.00774339924843 -0.0167753098239 0.00564453988502
-0.00913671761875 -0.0158166978834 0.00626430721634
-0.0105389105357 -0.0148092647246 0.00687108180029
-0.0118718137019 -0.0135831430374 0.0074193225486
-0.0130305342709 -0.0120613819339 0.00786260721425
-0.0140606826933 -0.0103537716158 0.00823185749966
-0.00365266894689 -0.0185210321671 0.00209812922286
-0.00526046985188 -0.0181777121804 0.00292480611453
-0.00679426113527 -0.0175981987667 0.00369777782352
-0.00824281125088 -0.0167893965497 0.00441134282293
-0.00965325953335 -0.0158736377148 0.0050877725577
-0.0110678767913 -0.0148652785261 0.00574681807293
-0.012394173816 -0.0135876018592 0.00634132332167
-0.013567540314 -0.0120255990113 0.00684858039398
-0.0145877801131 -0.0102495179394 0.00727362122563
