0.0109398696307 -0.0122237689771 0.0110363476962
-0.00532652324064 0.000353763401533 0.0183762307372
0.0166163200324 -0.000451265222911 -0.0199761741175
-0.0119469200231 0.0216747545317 -0.00800211927913
0.0212199764015 0.00732136281554 0.0112874013082
0.00899921170078 0.0168943830608 0.0160925876952
0.022545455855 0.00576776970229 0.0153560329212
0.00915135206983 0.016271718281 0.0202572817053
0.0227756945279 0.00481162845434 0.0191357709427
0.0100118661122 0.0145935087175 0.0240320092105
0.0228800374916 0.00427829545751 0.02275135154
0.0112944246655 0.0131266242082 0.0273298703877
0.0232284103937 0.00374634631032 0.0252894205744
0.0115683703027 0.0123599207524 0.02982380513
0.0283631916879 0.0056447433826 0.0308340661818
0.0150873632559 0.0157045631423 0.0360851141636
0.0217489453422 0.0010762048731 0.03781080346
0.0153142771504 0.00561539428777 0.0403324208199
0.0199711128739 0.00167829738267 0.0403207276153
0.0169687013879 0.00319375407827 0.0413850818292
-0.00587476491696 0.0100421262023 -0.0319061557157
0.0190687006268 0.00147687573619 -0.0153101642714
-0.00897480626381 0.0232171083632 -0.00372083877768
0.0200314709339 0.00823947281963 0.0108754362487
0.0219836551817 0.00707626199373 0.0101408219874
0.0227365118754 0.00609992952369 0.011428216882
0.0206671002909 0.00719669278589 0.0127679331022
0.00974636140097 0.0165898270732 0.0148901929862
0.00801122327253 0.0179878665547 0.0152181471564
0.00771485179675 0.0178442921889 0.0171805457445
0.0098548602498 0.0156166584924 0.0171391453142
0.0208789355277 0.0067252686192 0.0144944003597
0.020866938728 0.00600127000932 0.0167231469994
0.0239595006987 0.00492427769479 0.0159101827082
0.0232070392132 0.00601352640119 0.0138874475045
0.00998846561244 0.0154731440426 0.0193168621921
0.0102705197241 0.0146346901305 0.020819700695
0.0082677374117 0.0170959157821 0.0219051266809
0.00809081760609 0.0175277884437 0.0195459504617
0.0216032550756 0.00534469521698 0.0185592284254
0.0216054202877 0.00492438037624 0.0203352353582
0.0238039452893 0.00387781265762 0.0198367532379
0.0239786069909 0.00464255668644 0.0181296301404
0.0105963711192 0.0142136611619 0.0227159175695
0.0109200043365 0.0130744194928 0.0245416171647
0.0090969819745 0.0156572390059 0.0252348232083
0.00900247993351 0.0161310609516 0.0234626327821
0.0220932045423 0.00464574122195 0.02312309534
0.0248730002468 0.00374835133724 0.0225825611609
0.0119142663479 0.0122317641049 0.0266975787727
0.00995758824214 0.0147928514368 0.02806185123
0.0221338153159 0.00397869991663 0.0255250718045
0.0245227095231 0.00360811718138 0.0256584621732
0.0123071112079 0.011136906015 0.0295203859433
0.0111221155244 0.0133268208991 0.0306385542872
0.020949714358 -0.000979693250772 0.0339690313338
0.0125808642858 0.00530618109372 0.0375151153197
0.0202721273977 -0.00261781641925 0.0350211971894
0.0119072201287 0.00312169007196 0.0386780593631
0.0197995740313 -0.00099488902424 0.0372650983895
0.0139005178501 0.00307252411966 0.0393479611211
0.0203359117029 0.00564029372024 0.00868972373204
0.0220940012745 0.00278834012764 0.0124582315737
0.0229576806985 0.00137815338866 0.0165475622642
0.0231491253548 0.000970496744674 0.0206162220505
0.0231548274386 0.000191710941199 0.024047624714
0.0228353119756 0.000200352120991 0.0269666384964
0.00629084615088 0.0165729947441 0.014378778457
0.00537498586767 0.0155170954364 0.018862420535
0.00561740846776 0.0142554450758 0.023262042173
0.00716680406102 0.012636575533 0.0265632746795
0.00820691787938 0.011370941462 0.0295622056065
0.0098121062575 0.00987161935579 0.0318077286176
0.0123567623386 0.00679027094596 -0.00691696989418
0.000702200451741 0.015903630679 -0.00230600210615
0.0167259977591 0.005978684709 -0.0180020555273
-0.00576929472345 0.0232755126296 -0.0085301924465
0.0215011570745 -0.00265448970248 -0.0134525476508
-0.0112674089553 0.0227531223336 0.000837423280042
0.0142127954351 0.00347024028788 -0.00870513307528
-0.00343215268398 0.0172140678353 -0.00188159952705
-0.00125007225928 -0.0171996854216 0.00933647828041
0.000370773051714 -0.0181198342719 0.00811817333084
0.00180579903602 -0.0188634968089 0.00697272691946
0.00324201591871 -0.0193351490873 0.00614717765912
0.00459137732403 -0.0195771733377 0.00551599556692
0.00588082344305 -0.0195842529601 0.00516375973132
0.00708024061675 -0.0193651666592 0.00506015649799
0.00818742855168 -0.0189084943597 0.00508108702866
0.00927616174637 -0.0181918936757 0.00518131154469
0.01024462075 -0.0172663161371 0.0056832556339
0.01024462075 -0.0172663161371 0.0056832556339
0.0106106375632 -0.0169218493058 0.00608841153616
0.0110072818273 -0.0164953136696 0.0064281944911
0.0112846776234 -0.0160273591853 0.0068749402226
0.0114387792868 -0.0155198364396 0.00741387843775
0.0115448154231 -0.0149479681128 0.00799520356671
0.011638527716 -0.0142858293257 0.00861938526889
0.0116183250419 -0.013565898601 0.00933875811304
0.0113632687339 -0.0128752990054 0.0101632366304
0.0109398699213 -0.0122237683349 0.0110363478112
0.0109398699213 -0.0122237683349 0.0110363478112
0.00989131956413 -0.0111852514919 0.0116029247165
0.00885153683384 -0.0103116880664 0.0120391127496
0.00780762519913 -0.00960599721304 0.0123590810903
0.00670644047263 -0.00916948175839 0.0124155803459
0.00563321993518 -0.00886314369437 0.0123914224206
0.00453271310928 -0.00866290263066 0.0123334999806
0.00319327607152 -0.00838049500011 0.0124205247715
0.00208930003964 -0.00876442402934 0.0116746776532
0.00127717325372 -0.00946064248532 0.0108294252304
-0.00916746430909 -0.0113024815541 0.0127434345387
-0.0109951863413 -0.00935317640814 0.0132328648101
-0.0126542322649 -0.00767788655518 0.0133556502861
-0.013869452641 -0.00608607593495 0.0135388932367
-0.0146546498693 -0.00457409706038 0.0137645914186
-0.0149854941832 -0.00313816793468 0.0141015078515
-0.0148584547822 -0.00179653689842 0.014569650089
-0.0143349423568 -0.000478679889692 0.0150370542421
-0.0133375059711 0.000719144533467 0.0156868762988
-0.011831298115 0.00155947408773 0.0165153861372
-0.011831298115 0.00155947408773 0.0165153861372
-0.0111048681783 0.00172369354048 0.0169729948051
-0.0103693818895 0.00176449991563 0.0173756347375
-0.00964290031539 0.0017848211056 0.0177107546773
-0.00891659833008 0.00166613483752 0.0179787475512
-0.00819005080205 0.0015943680047 0.0181911183339
-0.00746302210221 0.00140909369982 0.018336207352
-0.00675366539925 0.00109613550217 0.0184100904278
-0.00603509143979 0.000765834918238 0.0184255065627
-0.00532652302756 0.000353763872436 0.0183762308215
-0.00532652302756 0.000353763872436 0.0183762308215
-0.00437008701034 -0.000370528687948 0.0179681050977
-0.00359331944114 -0.00105546511684 0.017468893509
-0.00290245877125 -0.00168818557018 0.0169409273393
-0.00237838059897 -0.00233147673131 0.016347256925
-0.00205824670673 -0.0029746420541 0.0156617737462
-0.00180066126355 -0.00364268926713 0.0149405790925
-0.00144369063838 -0.00444769068252 0.0141473597328
-0.00184236676976 -0.00501142096379 0.0131172162259
-0.00251572518427 -0.00544412483585 0.0121648580837
0.0283631916879 0.0056447433826 0.0308340661818
0.0281331980841 0.00541506375319 0.0303461238472
0.0275580947144 0.00483111182315 0.0300831844737
0.0270129838442 0.00438805783039 0.0297365564602
0.0264015479329 0.00395517113892 0.0294099074377
0.0257323983612 0.00355277174243 0.0290465876155
0.0249793455159 0.00314322474276 0.0286996383262
0.0241798396729 0.00278758221351 0.028241976729
0.0232717947632 0.0023991738762 0.0278016394714
0.0224306179585 0.00217884376888 0.0272396405018
0.0283631916879 0.0056447433826 0.0308340661818
0.0282024078207 0.00491711117644 0.0312967631492
0.0277313410432 0.00388670343666 0.0315290553395
0.0273084003485 0.00304208540224 0.0316888585791
0.0268241413413 0.00223542338482 0.0318261689114
0.0262559963629 0.00142910508903 0.0318450805755
0.0256114011162 0.000635804722878 0.0317383651257
0.0248918485499 -0.000133058665838 0.031500967121
0.0241003621728 -0.000894598117635 0.0311798083629
0.0232289557367 -0.00161459785231 0.0307242366096
0.0283631916879 0.0056447433826 0.0308340661818
0.0281190982885 0.0051840579169 0.0313176336696
0.0273438656043 0.00416983144789 0.0315518456691
0.0267390078627 0.00344974764684 0.0317070200278
0.0261179836811 0.00279645652344 0.0318011145547
0.0254574343976 0.00218137839342 0.0318623556088
0.024750423516 0.00159847581372 0.0317933875458
0.0240052645351 0.00105750369418 0.0315710212831
0.0232230412078 0.000558290360525 0.0312256782317
0.0223920588414 8.77491017498e-05 0.0308846060278
0.0283631916879 0.0056447433826 0.0308340661818
0.0277237487693 0.00521461648771 0.0313350970919
0.0267717091441 0.00443966088946 0.0316011255414
0.0259736689096 0.00384266372571 0.0317368711484
0.0252670674469 0.00331736646509 0.0319332631031
0.0245543304457 0.00277112668277 0.0320840001143
0.0238229257413 0.00222380329094 0.031978488344
0.0231172965511 0.00171086214615 0.0316962783884
0.0224243573091 0.00119318947116 0.0314051680774
0.0217329766329 0.000671406143688 0.0310277945196
0.0150873632559 0.0157045631423 0.0360851141636
0.0146445421466 0.0154170274166 0.0356366182932
0.0140902118632 0.0148525604097 0.0351924183816
0.0135257682865 0.0141302539672 0.0348406863198
0.0130467764069 0.013421329346 0.0344606602382
0.0126492967517 0.0127965658859 0.0339243736324
0.0122963039303 0.0121047260747 0.0333930646866
0.0119963523135 0.0113906745145 0.0328085439409
0.0117899920643 0.0105782467776 0.0322462818367
0.0115019000098 0.00994751721616 0.0314258699141
0.0150873632559 0.0157045631423 0.0360851141636
0.0147820669616 0.0150170033441 0.0365946441573
0.0140949274343 0.0139561452563 0.0368573911137
0.0135109907946 0.0130674653608 0.0370156044748
0.0129347733969 0.0121933798113 0.0371017917087
0.0123314395865 0.0113051353754 0.0371011173601
0.0116885156421 0.0103944610701 0.0370180156
0.0109896176354 0.00951775848033 0.0367177993087
0.0102631926985 0.00865349592929 0.0362791381395
0.00953322438132 0.00781383252614 0.0356842048015
0.0150873632559 0.0157045631423 0.0360851141636
0.0151602950509 0.0150220119546 0.0363848395106
0.0146082736895 0.0138046491449 0.036501330883
0.0141447583792 0.0128483255481 0.0365008364751
0.0137207233195 0.0119425302474 0.0364959417733
0.013252955805 0.0110478746031 0.036441933987
0.0126827383211 0.0102093374985 0.036226257441
0.0120623345892 0.00938989523511 0.0359237987647
0.0114096615665 0.00856007746427 0.0355846083675
0.0107765887844 0.00768975937528 0.0354688879021
0.0150873632559 0.0157045631423 0.0360851141636
0.0152784766578 0.0149444498705 0.0362272386806
0.0149553383828 0.0137662416016 0.036239027501
0.0146264656658 0.0127732649854 0.036113022194
0.0143900192569 0.0118601731978 0.035969266042
0.014186196726 0.0109327280063 0.035822945479
0.0139447093308 0.00995580142199 0.0356508488335
0.0134573279182 0.00917214969286 0.0351777753564
0.0129866221608 0.00835464422457 0.0347043363479
0.012489338974 0.0077093238453 0.0340775007917
-0.00205589153064 -0.0195639805565 -0.000384173795746
-0.000409458588569 -0.0199134238831 -0.000168108757501
0.00115256846506 -0.0201270572739 9.28641106571e-06
0.00261950721072 -0.0202387338075 0.000143012451426
0.00398498081315 -0.0203039642758 0.00018920741564
0.00526300076005 -0.0203082160661 0.000141007811513
0.00644934185506 -0.0201035413828 0.000125394695945
0.00753644225989 -0.0198096533674 4.64986424224e-05
0.00857289274009 -0.0195264032878 -0.000184947956963
0.00946888095757 -0.0190161035166 -0.000361919314621
0.00946888095757 -0.0190161035166 -0.000361919314621
0.0109611998555 -0.0182831588748 0.000503884070662
0.0122272442051 -0.0173343955366 0.00154347554685
0.0134784161383 -0.0164344027247 0.00252343780589
0.0146902011854 -0.0155500992054 0.00347397269524
0.0158109368163 -0.0146639477513 0.00445391082569
0.0168342527878 -0.013759267372 0.00549977723336
0.0178558073642 -0.0128151370176 0.00654930326331
0.0190752324716 -0.0119075253116 0.00729812959419
0.0204065801371 -0.011214674948 0.00760443969487
0.0204065801371 -0.011214674948 0.00760443969487
0.0212502539658 -0.0105861026337 0.0074045591937
0.0220362636232 -0.0101574521679 0.00690800612262
0.0226385291216 -0.00987198703449 0.00630140514727
0.023039555774 -0.00971083095906 0.00563239870595
0.0232833821224 -0.00962331784651 0.00492824231402
0.0234110795156 -0.0095820361403 0.00418325479349
0.023433163262 -0.00958818343932 0.00338308002707
0.0233706960681 -0.00961653171648 0.00252286832145
0.0232498575726 -0.0096003843155 0.00160381081095
0.0232498575726 -0.0096003843155 0.00160381081095
0.0231377261371 -0.00935806572699 -0.00156527111852
0.0227366607535 -0.00932519860733 -0.00461928248989
0.0222979095257 -0.00882860241427 -0.00745384468636
0.0217043150464 -0.0081300365901 -0.0101017941454
0.0209651419033 -0.00737084492568 -0.0126103069146
0.0201297909896 -0.00651400173899 -0.0149992247729
0.0190982284931 -0.00526908920663 -0.0171183815253
0.0178075229814 -0.00378923614154 -0.0189621706641
0.0165125755865 -0.00229838699316 -0.0207795070638
-0.0165656294604 -0.00798736774428 0.00583218547795
-0.0169179234725 -0.00679895138409 0.00676019466326
-0.0171401618863 -0.00561262911197 0.00762647118942
-0.0173533830203 -0.00446435358208 0.0084025513176
-0.0175751245076 -0.00332170620356 0.00904929424436
-0.017727878831 -0.00216556635208 0.00959643133091
-0.0177950412253 -0.00100111470237 0.0100642026527
-0.0178048906852 0.000176684145065 0.0104520143208
-0.0176833160131 0.00133637538198 0.0107978502355
-0.0172397714396 0.0023571470147 0.0110941875154
-0.0172397714396 0.0023571470147 0.0110941875154
-0.0164543448803 0.00352354733355 0.0122442293712
-0.0155329488905 0.00458254139105 0.0133486979367
-0.0145897321276 0.00558941649813 0.0143992923425
-0.0136012030522 0.00651352761753 0.0153940655876
-0.0125462255093 0.00733487029614 0.0163401984124
-0.0113879102037 0.00804443458613 0.0172626521773
-0.0101466890551 0.00872790046976 0.0182000790362
-0.00915177240803 0.0096660680521 0.0190767946397
-0.00867140047081 0.0108005389487 0.0196590518114
-0.00867140047081 0.0108005389487 0.0196590518114
-0.00843859726728 0.0117477681049 0.0197331959532
-0.00834647695408 0.0126464131913 0.0196664204865
-0.00842396295871 0.01344567268 0.0194397861116
-0.00859473548692 0.0141477469607 0.0190932480938
-0.0088678395218 0.0147528757591 0.0186235011666
-0.00921815470026 0.0152921492626 0.0180442079522
-0.00969486114316 0.0157175321819 0.0173328254458
-0.010243417714 0.016097947132 0.0165144943955
-0.0108164518473 0.0165104520167 0.0155936119731
-0.0108164518473 0.0165104520167 0.0155936119731
-0.0120168928662 0.0175884222769 0.0131617632761
-0.0131727244335 0.0183518660457 0.0106727366661
-0.014066710213 0.0190532382582 0.00815396959035
-0.0146664238411 0.0196805326746 0.00559389338023
-0.0150685376151 0.0201915354246 0.00299920652015
-0.0145974465708 0.0205395714093 0.000281025863293
-0.0139780890284 0.0204506414167 -0.00246189382688
-0.0142919054687 0.0207284737629 -0.00508531116663
-0.0140752158039 0.021161688318 -0.00780244266759
0.00639104966977 -0.00858294478225 0.0254522286137
0.00819470882838 -0.00770825791973 0.0256858964024
0.00971715757609 -0.00722639360416 0.0265286650424
0.0110913099052 -0.00663081757544 0.0274483263343
0.0124508978918 -0.00596532159196 0.0283978385145
0.0136095301475 -0.00538762339517 0.0296337842307
0.0145374561454 -0.00489843124371 0.0311822234872
0.0154218023617 -0.00435370748114 0.0327726376198
0.0159646832236 -0.00406947361907 0.0349488207481
0.0165024096379 -0.00358759134678 0.0369703541547
0.0041782571296 -0.00666529771192 0.0260565023082
0.0046859883147 -0.00529447769391 0.0270817938577
0.00536109754075 -0.0041116207776 0.0281680587771
0.00615757531656 -0.00305462818113 0.029315971142
0.00704528106436 -0.00199367819688 0.0304596543646
0.00798744790307 -0.00116754520557 0.0317657908236
0.00900225243467 -0.000792225040475 0.0333836305366
0.0101147271626 -0.000366029703109 0.0349180369262
0.0112829763031 -0.000483748266865 0.0369060091848
0.0125695156733 -0.000563469650608 0.0387664824503
0.0138368535746 -0.000243656871213 0.0321574685759
0.0138301829632 -0.000908132038195 0.0331853226511
0.0137830063742 -0.0014599499114 0.0341051052526
0.0138102823215 -0.00185779681466 0.0349702513374
0.0140078254997 -0.00200230333873 0.0357711185763
0.0142859130971 -0.00197393052695 0.0365072585784
0.0146476546252 -0.0017835764983 0.0371964824738
0.0151199995539 -0.00141027372851 0.037849243419
0.0157300863384 -0.000851416612084 0.0385069684692
0.0163745280623 6.92059201163e-05 0.038752818308
0.0218172840253 -0.00552413863375 0.0118985950138
0.0227893044827 -0.0057979578581 0.010435035919
0.0239089392105 -0.00594108204677 0.00928640597705
0.0250120200479 -0.00585947451628 0.00802064169895
0.0258314660107 -0.00573087256449 0.00638362742673
0.0262277397312 -0.00570709982624 0.00435481848552
0.0261195314436 -0.00587727678916 0.00199675905159
0.0255159894044 -0.00621599099024 -0.000609184875343
0.0248387982603 -0.00640156624184 -0.00352052111933
0.0237494748754 -0.00668859574372 -0.00669214077317
0.0237494748754 -0.00668859574372 -0.00669214077317
0.0235013115137 -0.00663989559599 -0.00748522746754
0.0233530339933 -0.0064414017188 -0.00830841703288
0.0232361237081 -0.00613031236869 -0.00911622219144
0.0230705519354 -0.00574321296399 -0.00989379532923
0.0228195968287 -0.00529549156477 -0.010644920574
0.0225072925073 -0.0047763275213 -0.0113749717298
0.0221871363639 -0.00416183731871 -0.0120859298476
0.0218860235089 -0.00343843628096 -0.0127808362442
0.021501157152 -0.00265448953124 -0.0134525476202
-0.00250598875273 0.0126249345964 0.0219643344783
-0.00369635076702 0.0145859553104 0.0211399254432
-0.00459447266857 0.0165912619421 0.0204928289382
-0.00566106688495 0.0181208197571 0.0193673582353
-0.00673564401581 0.0192781033017 0.0180062068339
-0.00782227842922 0.0199636903391 0.0164243672896
-0.00889249348372 0.020205609077 0.0146690388768
-0.009870209628 0.0204818240003 0.0127672951894
-0.0107666126908 0.0210225913349 0.0106335485816
-0.011692274788 0.0210355628972 0.00826018314421
-0.011692274788 0.0210355628972 0.00826018314421
-0.0121607110444 0.0210975989946 0.00764786792324
-0.0124916328135 0.0212642222704 0.0069646590247
-0.0126969967967 0.02148533324 0.0062390703175
-0.0127767499867 0.0217778744489 0.00549096698633
-0.0127271116181 0.0220466724177 0.00469278103703
-0.012546100325 0.0222817826748 0.00383162613354
-0.0122517860333 0.0223932123512 0.00286976025368
-0.0118267680386 0.022560969694 0.00187650254826
-0.0112674089553 0.0227531223336 0.000837423280042
0.00864590277801 0.0130971217628 -0.0177915027824
0.0095334394136 0.0135917798012 -0.016685467747
0.0102443992307 0.0142086538367 -0.0157080729289
0.0105646385894 0.0145245032996 -0.0147045982912
0.0106158635267 0.0147733219327 -0.0137615570832
0.0105029424191 0.0150832423102 -0.0129105740516
0.0101131839786 0.0152810739283 -0.0120865742414
0.00868896415497 0.0144732940265 -0.011160584988
0.00735965566294 0.0140525236727 -0.0104311332043
0.00668274376444 0.0145822078961 -0.00975649593998
0.00129579736995 0.0185106886367 -0.0145796164693
0.0018546677542 0.019220436712 -0.013576867247
0.00246314477301 0.0197442360161 -0.0126921493339
0.00304292041999 0.0198823402574 -0.0119243520859
0.00362264689321 0.0197064247363 -0.0112779103153
0.00426599973266 0.0193915004084 -0.0107191985942
0.00499128550367 0.018961155759 -0.0102386731065
0.00571620101911 0.0181552598646 -0.00989330600361
0.00567924691131 0.0154879073663 -0.00994814449587
0.00668274376444 0.0145822078961 -0.00975649593998
0.0109398699213 -0.0122237683349 0.0110363478112
0.00938866711314 -0.0110783505405 0.0126081063256
0.00712566442655 -0.0100550856583 0.0134686768403
0.00433310295648 -0.00987420486834 0.0148148392777
0.00157512138159 -0.0103541226895 0.016977205451
-0.000291860699272 -0.00907497755421 0.0178958058945
-0.0012606662702 -0.00551894679585 0.0172508918637
-0.00236257182434 -0.00300308707181 0.017666142169
-0.0037176039191 -0.00130627636833 0.0183928383602
-0.00532652302756 0.000353763872436 0.0183762308215
0.00639104966977 -0.00858294478225 0.0254522286137
0.00595199735129 -0.00866149604342 0.0253431644468
0.00555913927525 -0.00862635735801 0.0252424930408
0.00521991459763 -0.00850560450949 0.0251708738924
0.00492681213799 -0.00835819375403 0.0251868159683
0.00467206315175 -0.00817458544054 0.0252859319658
0.00446782493458 -0.00790684040574 0.0254172343676
0.00431573959762 -0.00756376300929 0.0255880311119
0.00423198149695 -0.00713332954452 0.0257793955181
0.0041782571296 -0.00666529771192 0.0260565023082
0.000438393844539 -0.0102611085077 0.0178668343421
0.00098704577511 -0.0099361740527 0.0185372183723
0.00152721910559 -0.00962534791497 0.0192450326582
0.00203203564923 -0.00938318566519 0.0200108120975
0.0025171375941 -0.00917050873776 0.0208097067887
0.00297340990628 -0.00900792698563 0.0216536828937
0.0034163710872 -0.00886725787268 0.0225375223436
0.0038493341482 -0.00874794218988 0.023470997741
0.00429917112058 -0.00859007247635 0.0244197146152
0.00479436043799 -0.00827398359596 0.0252289788301
0.00831693703949 -0.0079690043025 0.0181653874016
0.00668427574055 -0.00850640786304 0.0190835241394
0.00535111099951 -0.00900703637498 0.0198065724998
0.00418897558799 -0.00935269701012 0.0204507428364
0.00318573829146 -0.00928480316578 0.0209971580878
0.00238488414423 -0.00872034981331 0.0213974828957
0.00195368796739 -0.00751723147065 0.0215295131116
0.00178757027989 -0.00596567580852 0.0215121380713
0.00158279773505 -0.00423282486981 0.0215245559164
0.00143076168265 -0.00208280708039 0.0214510834494
0.00127717325372 -0.00946064248532 0.0108294252304
8.49631049785e-05 -0.0115006496252 0.0149576902169
-0.00105834496487 -0.0112750044434 0.0164506500915
-0.00210207312218 -0.00947368669894 0.0159091296716
-0.00251572518427 -0.00544412483585 0.0121648580837
0.00037236464825 -0.0109216692741 0.0106373274921
-0.000854700483731 -0.0123922160362 0.0141716943637
-0.00194962022812 -0.0121235323854 0.0155490622326
-0.00302835487699 -0.0106829098035 0.0154530968805
-0.0037281955321 -0.00739059331912 0.0127780045283
-0.000622280347761 -0.0124549501609 0.0104366768671
-0.00175095426929 -0.0133576959257 0.0133156015241
-0.00291752937455 -0.0129823589706 0.0146396394036
-0.00408304371995 -0.0116630588882 0.0147097465251
-0.00506139003374 -0.00912846324714 0.0129545679635
-0.00223917489441 -0.0142550652182 0.0098420580501
-0.00257055910853 -0.0144233787427 0.0123006793809
-0.00396239182918 -0.0138676102799 0.013738017382
-0.00541092026618 -0.0124474614783 0.0138492118746
-0.0068015158188 -0.010717708565 0.0124134322999
-0.00125007225928 -0.0171996854216 0.00933647828041
-0.00317339517788 -0.0158450941167 0.0109889994081
-0.00508340133156 -0.0147687371267 0.012833218364
-0.00709206670168 -0.0130867856939 0.0130775471345
-0.00916746430909 -0.0113024815541 0.0127434345387
0.0218172840253 -0.00552413863375 0.0118985950138
0.0192840223998 -0.00341843320134 0.0119151591186
0.0193658226386 -0.00170494944853 0.01465520501
0.0198513645909 -0.00172748239976 0.0169318092303
0.0202699411144 -0.0018877334 0.0187426533748
0.0209207475517 -0.00191706586308 0.0204505297846
0.022008805418 -0.00165807183726 0.0221963534427
0.0229669902582 -0.000551788112641 0.0243645393433
0.0228353119756 0.000200352120991 0.0269666384964
0.0205862574353 -0.00712030968016 0.0118916825913
0.0178866270539 -0.00473048700977 0.0114390345894
0.0172124650721 -0.00224584084363 0.0141740583104
0.0181406489756 -0.00237386686246 0.0168506235182
0.0187652604463 -0.00259154343951 0.0186818927959
0.0194622749892 -0.00273247769342 0.0203629915373
0.0204526731113 -0.00281784337945 0.022105523121
0.021478613315 -0.00243898579003 0.0241850746798
0.0222184164342 -0.00180074275768 0.0266352792378
0.0193523748498 -0.00847801844017 0.0118293123001
0.0168044848756 -0.00592039085214 0.0113417955314
0.0154766691066 -0.00315150403866 0.0138905974699
0.0165549886607 -0.00321257548447 0.0167713008087
0.0172976228526 -0.00342177405862 0.0185979068218
0.0179871241416 -0.00361416424504 0.0202604507958
0.0187873365975 -0.00382240122622 0.0220476716131
0.0195261373858 -0.00377698464849 0.024170184321
0.0202011850482 -0.00361714807875 0.0265527729555
0.0181615317482 -0.00960493949204 0.0119536189654
0.0158302910722 -0.00689128885885 0.0114460621702
0.0142780994866 -0.00421361364892 0.0139060794748
0.0152119455811 -0.00419211604602 0.016712004173
0.015906701846 -0.00433522773044 0.0184942005938
0.0165098584628 -0.00454148958329 0.0201477139749
0.0171671375194 -0.00489169540775 0.0219506202938
0.0176488675128 -0.00497726244592 0.0241062781535
0.0181152136826 -0.00491342582405 0.0264311566297
0.0168843634008 -0.0105491056315 0.0120697114728
0.0149597924615 -0.00770243314986 0.0117750919861
0.0134353093214 -0.00526083030339 0.0141306280107
0.0141026687079 -0.00527030396703 0.0166659649629
0.0145761894245 -0.00529843400458 0.0183784418256
0.0149942324054 -0.00546250967492 0.0200456907986
0.015464726365 -0.00588504622035 0.021878629477
0.0157033478022 -0.00599939070072 0.0240410532357
0.0159815572795 -0.00582908961481 0.0262453361509
0.0154806659726 -0.011335238526 0.0121204559519
0.0141220348542 -0.00846353148711 0.0122964865395
0.0127231287417 -0.00625763757605 0.0144299821741
0.0130688879324 -0.00638054108806 0.0166078269169
0.0133030813093 -0.00636152009092 0.0182458952123
0.0134970593441 -0.00648195438251 0.0199387976626
0.0136392685216 -0.00674029480282 0.0218478075874
0.0136571297141 -0.00683046580972 0.0239800978164
0.0137891128295 -0.00658771159042 0.026006797473
0.013869176352 -0.0120438904696 0.012122991816
0.0131359696288 -0.00945383751688 0.0129103346665
0.0118942533347 -0.00712380804417 0.0146607741053
0.0117229560817 -0.00709889999643 0.0165503225751
0.011786016326 -0.00717743010068 0.0181708311867
0.0118149825005 -0.00733227463941 0.0198995969065
0.0117153810179 -0.00749458945643 0.0218480988716
0.0115168548664 -0.00751492706064 0.0239209962038
0.0114888731906 -0.00733866246978 0.0257677461409
0.0121674883774 -0.0124911019325 0.0116648191733
0.0115483473577 -0.0110543440143 0.0131709083268
0.0108656456516 -0.00773050207691 0.0147863958613
0.0102195913403 -0.0073977935988 0.0165394490296
0.0100328353034 -0.00760637430379 0.0181665730028
0.00989340468307 -0.00783438982883 0.0199291019682
0.00961834729179 -0.00795959325632 0.021874941576
0.00928791873916 -0.00810962126847 0.0238792772938
0.00904057359461 -0.00815428497109 0.0256329587108
0.0109398699213 -0.0122237683349 0.0110363478112
0.00997318233941 -0.0111949110491 0.0127276583237
0.00974810423245 -0.0080559594721 0.0148774697411
0.00884097014187 -0.00772522024967 0.0165367381415
0.00831693650417 -0.00796900433773 0.0181653859948
0.00794026858405 -0.00826829426781 0.0199570606456
0.00752534839244 -0.00855479620149 0.0219245131175
0.00700442518835 -0.00882068109396 0.0239754638196
0.00639104966977 -0.00858294478225 0.0254522286137
-0.00250598875273 0.0126249345964 0.0219643344783
-0.00015753585398 0.0113581052171 0.020120825436
0.00334865441943 0.0110246825234 0.0216951953855
0.00441667263273 0.0108052635029 0.0242575340186
0.00522914149933 0.0105391312867 0.0260105756729
0.00607724963705 0.0104114647101 0.0275880600682
0.00688751223104 0.0105732396206 0.0292780152677
0.00841098971491 0.0105605041115 0.0306958566987
0.00981210667724 0.00987161919375 0.0318077284619
-0.00334017090922 0.0109775108318 0.0221064572875
-0.00126581826784 0.00963408657961 0.0199364449442
0.00283448197732 0.00874026344273 0.0204540292268
0.00399871096234 0.00866754879051 0.023514155701
0.00466362786813 0.00849395732277 0.0253769490266
0.00525369409482 0.00840413418806 0.0270150595162
0.00581639982529 0.00849295986589 0.0287473872254
0.00685021286079 0.00857986269943 0.0304560008346
0.00807603751157 0.00857891954606 0.0321594172181
-0.00416123033904 0.0093513768151 0.0219051922437
-0.00208961640155 0.00802195114513 0.0194837178566
0.00219719707762 0.00675924421618 0.019652589265
0.00346403894168 0.00671900119723 0.022910510218
0.00407749458998 0.00658604639116 0.0247854713133
0.00460706964322 0.00645750969131 0.0263921778972
0.00513636953179 0.00638246758857 0.0280731918252
0.00596722705008 0.00627779844055 0.0298056964346
0.00691030193818 0.00616356106914 0.0315963696186
-0.00473463488067 0.00778978690744 0.0216844075079
-0.00256935586028 0.00663108353671 0.0193932141514
0.00150094478218 0.00523427199763 0.019534529045
0.00281036026573 0.00503282501404 0.0224919477352
0.00345658360176 0.00483851086934 0.0242467022161
0.00398948492254 0.00461964771632 0.025788180773
0.004492105609 0.00439498311667 0.0274275236062
0.00529012626633 0.00411495371343 0.0291126365263
0.00616164283972 0.00389955036071 0.0308430059015
-0.00503666047771 0.00622503907521 0.0214924729942
-0.0027669063332 0.00537805029691 0.0193871020546
0.000844146161594 0.00404261681314 0.0198340028475
0.00208619742471 0.00358421685697 0.0222090936636
0.00282649943293 0.00324002193664 0.0237455105137
0.00341630522864 0.00288484575936 0.0251947527333
0.00393741083834 0.00249837150956 0.0267743636234
0.00474764488646 0.00206776611159 0.0283836760275
0.00572277408728 0.00180637482037 0.0299378647864
-0.00522990823538 0.00462130408742 0.0211362184925
-0.00274444983272 0.00422483195155 0.0193710946982
0.000333727410887 0.00295897399948 0.0200565041032
0.00132529623666 0.00228786653774 0.0219830356936
0.00207915503173 0.00179234320814 0.0233340045774
0.00276737438625 0.00126930258779 0.0246677187715
0.00341713636271 0.00069165185318 0.0261347899157
0.0042849641914 0.000105345294984 0.0276273439951
0.00528795650744 -0.000218281932431 0.029025839181
-0.00536071811774 0.00281627558204 0.0206893252651
-0.00267709080701 0.00300864264919 0.0195485991483
2.88620419324e-05 0.00191483093348 0.0200005917085
0.000939825476956 0.0010150214925 0.0214971927906
0.00161279310753 0.000374932207902 0.0227975422749
0.00233210777929 -0.000296293640141 0.0240771964843
0.0031211601841 -0.00104588021866 0.0254177666856
0.00404634686328 -0.00177854996913 0.0267523320447
0.00495557388301 -0.00223577239351 0.0280032597886
-0.00558965319123 0.00130428481926 0.0196044388249
-0.00359620499717 0.000854678091595 0.0200605655271
-2.17776046522e-05 0.000973513373355 0.0197064134021
0.000792389179362 -0.000122284896285 0.0209072873864
0.00148165203262 -0.000945304559449 0.0221236318305
0.00219987381949 -0.00177282641113 0.0233715701204
0.00304377790834 -0.00267676918939 0.0246038811269
0.00384372715794 -0.00360510129534 0.0258494457708
0.0044797991203 -0.00441496300247 0.0270733894481
-0.00532652302756 0.000353763872436 0.0183762308215
-0.00385587199111 -0.00055627860648 0.019089831843
-0.00015956473162 4.49341185883e-05 0.0193947896802
0.00066937108298 -0.00110046199703 0.020348368547
0.00143076168265 -0.00208280708039 0.0214510834494
0.00208977076895 -0.00311127473059 0.0226789979548
0.00281686636421 -0.00423996367698 0.0238983755508
0.00341674580439 -0.00552420771473 0.0251675069873
0.0041782571296 -0.00666529771192 0.0260565023082
0.0149341329701 0.00561791636799 0.0106680638406
0.0112341139087 0.00570323484587 0.00864398754381
0.0090729383546 0.00752171541134 0.00833856763036
0.00783452191236 0.00890613562503 0.0100310555676
0.00825683761111 0.0108250634683 0.0134273852003
0.0157256062262 0.00429107219386 0.0130045158538
0.0124270965335 0.00443434248129 0.012960897112
0.0106787659097 0.00654534827255 0.0135961612327
0.0085325246967 0.00765277788365 0.0145392027228
0.00804026112361 0.0101344773825 0.0159848808778
0.0164507931269 0.00308342181523 0.0171212719925
0.0134393671113 0.00296110673007 0.0178529951984
0.0113226910366 0.00453569148414 0.018784433352
0.00950368619268 0.00619476966327 0.0194508067426
0.00885920952525 0.00878158232974 0.020008780252
0.0172555551168 0.00150172224258 0.0229328752082
0.0141032799667 0.000656497132504 0.0231860908195
0.0121058919616 0.00270407580691 0.0239855346715
0.00997210420636 0.00403054604726 0.0248360564619
0.0100373291462 0.00676636749075 0.0256915306402
0.0177095667769 0.00101164658787 0.0306900456351
0.0153505859131 0.00137142105853 0.0294718093104
0.0138688521043 0.00223427878282 0.0293353094797
0.0122384335487 0.00230986952406 0.0307427960703
0.0132162208186 0.00417964110725 0.0325389548054
0.00916305158333 0.0113158396056 -0.0116440225571
0.00846764264694 0.0133116585476 -0.0104935443081
0.00668274376444 0.0145822078961 -0.00975649593998
0.00507721852089 0.0166149648157 -0.00903148450593
0.00208408736442 0.0161552606349 -0.0091043985582
0.00854629592811 0.0105497136373 -0.00919369988267
0.00752848850336 0.0116350965413 -0.00814999618143
0.00648906935877 0.012725696345 -0.00738787819949
0.00493746428141 0.0135673359028 -0.00705981315189
0.00305745229771 0.014552523995 -0.00687258902982
0.00830778248198 0.0090806761654 -0.00607607411836
0.00761116056723 0.0101149205301 -0.00516550248368
0.00645656182345 0.0109629327809 -0.00458586808741
0.00524997271208 0.0120211169917 -0.00410682150612
0.00349203525046 0.0126004597621 -0.00412511409093
0.00730546856095 0.00666055052067 -0.00286749720678
0.00670362771493 0.00756596104082 -0.00204932413966
0.00584417240338 0.00844860438617 -0.00145704175421
0.00464921505375 0.00921558746991 -0.00118715683861
0.00322659564592 0.00990452719967 -0.00119066830367
0.00635764568285 0.00376076947501 0.000907316656315
0.00523800554595 0.00408178934084 0.00106257837935
0.00445740712181 0.00503713243315 0.0016811173336
0.00336560454394 0.00583135989668 0.0018910378057
0.00267798391031 0.00707338272604 0.00240031376285
0.00884739842875 0.00336932311075 -0.0295335418022
0.000410543934624 0.00631106723586 -0.0316691077108
-0.00587476510907 0.010042126377 -0.0319061556148
-0.00988982065076 0.0144680769597 -0.0269835757768
-0.0128188560575 0.0201675040387 -0.0202948678374
0.00870183047231 0.00516330352116 -0.0274631685554
0.00161873926194 0.00814117747517 -0.0298284288605
-0.00374023174266 0.0115451412939 -0.0289921387071
-0.00715388068667 0.015783490152 -0.0255119527229
-0.0088447423337 0.0204270668148 -0.0188669040725
0.00856032778822 0.00731741250496 -0.0246713231087
0.00281378407928 0.0101115211615 -0.0266536840318
-0.00150358445581 0.012956340284 -0.0259283832104
-0.00408831624827 0.0163786116816 -0.0228035968863
-0.00518880273943 0.0200129813198 -0.0170449802688
0.00859356425295 0.0101016384408 -0.0215434559793
0.00405575263558 0.0120086558794 -0.023213985829
0.000745471026915 0.0141724542161 -0.0228072669507
-0.00110161669766 0.0168005066614 -0.020345211708
-0.00187140622307 0.0193518489323 -0.0156505988702
0.00864590277801 0.0130971217628 -0.0177915027824
0.00561132201102 0.0143643349055 -0.0196536655061
0.00345345235709 0.0158403794851 -0.0197750580402
0.00197168552438 0.0171452579443 -0.0180625050325
0.00129579736995 0.0185106886367 -0.0145796164693
0.0165125755865 -0.00229838699316 -0.0207795070638
0.0168206528767 -0.00270342147954 -0.0203371733696
0.0170572569649 -0.00314471659228 -0.0198212761317
0.0171644223257 -0.00354070184374 -0.0191736015427
0.0170788252832 -0.00370597396437 -0.0183352243937
0.0170133575522 -0.00388102921049 -0.0175023880547
0.0169353733882 -0.00405954656223 -0.0166468198082
0.0168365582416 -0.00425623307759 -0.0157592018601
0.0167061756121 -0.00446467362631 -0.0148273543808
0.0165266920746 -0.00463901991957 -0.0138403334175
0.0162998560397 -0.00478432058898 -0.0128013914305
0.0160396017318 -0.004946312379 -0.0117106891369
0.0157626802162 -0.00516669398731 -0.0105567873419
0.0154733692575 -0.00542840695828 -0.00932586912324
0.0151647387052 -0.00567913682685 -0.00801447651392
0.014788943542 -0.00580791543185 -0.00665368166084
0.0143131636003 -0.00579856178979 -0.00527654711448
0.0137050741381 -0.00567575799708 -0.00391447151475
0.0129648385543 -0.00551576014535 -0.00256988492314
0.0158227478681 -0.00164719144741 -0.0218917516293
0.0159329649254 -0.00223952697256 -0.0213970591411
0.0158619519234 -0.00269150016499 -0.0207029626017
0.0157228116911 -0.00301084199722 -0.0199183773852
0.0156335507883 -0.00334056622026 -0.0191646644852
0.0155409215539 -0.00366488814484 -0.0183925511108
0.0154382658166 -0.00400693123085 -0.0175951292988
0.0153248126184 -0.00439632016636 -0.0167664560162
0.0151656002486 -0.00476306419423 -0.0158739793477
0.0149689764632 -0.00512581563627 -0.0149220117661
0.0147429690422 -0.00550441689734 -0.0139098293531
0.0144954211253 -0.00591275206069 -0.0128315571257
0.0142061494293 -0.00628055222642 -0.0116791787138
0.0139182107086 -0.00670101204451 -0.0104470339965
0.0135907366462 -0.00704906679687 -0.00913641881155
0.0132355324313 -0.00734238438275 -0.00774872095502
0.0128797282597 -0.0076142020372 -0.00627355039527
0.0123231741554 -0.00758954040301 -0.00482049726579
0.0116352132421 -0.00747160869188 -0.00337254943591
0.0151832660268 -0.00101765542272 -0.0230328461196
0.0150732208834 -0.00178288422554 -0.0224460548234
0.0148373969249 -0.00237728068173 -0.0216891255169
0.0145866105441 -0.00285185152755 -0.0208830823887
0.0143950410521 -0.00332372939723 -0.0201137261677
0.0142323772813 -0.00381465488565 -0.0193511028307
0.0140806322593 -0.00434149380157 -0.0185738890158
0.0139048656728 -0.00486046794516 -0.0177438286821
0.0137151912044 -0.0054032211494 -0.0168651154647
0.01350086116 -0.00594813571359 -0.0159224155191
0.0132735673263 -0.0065210911985 -0.0149154348497
0.013013343001 -0.00705907858832 -0.0138275446963
0.0127426324849 -0.00760527517198 -0.0126623199799
0.0124485361405 -0.00810863879815 -0.0114120143304
0.0121201409896 -0.00853142296073 -0.0100784396896
0.0117910452351 -0.00893375182292 -0.0086597186057
0.0114583601004 -0.00928820329174 -0.00715316845331
0.0110262634129 -0.00944401210354 -0.00559620984645
0.0104074537874 -0.00935455199318 -0.00404585441995
0.0145163929623 -0.000400795771681 -0.0241508870954
0.0141916098482 -0.0013184183795 -0.0234515661052
0.0138654491308 -0.00211771434031 -0.0227005914309
0.0135423587083 -0.00281085600145 -0.0219091732757
0.0132768439664 -0.00349385731874 -0.0211457463361
0.0130423969137 -0.00418092778275 -0.0203807889427
0.0128252620594 -0.00488637170124 -0.0195959803529
0.0126098654557 -0.00560467106292 -0.0187690838639
0.0123906079463 -0.00633548587044 -0.0178874942438
0.0121568913104 -0.00705571273315 -0.0169346913814
0.0119015701236 -0.00774071970084 -0.0159006444475
0.0116342249982 -0.00840401797752 -0.0147878842304
0.0113505347664 -0.0090228839522 -0.0135902945798
0.0110449505781 -0.00957235006715 -0.0123055416885
0.0107213274837 -0.0100528099981 -0.0109363462943
0.0104120664127 -0.0105217529669 -0.00948305845383
0.0101094001935 -0.0109419150987 -0.00793952326673
0.00977316091759 -0.0112328684766 -0.00631311939354
0.00929310070758 -0.0112563572228 -0.00464680563531
0.0138041591738 0.000201058600705 -0.0252416504447
0.0132900660171 -0.000859147680915 -0.0244295472555
0.0128730363883 -0.0018533625435 -0.0236773434201
0.0124970761282 -0.00277805771668 -0.0229207531948
0.0121851187906 -0.00370221829476 -0.0221917293884
0.0119149247845 -0.00464013294077 -0.0214607334368
0.0116626483908 -0.00558181611054 -0.0206939911258
0.0114152637394 -0.00651660849646 -0.0198705159605
0.0111608499011 -0.00742230455317 -0.018971810354
0.010889212434 -0.00827002058844 -0.017984486474
0.010607952038 -0.00906888129569 -0.01691385731
0.0103135421044 -0.00980202559818 -0.0157555046713
0.0100029182188 -0.0104538223435 -0.0145080993375
0.00967875896732 -0.0110245960541 -0.0131751650279
0.00935972335325 -0.0115522143731 -0.0117635038032
0.0090544160717 -0.0120449895796 -0.010270120227
0.00876739315761 -0.0124972144935 -0.00868938624398
0.00849813829715 -0.012890764791 -0.00701613562512
0.00816421716665 -0.0130798566785 -0.00526176202809
0.0130352832374 0.000786981593677 -0.0263058886792
0.012330540428 -0.00038266516908 -0.025344648292
0.0118329783175 -0.00156137245767 -0.0245960275865
0.0114221175318 -0.00272098051943 -0.0238978199088
0.0110829248991 -0.00389509899125 -0.0232291725628
0.0107966112852 -0.0050982889151 -0.0225598668309
0.0105138233516 -0.00626822041487 -0.0218178970787
0.0102178174205 -0.00736963532834 -0.0209787311993
0.00990987656888 -0.00839496849317 -0.020043217906
0.00959183564419 -0.00933894084544 -0.0190135418178
0.00927491546275 -0.0102208463104 -0.0179010676093
0.00894308021152 -0.0109957521281 -0.0166909143992
0.00859170129174 -0.0116463183003 -0.0153845831155
0.00825437967977 -0.0122531805268 -0.0140080421428
0.00793358341038 -0.0128180632756 -0.0125571946923
0.00763419048308 -0.0133448942618 -0.0110278700953
0.00735523524106 -0.0138207100715 -0.00941335799667
0.00709451800309 -0.0142291950322 -0.00770860017908
0.00682145228287 -0.0145028799031 -0.00591168455846
0.0121438200439 0.00140010353752 -0.0272586434128
0.011291148904 0.00012785003415 -0.0261690916937
0.0107412506164 -0.00124025170459 -0.025457812304
0.010317282362 -0.0026435657289 -0.0248546175783
0.00996836992728 -0.00407595583393 -0.0242781924889
0.00964135238724 -0.00548518131009 -0.0236424601612
0.00930661079876 -0.0068204613009 -0.022899758474
0.00894311228372 -0.00802578706085 -0.0220200569999
0.00855913282896 -0.00909827717924 -0.0210189345934
0.00818108141932 -0.0100864185492 -0.0199340803571
0.00781231623788 -0.0109961208912 -0.0187692826321
0.00744915491988 -0.0118164360208 -0.0175201062293
0.00708770837685 -0.012535067764 -0.0161838217644
0.00674051976742 -0.0131830656911 -0.0147723178364
0.00642209156939 -0.0137965599346 -0.0132925377133
0.00612353914351 -0.0143485026547 -0.0117324668826
0.00584180430827 -0.0148259658419 -0.0100871176088
0.0055973971987 -0.0152710744611 -0.00835936280022
0.00535910202911 -0.0156018644175 -0.0065364518652
0.0110916568022 0.00207866557593 -0.0280202730057
0.0101701827227 0.000674597488615 -0.0268961204358
0.00961300933839 -0.000911137827009 -0.026297278579
0.0092042685309 -0.00258308777572 -0.0258500895264
0.0088304559384 -0.00423961971643 -0.0253538800948
0.00843386448054 -0.00578774989699 -0.0247069474896
0.00801362442304 -0.00720148607347 -0.0239084904707
0.00756139666838 -0.0084384708548 -0.0229486372239
0.00710687696957 -0.00954167266573 -0.0218800499519
0.00667249729808 -0.0105580650071 -0.0207391259483
0.00625661730384 -0.0114854969175 -0.0195232095743
0.00587004330183 -0.0123547278317 -0.018245367597
0.0055093396091 -0.0131597938968 -0.0168976562061
0.00516566892507 -0.0138765131796 -0.0154677886222
0.00483745334649 -0.0144992078453 -0.0139539744451
0.00453601524099 -0.0150591002532 -0.0123647547515
0.00425869927484 -0.0155464932469 -0.0106943850712
0.00401317636122 -0.0159793565178 -0.00894337790839
0.00380096345074 -0.0163556704009 -0.00710644657256
0.00997420978435 0.00275395995294 -0.0287319271277
0.0090304996839 0.0011914664605 -0.0276425795914
0.00846114973454 -0.00059763135525 -0.0271632346969
0.00804463891932 -0.00249920362884 -0.0268583675597
0.00762185816097 -0.0043261153346 -0.0264108554346
0.00715278740496 -0.00598431046063 -0.0257411193236
0.00663450358913 -0.0074236347424 -0.0248466092476
0.00610507013484 -0.00868644391008 -0.0238051174617
0.00558981260236 -0.00981519546614 -0.0226678140097
0.00510585471997 -0.0108510893232 -0.0214672557149
0.00466044081191 -0.0118200118381 -0.0202149864543
0.00426123910031 -0.0127533539631 -0.0189198524074
0.00389323813372 -0.0136141783266 -0.0175539233298
0.00354685924402 -0.0143737010065 -0.0161019503437
0.0032181069474 -0.0150173126824 -0.0145597889662
0.00291369976937 -0.0155660903795 -0.012936808081
0.00264072578155 -0.0160443664452 -0.0112390864361
0.0024037618414 -0.016467863987 -0.00946649581655
0.00221531063761 -0.0168777644725 -0.00762046141703
0.00884739842875 0.00336932311075 -0.0295335418022
0.00785521315517 0.00168515445049 -0.0284158150047
0.00725050352768 -0.000266105804935 -0.0280258362373
0.00678920432761 -0.00233051268488 -0.0278141809372
0.00630185738621 -0.0042794924178 -0.0273909409728
0.0057549906489 -0.00600781050579 -0.0266773494146
0.00516172551244 -0.00748276328572 -0.0257046730748
0.00456734770943 -0.00876334506105 -0.0245789694013
0.00400396141991 -0.00991497947188 -0.0233750024816
0.0034907170357 -0.01099538652 -0.0221355671472
0.0030288097934 -0.0120227080924 -0.0208615708327
0.00261302445672 -0.0129938340384 -0.0195393911238
0.00223135170211 -0.0138751310352 -0.018142797462
0.00187868543771 -0.0146489360482 -0.0166617672158
0.00155134598018 -0.0152990934344 -0.0150908740409
0.00125692955546 -0.015855704609 -0.0134440739454
0.000996566065551 -0.0163255950418 -0.0117222372749
0.000778676407907 -0.0167499854528 -0.0099338796503
0.000617933895983 -0.0172036115297 -0.00808707247384
0.00757962209317 0.0040415015162 -0.0301640839896
0.00661320036466 0.00218196322643 -0.0291895961225
0.00595308242844 0.000113486120688 -0.028853543458
0.00540908602606 -0.00203477610144 -0.0286587357299
0.00485244870185 -0.00407156294062 -0.028252728266
0.0042364582272 -0.00585392977211 -0.027499158275
0.00359401383247 -0.00738581356549 -0.0264839048017
0.00295570015694 -0.00869727734935 -0.0252908697107
0.00236185964669 -0.00988488155135 -0.0240345594589
0.00182582816192 -0.0110011062337 -0.0227541352007
0.00134557875369 -0.0120577073319 -0.0214446623463
0.000913850979656 -0.0130425645118 -0.0200858385741
0.000524708033226 -0.0139399963778 -0.0186609366983
0.000177381461078 -0.0147525993458 -0.0171675705973
-0.000144958929613 -0.0153890493803 -0.0155614979347
-0.000426625127158 -0.015929492091 -0.0138857494483
-0.000661767458222 -0.0164188951912 -0.0121539154253
-0.000852556498832 -0.0168568825653 -0.0103577494692
-0.000989245077231 -0.0173372361091 -0.0085123283044
0.00567835562962 0.00531049099693 -0.0289886485126
0.00527798230944 0.00270914742869 -0.0299302954526
0.00454294513224 0.00057594018535 -0.0295939797251
0.00390221147091 -0.00160291516121 -0.0293676027939
0.00327195619358 -0.00369285387659 -0.0289682700788
0.00260901922943 -0.00555022209523 -0.0282290931146
0.00192748036716 -0.00713265391981 -0.0271798291204
0.00125943606022 -0.00847174500049 -0.0259243504468
0.000648506553871 -0.00969819192473 -0.0246267082474
9.66092110975e-05 -0.0108343507313 -0.0232988584757
-0.000396286292185 -0.0119012193089 -0.0219462002526
-0.000829193985451 -0.0129338351802 -0.0205798402916
-0.00121635898025 -0.0138652476293 -0.0191408814389
-0.00156059621601 -0.0146745292404 -0.0176162884195
-0.00186430222815 -0.0153273439664 -0.0159919833455
-0.00212273365531 -0.0158560520099 -0.0142903320492
-0.0023294685059 -0.0163620057529 -0.0125515276181
-0.00248874389895 -0.0168389797744 -0.010759710106
-0.00260208363178 -0.0173457693869 -0.00891860170737
0.00454069546474 0.00569349403629 -0.0302947401779
0.00383356274553 0.00328635071561 -0.0306116979253
0.00300420725375 0.0011537991507 -0.0301747437463
0.00227623775301 -0.00103678809188 -0.0299267502896
0.00157825017257 -0.00317074092229 -0.0295613469997
0.000864518423599 -0.00507130676488 -0.0288239106857
0.000150352430068 -0.00668226344632 -0.0277347670797
-0.000525974582054 -0.00807724341269 -0.0264652948068
-0.0011436531515 -0.00933480976347 -0.0251304107488
-0.00169838122939 -0.0104947360567 -0.0237671044787
-0.00219134355014 -0.0115810687967 -0.0223848176608
-0.00262308032431 -0.0126568057052 -0.0210165141484
-0.0030038065298 -0.0136394057475 -0.0195815476187
-0.00333488606858 -0.0145009737826 -0.0180599709228
-0.00361500167935 -0.01515625811 -0.0164098298835
-0.00384101116149 -0.0156960448657 -0.0146919932182
-0.00401689487841 -0.016220544667 -0.0129472965766
-0.00414785324794 -0.0167383908128 -0.0111620152241
-0.00423850173296 -0.0172482688113 -0.00931885974
0.00320133532852 0.00617851706862 -0.0315163659449
0.00224769747783 0.00397020121185 -0.0310697884629
0.00135571563371 0.00182858414224 -0.03061356811
0.000546358105764 -0.000350607676654 -0.0303418524589
-0.000222893445687 -0.00250301754729 -0.030013124659
-0.000986929230709 -0.00441930303881 -0.0292676876991
-0.00172088578009 -0.00606743490371 -0.0281746559357
-0.00239871124711 -0.00752280170558 -0.0269188494289
-0.00301235893296 -0.008821323228 -0.0255701099086
-0.00355993039101 -0.0100023560739 -0.0241767402124
-0.00404450839875 -0.0111189548078 -0.0227811821003
-0.00447313730842 -0.0122130355695 -0.0213985432001
-0.00484667535675 -0.0132175738599 -0.0199554970943
-0.00516310083726 -0.0141012497794 -0.0184274487591
-0.00541481206965 -0.0148080130579 -0.0167861270469
-0.00560832459934 -0.0154124162675 -0.0150829526245
-0.00575421935543 -0.0159801928214 -0.0133443486619
-0.00585718136639 -0.0165180254574 -0.0115589734776
-0.00592748187943 -0.017060914143 -0.00972322385952
0.00154348829703 0.00694695779155 -0.03167147696
0.00055000278434 0.00473705909945 -0.0313076243892
-0.000390019013706 0.00259191155984 -0.0309060370039
-0.00127500719316 0.000457800867607 -0.0305791003392
-0.0021202761199 -0.00164573570941 -0.0302052695609
-0.00292743226676 -0.00356132557704 -0.0294743331776
-0.00367726728169 -0.00527688698201 -0.0284695080887
-0.00435694310515 -0.00678958161975 -0.0272548538406
-0.00496169719099 -0.00813016328162 -0.0259140628942
-0.00549653946556 -0.00935628916692 -0.0245296701753
-0.00596725241855 -0.0104953057777 -0.0231224616129
-0.00638285142205 -0.0115809951097 -0.0217092701771
-0.0067387143828 -0.0125758641208 -0.0202423810892
-0.00703306427227 -0.0134685962938 -0.0187090416385
-0.00725653274988 -0.0142222337105 -0.0170860946829
-0.00743178389673 -0.0149260133402 -0.0154276186401
-0.00755827617294 -0.0155689870646 -0.0137163059714
-0.00762945111574 -0.016123497905 -0.0119330717193
-0.00768181380332 -0.0167006162195 -0.0101088529
-0.000186720475007 0.00771244125857 -0.0317618700123
-0.00122640011328 0.0055354554569 -0.0314702602507
-0.00221780119688 0.0034497974891 -0.0309804868332
-0.00316151327286 0.00138942544407 -0.0305792955271
-0.00406842448922 -0.000648867623931 -0.0301773073109
-0.00491897998833 -0.00256003219519 -0.0295114287271
-0.00569067767662 -0.00428829215525 -0.0285565414175
-0.00637562368668 -0.00583660519656 -0.0273970176526
-0.00697427378864 -0.00722391742278 -0.0261051444628
-0.00749541114731 -0.00848507192161 -0.0247444358412
-0.00795035360954 -0.00965356362572 -0.023351952228
-0.00834628232773 -0.0107460561572 -0.0219332836084
-0.00867528490259 -0.0117386823643 -0.0204565448678
-0.00894005644173 -0.0126379187916 -0.0189241922865
-0.00913459463018 -0.0134289565103 -0.017323812343
-0.00931597844693 -0.0142435377991 -0.0157281471718
-0.00944359752096 -0.0149799578896 -0.0140597810093
-0.0094964930867 -0.0155916968794 -0.0122972343308
-0.00952503223126 -0.0161857151233 -0.0104794184827
-0.00199390155196 0.00847096385512 -0.0319879315186
-0.00308001509817 0.00637152861502 -0.0315059299088
-0.00409422273049 0.00437446481935 -0.0308361352925
-0.00507424206904 0.00240657218204 -0.0303673404882
-0.00603110411331 0.00045018145552 -0.0299597030927
-0.00691724963334 -0.0014030611841 -0.0293081037317
-0.0077094863257 -0.00311131183538 -0.0284051834152
-0.00840640157861 -0.00467423731419 -0.0273236614766
-0.00901906676078 -0.0061137648688 -0.0261365405008
-0.00953892313572 -0.00741632888647 -0.0248385862497
-0.00997873993432 -0.00860608835194 -0.0234727187708
-0.0103601825159 -0.00972097616854 -0.0220785013692
-0.0106837769406 -0.0107612997739 -0.0206443270665
-0.0109357384891 -0.0117038764849 -0.0191437115059
-0.011113591143 -0.0125453359058 -0.0175747761071
-0.0113033447288 -0.013421930975 -0.0160155329857
-0.0114227284259 -0.0141993860716 -0.014367162301
-0.0114664107878 -0.014869999218 -0.0126296206698
-0.0114575348978 -0.0154687674152 -0.0108174510357
-0.00390713248234 0.00926323065454 -0.0321743037367
-0.00499363386386 0.00723564208724 -0.0313631695888
-0.00602407340894 0.00531047372312 -0.0307047254791
-0.00701369213953 0.00344872815373 -0.0301170136133
-0.00798477065189 0.0016167023469 -0.0295988546588
-0.0088752418044 -0.000132031946832 -0.0288937355611
-0.009689074823 -0.00179406720249 -0.028056540099
-0.0104023536381 -0.00333943373743 -0.027055566876
-0.0110525595834 -0.00480716937725 -0.0259941027481
-0.011611140553 -0.00616467228768 -0.0248199485224
-0.0120362985798 -0.0073626368937 -0.0234872161126
-0.0124235706745 -0.00851214681447 -0.0221492378583
-0.0127388168743 -0.00957439169527 -0.0207486332085
-0.0129938910382 -0.0105636082915 -0.0192957138146
-0.0131896474934 -0.0114809198282 -0.0177857628025
-0.0133407171066 -0.0123427865137 -0.0162234852194
-0.0134310219414 -0.0131301713536 -0.0145905487072
-0.0134367654244 -0.0138163300729 -0.0128742406997
-0.0133880228993 -0.0144345011382 -0.0110885952513
-0.00587476502512 0.0100421263446 -0.0319061556459
-0.00702886201483 0.00812647559216 -0.0314566621285
-0.00808397396575 0.00627150443005 -0.0307877224009
-0.00908128293527 0.00449214707147 -0.0301089194756
-0.0100289063513 0.00277517897091 -0.0294122786941
-0.0108764840264 0.00114424269694 -0.02856558225
-0.0116361733121 -0.000399896666306 -0.0276226035992
-0.012326211285 -0.00186817681984 -0.0266236041968
-0.0129293363628 -0.00324845749261 -0.0255399541398
-0.0134529714865 -0.00454585328963 -0.024387436871
-0.0138892895309 -0.00575419670545 -0.023159042255
-0.0142623579731 -0.00689366988417 -0.0218828746239
-0.0145780674881 -0.00797024428598 -0.0205588867731
-0.0148471411498 -0.00899359082687 -0.019188615271
-0.0150707615221 -0.00996476471822 -0.0177637550428
-0.0152585780555 -0.010891213158 -0.0162804362834
-0.0153483322538 -0.0117199456117 -0.0147033212137
-0.0153017003445 -0.0124200999566 -0.0130302339355
-0.0151712568194 -0.013036375987 -0.0112906144476
-0.0140752158039 0.021161688318 -0.00780244266759
-0.014183457952 0.0210710709947 -0.00703639454467
-0.0143197497822 0.0209026143931 -0.00622947898063
-0.0141921883071 0.0204152067379 -0.0054600436334
-0.0139211175883 0.0198541815106 -0.00472898398615
-0.0136091232705 0.019312817182 -0.00401209135143
-0.013288762804 0.0187932398819 -0.00329525030521
-0.012971911682 0.0182834785626 -0.0025689587522
-0.012659965522 0.0177710306113 -0.00182727976252
-0.0123323150569 0.0172424201764 -0.00107677974104
-0.0119822721156 0.0166934868218 -0.00031912510158
-0.0116285909981 0.0161262711078 0.000461637398146
-0.0112769519894 0.0155399845887 0.00127815738409
-0.0108957219963 0.0149303198359 0.00211378974308
-0.0104683113772 0.0142973929133 0.00295750342086
-0.00997874204962 0.013641340976 0.00379139223472
-0.00938668624046 0.0129551575201 0.00454581972775
-0.00872818998408 0.01223806093 0.00522866948638
-0.00801070664242 0.01147622834 0.00578652822778
-0.0140969215325 0.0213264892942 -0.0092190517839
-0.0143279356295 0.020939392205 -0.00839518094861
-0.0143819953359 0.0203755056392 -0.0075695928922
-0.0142362286899 0.0197001737129 -0.00678264848536
-0.0140808945361 0.0190825435451 -0.00601563921448
-0.0139021638758 0.0184873652173 -0.00526191089131
-0.013724671429 0.0179110696467 -0.00450720120117
-0.0135829447788 0.0173521953815 -0.00372928258342
-0.0134342534414 0.0167825216231 -0.00293610620875
-0.0132382222982 0.0161869937952 -0.00214374040908
-0.0130149794552 0.0155720840716 -0.00134130664613
-0.0127745746544 0.0149395238862 -0.000519216910879
-0.0125151313332 0.0142884647236 0.000327295443786
-0.0122318700896 0.013618617098 0.00120218553863
-0.0118879005137 0.0129252202596 0.00208094418451
-0.0114776156024 0.0122098576453 0.00295823580852
-0.0109691044652 0.0114682442232 0.00379338621485
-0.010366421653 0.0106996180648 0.00456861060052
-0.009659865143 0.009894298149 0.00522551278676
-0.0141548497379 0.0215813095574 -0.0106213242191
-0.0144733164561 0.0209036836306 -0.00970989997646
-0.0145540434664 0.0200919945331 -0.00881270481267
-0.0144947812975 0.0192670842216 -0.0079662788509
-0.0144433513036 0.0185172240538 -0.00715423290436
-0.0144036557708 0.0178151227926 -0.00635454412646
-0.0143710589578 0.017139118607 -0.00555282798904
-0.0143635778127 0.0164833512001 -0.00473092352041
-0.014335803466 0.0158220057369 -0.00389484570586
-0.014251454142 0.015141671193 -0.00305685119491
-0.0141215300384 0.014446685804 -0.00221199204963
-0.0139637401996 0.0137416498331 -0.00134851502073
-0.0137818114104 0.013026747827 -0.000458795120483
-0.0135529189491 0.0122969441225 0.000448040099932
-0.0132753986579 0.0115531093584 0.00137509099588
-0.0129212678044 0.0107913245427 0.00230332770388
-0.012463392033 0.0100083110748 0.0032049955754
-0.011885059975 0.00920187906821 0.00404923905757
-0.0111838903543 0.00837015392196 0.00480487989303
-0.0141819142335 0.0217524426753 -0.0120268790357
-0.0145492129059 0.0208225199569 -0.0110059090335
-0.0147247220404 0.0198491020255 -0.0100275591343
-0.0147695764266 0.0188829542813 -0.00911352796068
-0.0148511274712 0.0180070125016 -0.00824743558791
-0.0149755153171 0.0171969957373 -0.00739408123945
-0.0151221602538 0.0164251638465 -0.00653230422178
-0.0152676997067 0.0156714869178 -0.00565228825893
-0.0153560882855 0.0149109734502 -0.00476391716545
-0.0153659806307 0.0141372564181 -0.00387557459257
-0.0153161759381 0.0133575013384 -0.00298101081247
-0.0152327835872 0.0125787561469 -0.002065840828
-0.0151054910489 0.0117970859015 -0.00113066270456
-0.0149125078052 0.0110069716643 -0.000184882978546
-0.0146674803833 0.0102118736843 0.000782663687052
-0.014369133935 0.00941143953851 0.00177652351553
-0.0139590135616 0.00859487151011 0.00275448348293
-0.0134158184714 0.00776054990337 0.00369070485854
-0.0127310152129 0.00690948004689 0.00456125859498
-0.0141791737906 0.0218200664322 -0.0134458352418
-0.0145509759104 0.0206706183856 -0.0122907574751
-0.0148802072288 0.0195895944772 -0.0112427136695
-0.0150554090328 0.0185039647899 -0.010258773456
-0.0152929614149 0.0175153649528 -0.00933502598188
-0.015601371106 0.0166065958594 -0.00842463255025
-0.0159313665021 0.0157421734101 -0.00750118201744
-0.0162294181027 0.0148941259279 -0.0065593224704
-0.0164405372113 0.014040913589 -0.00560957378208
-0.016531708596 0.0131734104306 -0.00466684738099
-0.0165455123218 0.0123074446612 -0.00372091336181
-0.0165019862276 0.0114486783988 -0.00276281343812
-0.0164045756514 0.0105968170691 -0.00178794816832
-0.0162589211313 0.00975173074849 -0.000789580035289
-0.0160698990537 0.00891247481845 0.000240239152868
-0.0157967556952 0.00806857220192 0.00128134593901
-0.0154130220721 0.00721507890221 0.00231625131176
-0.01492835861 0.00635442896937 0.00335023624332
-0.0143035814508 0.00548219678818 0.00434996060004
-0.0141697882187 0.0217848879828 -0.014898596284
-0.0144881068545 0.0204404206225 -0.0135725017186
-0.0149618376876 0.0192567321676 -0.0124658640903
-0.0153462986467 0.0180994716062 -0.0114288121372
-0.0157736505656 0.0170215917799 -0.0104490980934
-0.0162830835816 0.016028481263 -0.00948144823374
-0.0167859722012 0.0150757836396 -0.00849712487529
-0.0172114388568 0.0141335285301 -0.0074956699685
-0.0175046040891 0.0131827678866 -0.00649163338914
-0.0176526899098 0.0122220270655 -0.00549788969196
-0.0177063839942 0.0112696584592 -0.00450568879655
-0.0176951432717 0.0103340783836 -0.00350419947109
-0.0176306644372 0.00941659942807 -0.0024852116535
-0.0175324570117 0.00851900916733 -0.00143494335779
-0.0173731672652 0.00763086876385 -0.000361123117751
-0.01709646771 0.00673846500983 0.00070786460545
-0.0167248674225 0.00584574559205 0.00178281430998
-0.0162884397563 0.00495425265694 0.00288370072351
-0.0157567909431 0.00405538366686 0.00399460407469
-0.0139376981563 0.0215419836554 -0.0162694347877
-0.0143541652894 0.0201187909282 -0.0148534952106
-0.0149748560268 0.0188444120865 -0.0137043812667
-0.0155745538838 0.0176231085935 -0.0126351753335
-0.0162557602467 0.0164921585335 -0.0116179644936
-0.0169637344846 0.0154255520745 -0.0105998636085
-0.0175911508489 0.0143802271916 -0.00956145227352
-0.0180687784555 0.0133312767061 -0.00851253504265
-0.018404452023 0.0122830542274 -0.00746378936895
-0.0185839584292 0.0112329072448 -0.00642719784801
-0.01870347742 0.0102118535406 -0.00538297339347
-0.0187463806065 0.00921300350293 -0.00433152526985
-0.0187069543629 0.00823316639314 -0.00327263034486
-0.0186041136132 0.00727481480457 -0.00219699173967
-0.0184353522174 0.00633363840311 -0.00110255752349
-0.0181569305295 0.00539798243016 -7.85142101618e-06
-0.0177897422479 0.00446944345505 0.00109627284328
-0.0173777287744 0.00354759437086 0.00223410328862
-0.0168862969904 0.00261943983669 0.00339022255025
-0.0135390375915 0.0211610194873 -0.017560658538
-0.0141136160184 0.0196880917433 -0.0161183609591
-0.0149276433998 0.018348786052 -0.0149676968553
-0.0158087106031 0.0170922995744 -0.0139055400739
-0.0167410295087 0.0159144365241 -0.012867507182
-0.0175928235082 0.0147683299815 -0.0118038715905
-0.0182792458707 0.013623818672 -0.010715218064
-0.0187636107579 0.01246931198 -0.00962136588429
-0.0191026829657 0.0113251485177 -0.00853400854682
-0.0193354561452 0.0102044967965 -0.00745193968275
-0.0195097483514 0.00912082789862 -0.00636314758925
-0.0195933985659 0.00806298774245 -0.0052701934416
-0.0195482634394 0.00702059730421 -0.00418369705527
-0.0194066239484 0.00600162556883 -0.00309498900116
-0.0192034874405 0.00501083961755 -0.00199000859798
-0.0189272714567 0.00404114246523 -0.000870201202146
-0.0185850641718 0.00308757529363 0.000269081883551
-0.0181806886981 0.00214205659674 0.00143095746592
-0.017688784869 0.00119342618864 0.00260444492252
-0.0131450465563 0.0207049806159 -0.0188786302304
-0.0138138633156 0.0191640060534 -0.0173889283672
-0.0148732127504 0.0177792100978 -0.0162879747118
-0.0161180836875 0.0165140983526 -0.0152892498897
-0.017270658709 0.0152879294112 -0.0142365068618
-0.0181999748081 0.0140564413584 -0.0131187677575
-0.0188777317001 0.0128085637443 -0.0119706501384
-0.0193432713137 0.0115571701543 -0.010824866674
-0.0196781912089 0.0103288446298 -0.00969341569789
-0.0199353885671 0.00913974119827 -0.00857021525549
-0.0201296589375 0.00799278735338 -0.00744568039108
-0.0202298141529 0.0068780079372 -0.00631938399814
-0.0201835275214 0.00578300915462 -0.00520249291674
-0.0200113053928 0.0047143250969 -0.00409241056326
-0.0197809907544 0.00368350402068 -0.00296860329776
-0.0194830032552 0.00268355035841 -0.00183011664519
-0.0190992684805 0.00170687217426 -0.000681087889284
-0.0186659372521 0.000748378026314 0.000492210022362
-0.0181870550458 -0.000205479983369 0.00169212962592
-0.0128188560575 0.0201675040387 -0.0202948678374
-0.0135577022615 0.0185641634245 -0.0187395345093
-0.0148563466628 0.0171350099823 -0.0177118370523
-0.0164184642649 0.0158453642096 -0.0168004252515
-0.0177310344746 0.0145627948506 -0.0157365449828
-0.0186731474258 0.0132439195107 -0.014554922643
-0.0193248869461 0.0119065031485 -0.0133401875748
-0.0197608832728 0.0105724498011 -0.0121356856123
-0.020108385238 0.00927892969573 -0.0109558739934
-0.02038282996 0.00803070648725 -0.00979057976012
-0.020570528479 0.00682397499069 -0.00863187969395
-0.0206524902685 0.00565395974144 -0.00747703246034
-0.0206169093893 0.00451845413319 -0.00632591994248
-0.0204223689234 0.00341208430611 -0.00518692584673
-0.020155213866 0.00234981462876 -0.00404113242017
-0.0198095115868 0.00132723675728 -0.00288599328487
-0.019381327704 0.000339790810443 -0.00172003074074
-0.0189030721921 -0.000618605987788 -0.000532178352742
-0.0184365458539 -0.00156583684524 0.000697684707697
-0.0112430425497 0.0193307636743 -0.0205932929851
-0.0132948660647 0.0178622226342 -0.0201663597771
-0.0148301567647 0.016391608858 -0.0192508093602
-0.0165332071416 0.0150355868025 -0.0183900159637
-0.0179645290158 0.0136928141538 -0.0173361955641
-0.018924797313 0.0123028667648 -0.0161027274003
-0.0195866692432 0.0109016985363 -0.0148285749649
-0.0199967724195 0.00950272615836 -0.0135601414153
-0.0203378929945 0.00815287930841 -0.012330200716
-0.0206189220098 0.00685519354415 -0.011123424371
-0.0207897361232 0.00559934022066 -0.00992854898164
-0.0208729107257 0.00439022929186 -0.00873958921184
-0.0208366728911 0.00322248993334 -0.0075546003642
-0.0206181913652 0.00209076844325 -0.006381775325
-0.0203317820914 0.00101137247901 -0.00520388320379
-0.0199568477863 -2.02835322666e-05 -0.00401951347918
-0.0194846677632 -0.00100652429788 -0.00282756759991
-0.0189995913507 -0.00195550300674 -0.00160658602049
-0.0185684199494 -0.00289377331132 -0.00033725881889
-0.00999505380065 0.0184997371328 -0.0210452978262
-0.0130073507568 0.0170494772696 -0.0216824641596
-0.0147058900745 0.0155264624848 -0.0208790361016
-0.0164465306725 0.0140898068096 -0.0200471272021
-0.0179533553211 0.01268081817 -0.0190214808368
-0.0189412010953 0.0112315456416 -0.0177550508905
-0.0196160794731 0.00977884436869 -0.016429729533
-0.020040609461 0.00833863728085 -0.0151034694946
-0.0203737467363 0.00694622768057 -0.0138200549608
-0.020644135926 0.00560866368043 -0.0125688377331
-0.0208181190387 0.00432091595344 -0.0113337130047
-0.0209100529303 0.00308535531669 -0.0101072285812
-0.0208561990143 0.00189524365398 -0.00888510440363
-0.020637483191 0.000753800612054 -0.00766944934452
-0.0203455896175 -0.000330217198685 -0.00645131046673
-0.0199744680917 -0.00135967103676 -0.00522537299643
-0.0195205429287 -0.00233758611589 -0.00398783867208
-0.0190470853145 -0.00327550545194 -0.00272477714952
-0.0186214615773 -0.00420128285483 -0.00141983025367
-0.00963470290037 0.0176629862063 -0.0224244820923
-0.0126305942497 0.0161165562923 -0.023255967988
-0.0143719632849 0.0145263475853 -0.0225227523843
-0.0161124819552 0.0130088976813 -0.0217347861531
-0.0176609666233 0.0115284195681 -0.0207610380739
-0.0186468481957 0.0100204694277 -0.0194710312949
-0.0193531433345 0.00852824006601 -0.0181176482869
-0.0198448068991 0.00706587846174 -0.0167589834513
-0.0201928954025 0.00564830794166 -0.0154265201588
-0.0204692512675 0.00428731824472 -0.0141299838451
-0.0206637254009 0.00298212790026 -0.0128534725823
-0.0207622993028 0.0017316550757 -0.0115857558386
-0.0207238218549 0.000534955390755 -0.0103193103529
-0.0205367853366 -0.000604171291407 -0.00905363973481
-0.0202476949976 -0.00168235056092 -0.00778695493041
-0.019911506359 -0.00270371410528 -0.00651112504418
-0.0195094418016 -0.00367285143268 -0.00522049531629
-0.0190309336296 -0.00459376009125 -0.00391184402156
-0.018604974202 -0.00550208928311 -0.00256589128202
-0.00978734279031 0.0167369556363 -0.0246473674303
-0.0120919732446 0.0150611431885 -0.0248200430629
-0.013766959838 0.013396507876 -0.0241022933112
-0.0154761774708 0.0117988341591 -0.023383088526
-0.0170251350698 0.0102413478979 -0.0224841582694
-0.0180978920221 0.00868944638947 -0.0212528532235
-0.0188453390767 0.00716399049162 -0.0198934950346
-0.0193891244954 0.00568229592914 -0.0185140346123
-0.0197603448607 0.00425218518306 -0.0171398103667
-0.0200583177726 0.00288218755977 -0.0158028806412
-0.0202789374849 0.00157169615838 -0.0144872991769
-0.0203971234261 0.000320236077448 -0.0131775838858
-0.0203896923828 -0.000870449176053 -0.0118655046917
-0.0202256434618 -0.00199512924901 -0.0105472229703
-0.0199681426619 -0.00305526218476 -0.00922675277795
-0.0196671028112 -0.00405907221273 -0.00789887978329
-0.0193395194452 -0.00501676848236 -0.00655432919239
-0.0189093518419 -0.00592008774774 -0.00518917032298
-0.0184808594423 -0.0068006887537 -0.00379400472143
-0.00921514586649 0.0156246245619 -0.0261035867784
-0.0113637508148 0.0138890732587 -0.026321221757
-0.0129234884365 0.0121551062866 -0.0255964441739
-0.0145349904455 0.0104791226267 -0.0249275017099
-0.0160301912417 0.00884440346752 -0.0241102796742
-0.0172029985265 0.00724436345298 -0.0230119849675
-0.0180468725055 0.00569004820884 -0.0217167034391
-0.0186483270378 0.00419337217409 -0.020341893146
-0.0190541747793 0.00276178860499 -0.0189403393232
-0.019379561564 0.00139490749719 -0.0175708537073
-0.0196228664587 9.17200709701e-05 -0.0162192809933
-0.0197470108544 -0.00114466473205 -0.0148650218798
-0.0197325621391 -0.00230962986019 -0.013501490181
-0.0196068721227 -0.00340432600101 -0.0121339651327
-0.0194149393989 -0.00443681612414 -0.0107645157243
-0.0192217176734 -0.00542615850519 -0.00938965562857
-0.0189357406329 -0.00635723977117 -0.00799175541118
-0.0185879098356 -0.00724130528915 -0.0065684585578
-0.0181990391885 -0.0080912059603 -0.00511416711244
-0.00860680611824 0.0144020645299 -0.0276930297051
-0.0104369010743 0.012605450295 -0.0276952169925
-0.0118633484306 0.0108148375078 -0.0269632603006
-0.013368686381 0.00907511436155 -0.0263700447831
-0.0147862138791 0.00737366952362 -0.0256489381782
-0.0159238646033 0.0057237899514 -0.0246302378618
-0.0168352456003 0.00413845158847 -0.0234446092648
-0.0175252186618 0.00262824695503 -0.0221415093731
-0.0180184251945 0.00119929087678 -0.020770311135
-0.0183782346042 -0.00015252808295 -0.0193855222247
-0.0186474732772 -0.00143408081482 -0.0180080834615
-0.0187919837414 -0.00263854206918 -0.0166163543848
-0.0188226200697 -0.00376703808085 -0.0152139998659
-0.0187508906747 -0.00482190764541 -0.0138023816563
-0.0186789893841 -0.00583571955013 -0.0123996677709
-0.0186322870265 -0.00682585504938 -0.0109911573706
-0.0184187087208 -0.00773052196568 -0.00953624296223
-0.0181111076361 -0.0085736771155 -0.00804855112038
-0.0177720437592 -0.00938355455889 -0.00652775416327
-0.00796992074743 0.0130949504549 -0.0295629378219
-0.00936797087401 0.0112156605062 -0.0289585209574
-0.0106271221617 0.0093865993042 -0.0281655327027
-0.0120200037166 0.00760428684732 -0.0276817917014
-0.0133261448893 0.00585604091897 -0.0270514397314
-0.0143924188934 0.00417607478199 -0.026107884906
-0.015281332105 0.00257497017988 -0.0250046606488
-0.0160404068588 0.00105091959499 -0.0238240928012
-0.0165959536128 -0.000370539132567 -0.0225163752571
-0.017002663833 -0.00169798642025 -0.0211533279564
-0.0173115472606 -0.00294658438816 -0.019777521921
-0.0175497912413 -0.0041280069041 -0.0183994289033
-0.0177494536181 -0.00525828569688 -0.0170241366764
-0.0178449292378 -0.00631347497643 -0.0156110448932
-0.0178796521707 -0.00731309900934 -0.0141746982769
-0.0178657266457 -0.00826532050353 -0.0127103324058
-0.0177273738742 -0.00913533903846 -0.0111945130257
-0.017472890975 -0.00992567159931 -0.00963375889948
-0.0171866602812 -0.0106803768519 -0.00803735212055
-0.0070212046073 0.0116577003243 -0.0310181067272
-0.00818509912689 0.00971666350255 -0.0300722800365
-0.00930392521568 0.00787707573841 -0.0292557979549
-0.0105130693934 0.0060872084932 -0.0287799302416
-0.0116645742785 0.00433152730086 -0.0282055889163
-0.0126724239497 0.00264388867654 -0.0274014896202
-0.0135351273972 0.00104343708219 -0.026420727388
-0.0143032741162 -0.000481157455336 -0.0253639599995
-0.0149239744337 -0.00190203412252 -0.0241787862469
-0.0154180781674 -0.00322404024739 -0.0229097515182
-0.0158215266916 -0.00446487326267 -0.0215991810384
-0.0161394040732 -0.00562846614453 -0.0202495331041
-0.016383540527 -0.00672300244021 -0.0188660413178
-0.0165830230388 -0.0077677450593 -0.0174593911764
-0.016723280721 -0.00875568983923 -0.0160112968724
-0.0167344595845 -0.00964339648409 -0.0144897648249
-0.0166498849572 -0.0104513456384 -0.012915043311
-0.0165188128869 -0.0112116135587 -0.0112993013699
-0.0163111184038 -0.0119052861796 -0.00962977056224
-0.00587476502512 0.0100421263446 -0.0319061556459
-0.00702886201483 0.00812647559216 -0.0314566621285
-0.00808397396575 0.00627150443005 -0.0307877224009
-0.00908128293527 0.00449214707147 -0.0301089194756
-0.0100289063513 0.00277517897091 -0.0294122786941
-0.0108764840264 0.00114424269694 -0.02856558225
-0.0116361733121 -0.000399896666306 -0.0276226035992
-0.012326211285 -0.00186817681984 -0.0266236041968
-0.0129293363628 -0.00324845749261 -0.0255399541398
-0.0134529714865 -0.00454585328963 -0.024387436871
-0.0138892895309 -0.00575419670545 -0.023159042255
-0.0142623579731 -0.00689366988417 -0.0218828746239
-0.0145780674881 -0.00797024428598 -0.0205588867731
-0.0148471411498 -0.00899359082687 -0.019188615271
-0.0150707615221 -0.00996476471822 -0.0177637550428
-0.0152585780555 -0.010891213158 -0.0162804362834
-0.0153483322538 -0.0117199456117 -0.0147033212137
-0.0153017003445 -0.0124200999566 -0.0130302339355
-0.0151712568194 -0.013036375987 -0.0112906144476
-0.00123213661326 -0.0205246636158 0.00670673183196
-0.00246379020436 -0.0196098244219 0.00804302886788
-0.00372217161554 -0.0184649587624 0.0091648201492
-0.00508599520063 -0.0173137046994 0.0101389428492
-0.00650710619813 -0.0160647921981 0.0109150336679
-0.00807675541274 -0.0148600142628 0.0115957181564
-0.00972953761516 -0.0135903332058 0.0121068113181
-0.0114765950676 -0.0122732175405 0.0124590076207
-0.013233437571 -0.010819210149 0.0125778601126
-0.00121990112704 -0.020636271642 0.0058205137703
-0.00277157929222 -0.0198763015163 0.00707988187597
-0.00430206093117 -0.018831969921 0.00821511224478
-0.00579219039526 -0.0175552878336 0.0091535632929
-0.0072236491273 -0.0160896544851 0.00986794951098
-0.00891286925039 -0.0149234353068 0.0106556986758
-0.0106666112267 -0.01368754082 0.0113261590176
-0.0123288720812 -0.0122223779595 0.0117609281069
-0.0139022683069 -0.0105930706012 0.0120139328952
-0.00122088876992 -0.0206176495303 0.00491070109244
-0.00302259275922 -0.0199563816925 0.00606622104197
-0.00473812026894 -0.0189275405305 0.00715776296543
-0.00630683189803 -0.0175159316264 0.00804887221435
-0.0078364349101 -0.0160360901399 0.00880124967544
-0.00955434723081 -0.0148087996507 0.00960676532016
-0.0113977597162 -0.0136077152509 0.0103852245947
-0.0130400870846 -0.0120622247932 0.010929606272
-0.0145001855917 -0.0103084209713 0.0113316000598
-0.00123659850136 -0.0204762731717 0.00401822217166
-0.00323740787772 -0.0198931900623 0.00506882652922
-0.0050795654928 -0.0188329738671 0.0060992183543
-0.00674044180871 -0.0173826134963 0.0069677335252
-0.00840225457295 -0.015992054606 0.00777490339867
-0.0100930135314 -0.0146405494133 0.00856682070223
-0.011923780757 -0.0133762679762 0.00937814628863
-0.0135976871788 -0.0118144352648 0.0100340670436
-0.0149334652478 -0.00992784360048 0.0105586428121
-0.00128908625785 -0.0202805582431 0.00314637579397
-0.00341729764014 -0.0196778013421 0.00411547897595
-0.00536524650393 -0.0186221776742 0.00508402792248
-0.00715194324277 -0.0172685850292 0.0059497591167
-0.00893375845123 -0.0159794977775 0.00679303023487
-0.0105911455156 -0.0145008596284 0.00757270180617
-0.0123126080474 -0.0130722186308 0.00837167146641
-0.0139519215571 -0.0114529720953 0.00909796448506
-0.0152480567247 -0.00950185831354 0.00973429425309
-0.00138708581192 -0.020055688237 0.00228311734349
-0.00359760246369 -0.0194011906498 0.00320776587452
-0.00564238031402 -0.0184055486581 0.00412537554402
-0.00754151950095 -0.0171770476232 0.00498491300651
-0.00941907227073 -0.0159794993226 0.00584579134114
-0.0110572718235 -0.0144007396861 0.00661685304522
-0.0126613507235 -0.0127941285702 0.00739449275911
-0.0142017497039 -0.0110593614788 0.00814940918063
-0.015499117745 -0.00906133619813 0.0088549815863
-0.00154724117188 -0.0198560429168 0.00140606372232
-0.00380608294923 -0.0191436750113 0.00232685128467
-0.00592136624237 -0.0182122179775 0.0032122125795
-0.00790432497701 -0.0170996769137 0.00406384222618
-0.00984831789694 -0.015974363019 0.00492843813184
-0.0114786100149 -0.0143225773551 0.00568646486532
-0.0129864406135 -0.0125534770007 0.00643237338649
-0.0144424415459 -0.0106992215555 0.00718365146696
-0.0157782027694 -0.0086485575309 0.00790588605244
-0.00177272241612 -0.0196979318764 0.000511408559017
-0.00405389990823 -0.0189449564497 0.00145708334432
-0.00620574712125 -0.0180563583833 0.00233386665497
-0.00824240762703 -0.0170427442952 0.00318229793677
-0.0102340675016 -0.0159867186009 0.00404662601128
-0.0118593490644 -0.0142730405732 0.00477992963012
-0.0133134167579 -0.0123761373832 0.00548044032766
-0.0147333394015 -0.0104136319838 0.00619451971067
-0.0161342879266 -0.00828706398655 0.00688760737095
-0.00205589153064 -0.0195639805565 -0.000384173795746
-0.00433271974328 -0.0187859393807 0.000595309829557
-0.00649674855622 -0.0179473413476 0.00148413250652
-0.00856006667978 -0.0170189506674 0.00233872312937
-0.0105745212814 -0.0160142051553 0.00319955116851
-0.0122178387638 -0.0142830445308 0.00390497630717
-0.0136496640993 -0.0122749525322 0.00453999929458
-0.0150745545433 -0.0102078006964 0.00518831611851
-0.0165656294604 -0.00798736774428 0.00583218547795
