0.0132455961055 -0.00853461650787 0.0153969184276
-0.00223767259125 0.00328978649694 0.0220449114122
0.0187684837022 0.00126508485806 -0.0176936715059
-0.0118629584517 0.0225143136602 -0.00615715552042
0.0204221541191 0.00528696320245 0.0105424800437
0.0069011898042 0.0151989107251 0.0163561320808
0.0217691476336 0.00403158703206 0.0143619658174
0.00740903602311 0.0144738796658 0.0203512496076
0.0220623320056 0.00300299868253 0.018034061008
0.00820714724039 0.0133740428689 0.0240272892459
0.022209782634 0.00238060655612 0.0212686852506
0.00941314349299 0.01179017801 0.0268098885354
0.0217478498512 0.00143335197243 0.0234957083788
0.00987808642907 0.0102217103823 0.0288828935567
0.0289358864942 0.00672234062556 0.029356343115
0.0158862433499 0.0159481218576 0.0347456725218
0.0203057914377 -0.000834723812432 0.0356532762493
0.0137064286002 0.00404577562395 0.0386085011649
0.0189447426352 -0.000141989702205 0.038453502702
0.0158370884955 0.00204849866469 0.0397632223783
-0.00680724925191 0.00962041989136 -0.0323791887586
0.0196877198613 0.0052568029583 -0.0137531572245
-0.00608811091839 0.0241723935394 -0.0032584339679
0.019668238745 0.00605193998301 0.010118617946
0.0206553453818 0.00506490606245 0.00999011580662
0.0213753843961 0.00454820371655 0.0113112262606
0.0203468805403 0.00584643640443 0.0115982589828
0.00719588253814 0.015302269976 0.0150596892256
0.00603515172869 0.0156407438295 0.0156614691939
0.00633812088841 0.015951275691 0.0173136296054
0.00795188388971 0.0146837999603 0.0168360248961
0.0207171022253 0.00502661955646 0.013448682813
0.0211466887186 0.00438578736878 0.0154986398628
0.0230287860672 0.00380395708779 0.0147787284207
0.0223187325004 0.00410614257264 0.0130458223938
0.00806872463461 0.0141445027354 0.0190872782481
0.00833251400197 0.0137554061838 0.0210101471747
0.00719939411991 0.0154015199382 0.021475353192
0.00685267544686 0.0154941969535 0.0194108736568
0.0210649581181 0.0037980628811 0.0173763060145
0.0211442519626 0.00321540350804 0.0191254930813
0.0232791052429 0.00267656184058 0.0189539439923
0.023222795304 0.0031383213178 0.0170794121601
0.00860362445182 0.0131442823341 0.0224696328247
0.00916285702518 0.0120756354167 0.0242492175666
0.00804592280452 0.0140539313186 0.0249438780669
0.00770639457764 0.0146917779035 0.0234756364256
0.0214710873099 0.00270123543704 0.0217413137988
0.0232305179687 0.00216747617096 0.0212563501571
0.00995507235727 0.0110015011469 0.0263968039365
0.00908759617493 0.0126800377297 0.0272586716605
0.0208670205282 0.0016979976745 0.0238721568623
0.0228166862341 0.00162540505708 0.0237555495757
0.0103460236889 0.00926840109485 0.0286959405475
0.00985401962669 0.0111002801638 0.0294248263822
0.0192611066939 -0.00323600100532 0.0325480170153
0.0104341741899 0.00365131894909 0.0359150215761
0.0182457142974 -0.00391694662083 0.0338242511584
0.0108805602807 0.00184987637573 0.037225768572
0.0179911305923 -0.00267277732196 0.0353330391646
0.0121343208029 0.00158736117602 0.0376614481909
0.0198282396726 0.00315116284253 0.00900941769978
0.0216378820414 0.0013228310241 0.0121135816813
0.0222213163308 0.000428687092724 0.0154371028655
0.0221750155931 4.68608491378e-05 0.0192367475413
0.0219106330891 -0.000485945922573 0.0221519727275
0.021634198678 -0.00148111428316 0.0246657987674
0.00424726384808 0.0144454710818 0.0149108317924
0.00417102153326 0.0144960333141 0.019596076018
0.00508202277749 0.0134222983456 0.0229457809218
0.0063501418207 0.0116887865955 0.0262502509741
0.00717890280283 0.0102771788826 0.0284032481286
0.0078140749534 0.00866588897397 0.0312947699941
0.0142164230939 0.0102875543772 -0.00995110085473
0.000314486298981 0.020062274339 -0.00337453861209
0.0182517740015 0.00673841854872 -0.0197580127126
-0.00912160197173 0.025380724504 -0.00898636783401
0.0221860878062 0.00024032988524 -0.012677106574
-0.00951673137956 0.0236451541239 0.000267906713825
0.0163515923453 0.00595080436614 -0.00985934392908
-0.00358899177057 0.0199755327102 -0.00202844574196
-0.000488753854194 -0.0167490361483 0.0130733256478
0.00137685249129 -0.0177993101082 0.0109156025127
0.00312936159761 -0.0185827462068 0.00903329012154
0.00482954717541 -0.0191021804526 0.00748560494302
0.00651553756119 -0.0193747651458 0.00634739144673
0.00808489336221 -0.0193833761591 0.00548925480802
0.00954859589307 -0.0191216359208 0.00490337237306
0.0109284392476 -0.018590572887 0.00460891323111
0.0122349263731 -0.017779343457 0.00458018154554
0.0134614395605 -0.0167638790037 0.00503875545203
0.0134614395605 -0.0167638790037 0.00503875545203
0.0147011373033 -0.0149841523083 0.00615505418447
0.0155784844219 -0.0135445166479 0.00766484520092
0.0160127882417 -0.0123965934278 0.00920987001162
0.0161407605178 -0.0114210146435 0.0105810837833
0.0160112623937 -0.0105975829811 0.0117871296056
0.0157035622815 -0.00986191967139 0.0128378709725
0.0150008203311 -0.00943966517194 0.0137949001827
0.0142104923409 -0.00900174813314 0.0146232965915
0.0132455959755 -0.00853461721807 0.0153969182752
0.0132455959755 -0.00853461721807 0.0153969182752
0.0114932486861 -0.00817609259497 0.016327785688
0.00970260903662 -0.00811943303687 0.0170031466227
0.00804110202773 -0.00827235749365 0.0174162039602
0.00665948265496 -0.0087722198667 0.0174935434235
0.00550744718842 -0.00927233773114 0.0173434454529
0.00447088122986 -0.00966783044524 0.0170212718475
0.00345528081787 -0.00994135665577 0.0165568177821
0.00252193119512 -0.0102280192558 0.0158988924075
0.00169850989554 -0.0105659545635 0.0150316848597
-0.00731232451504 -0.0116007352783 0.0162538710836
-0.00971978136114 -0.00966794526497 0.0158812547823
-0.0117308878198 -0.00782288419448 0.0155770623606
-0.0133399838485 -0.00604802809642 0.015398366178
-0.0145509775482 -0.00435498685327 0.015331543842
-0.0153652523318 -0.00274778367627 0.0153139441383
-0.0157809016726 -0.00121686087379 0.0153721504849
-0.0157983492373 0.000234364734383 0.015544011186
-0.0154179981963 0.00159977934609 0.0158285995226
-0.0146388291059 0.00286382373698 0.0162434768501
-0.0146388291059 0.00286382373698 0.0162434768501
-0.0135426675908 0.00404602719137 0.0170320427496
-0.0123714870324 0.0049106083875 0.0178503721192
-0.0111065154269 0.00540658748628 0.018635645691
-0.00979338592769 0.00570114543859 0.0193268127823
-0.00843218378422 0.00588034464511 0.0199751853844
-0.00696463142118 0.00591995413342 0.0206287666733
-0.00535116653463 0.00554096896662 0.0212403023285
-0.0037031081923 0.00462841552261 0.0217223607599
-0.00223767259125 0.00328978649694 0.0220449114122
-0.00223767259125 0.00328978649694 0.0220449114122
-0.00102567729879 0.00147200471756 0.0219000864992
-0.000209837515455 -0.000359875951791 0.021556605212
0.000121281351871 -0.00207925793213 0.0211662119141
0.00021425772175 -0.00356823293635 0.0207438671379
-5.45282625017e-05 -0.00480988262624 0.0203217764282
-0.000426875011696 -0.0058350597341 0.0197902248272
-0.000768526879825 -0.00674338387869 0.0190632385417
-0.00122902677888 -0.00754125821736 0.0182014910147
-0.00187409830042 -0.00822096621983 0.0172501911498
0.028935885383 0.00672234038869 0.0293563433805
0.0283145895385 0.0059671050201 0.0290060329687
0.0274872429771 0.00497055450555 0.0287889736403
0.0266444523278 0.00422054310365 0.0283889530973
0.0258497104279 0.00332168845529 0.0280878349131
0.0250946085207 0.00242950155908 0.0278030066349
0.0243426283225 0.00155910554564 0.0275557698675
0.0233954286437 0.000893330714737 0.0270911942481
0.0223996218923 0.000276960323239 0.0265523030622
0.02140999256 -0.000288357770988 0.0258623571302
0.028935885383 0.00672234038869 0.0293563433805
0.0290122659442 0.00572359105941 0.0294707737164
0.0287174639113 0.00463294629254 0.0295820941955
0.0282153562645 0.00360259432073 0.0296070191954
0.0277797396558 0.0024762748701 0.02961986589
0.0270566141092 0.00137663813629 0.0295661692554
0.0262266821118 0.00019982822638 0.0294809590249
0.0252079619937 -0.000989687246759 0.0293344509804
0.0239051921631 -0.00206823028799 0.0291198210451
0.0224495955086 -0.00317421169438 0.028876315177
0.028935885383 0.00672234038869 0.0293563433805
0.0290197717561 0.00609396321259 0.0297217331698
0.0286190324993 0.00514562978151 0.0301050912753
0.0279957152301 0.00412341140763 0.0301920222453
0.0272790940557 0.00309140326356 0.0303196266457
0.0263670071403 0.00198166985023 0.0303788368013
0.0252558771162 0.000792810138235 0.0303678628763
0.0239442947191 -0.000477325928687 0.0302959212491
0.0224402927868 -0.00183612813948 0.0301953138633
0.0207489897185 -0.00328007249014 0.0300419806429
0.028935885383 0.00672234038869 0.0293563433805
0.0288605578225 0.00609815625478 0.0298687515816
0.0278331223036 0.004864791817 0.030271759843
0.0269879105086 0.00388761256946 0.0304427648468
0.0261135698682 0.00298289363903 0.030592188746
0.0251350544865 0.00210263040129 0.0306692739498
0.0240444055168 0.0012477899925 0.0307238362792
0.0228485263562 0.000413820689129 0.0305414343732
0.0215498809342 -0.000414436028348 0.0302134874303
0.0201342917167 -0.00119927850386 0.0299216537721
0.0158862433499 0.0159481218576 0.0347456725218
0.014774861052 0.0151076925012 0.0343042596211
0.0137667596072 0.0139359877463 0.034071310024
0.0128040317032 0.0131833442981 0.033550093774
0.0119773965337 0.0123203243105 0.0331979566821
0.011266728008 0.0114922796768 0.0329047958312
0.0105979106189 0.0108233100079 0.0324366090367
0.0100741810074 0.0100927134176 0.0321558916811
0.00961280686072 0.00943291933894 0.0318025180434
0.00921281021872 0.00904718963769 0.0312037241223
0.0158862433499 0.0159481218576 0.0347456725218
0.0149568299767 0.0155411250805 0.0353130742359
0.0140166612949 0.0146504193144 0.0356851687424
0.0130945268429 0.0137987969171 0.0359311681726
0.012184705103 0.0128544556759 0.0360346320393
0.0112546948213 0.0118373695968 0.0360712386276
0.0103152115138 0.0107152859906 0.035993379055
0.00937280731278 0.009486599206 0.0357776954299
0.00853392890384 0.00811243748569 0.0352859678529
0.00765828603368 0.00665452881725 0.0347403541114
0.0158862433499 0.0159481218576 0.0347456725218
0.0154438791089 0.0156529744804 0.0353077139028
0.0147935682223 0.0145552834018 0.0358021629337
0.0139823817615 0.0135174425318 0.0359525463692
0.0131852370921 0.0125149305962 0.0359862267702
0.0124085699968 0.0114185059102 0.0359654193695
0.0116106029741 0.0102180872489 0.0358366333626
0.0107751723307 0.00891465746281 0.0355681528398
0.00996020364824 0.00745591058927 0.0352836964053
0.00918818550224 0.00587381556481 0.0350642732051
0.0158862433499 0.0159481218576 0.0347456725218
0.0156028456767 0.0154709793055 0.035366516576
0.0150313757307 0.014165054627 0.0356514482141
0.0144721900704 0.0131110500938 0.0357634944226
0.013905894504 0.01203618334 0.0357908173177
0.0133353672632 0.0108811442605 0.0357456176238
0.0127102036584 0.00967418062135 0.0355195689807
0.0119726135069 0.00842706374607 0.0350562665668
0.0112101644649 0.00708729156126 0.0345057073795
0.0104998181999 0.00569190489628 0.0338821687558
-0.00446811477789 -0.0172316965201 0.000348702514135
-0.0029353638019 -0.0177867050185 0.000920249447293
-0.0013092738901 -0.0183114562409 0.00146970454411
0.000402377687503 -0.0187999809863 0.00184716982724
0.00223440970126 -0.0192246833033 0.00196494292568
0.00425819770266 -0.0194970690402 0.00190498629172
0.00652255895287 -0.0196448811918 0.0017037799894
0.00907792976064 -0.0196478953096 0.00149468876624
0.011674554207 -0.018963456241 0.00179870160416
0.0140592244014 -0.0176611436733 0.00216706995512
0.0140592244014 -0.0176611436733 0.00216706995512
0.015572803928 -0.0168246346139 0.0029494003661
0.0167396013398 -0.0156622036434 0.00378070134085
0.0176321148061 -0.0145273508738 0.00477151928733
0.0185345499754 -0.0135475036153 0.00557319580552
0.0194575463506 -0.0126484955775 0.00611839499223
0.020311188193 -0.0117995869519 0.00652838582308
0.021080983489 -0.0109849811317 0.00682121898141
0.0218183929592 -0.0102258288323 0.00691599392762
0.0225335827702 -0.00958934358775 0.00681819910629
0.0225335827702 -0.00958934358775 0.00681819910629
0.0230605058201 -0.00915729243627 0.00648041691368
0.02353031514 -0.00887157607469 0.00597287131348
0.0239029245343 -0.00860617486614 0.00537443900744
0.0241987810562 -0.00836339727655 0.00467551875847
0.0244272956074 -0.0081371349731 0.00387073581306
0.024566043032 -0.008016563009 0.00293174627884
0.0246231829858 -0.00795835718784 0.00187616844869
0.024599951264 -0.00796734890256 0.000705235121428
0.0245025754736 -0.00799153033089 -0.000578016503522
0.0245025754736 -0.00799153033089 -0.000578016503522
0.0244207380802 -0.00774979864891 -0.00309411270349
0.0240230656505 -0.00736119274072 -0.00572097183355
0.0236959432398 -0.00615982112309 -0.00792209477434
0.0233242450679 -0.00473680658036 -0.00971554857967
0.0226658612854 -0.00347160610526 -0.0113898456681
0.0216605572141 -0.00205302130336 -0.0127723099263
0.0201275258038 -0.000963217033055 -0.014398181249
0.0185502287601 -0.000614458659955 -0.0166361670552
0.0173633505335 -0.000465958362078 -0.0188173795791
-0.0140858737778 -0.00986419262291 0.00491933681005
-0.0145373285815 -0.00871307844575 0.00638877909098
-0.0150771127618 -0.00757163556833 0.00785960773995
-0.0157168310814 -0.00633981555268 0.00914559861805
-0.0163692517834 -0.00492600478227 0.0102332868583
-0.0169558167745 -0.00328999776676 0.011209125774
-0.0175130867019 -0.00141730861525 0.0121565279199
-0.0177737600556 0.000663549067155 0.0132771992425
-0.0171661649514 0.0027832828154 0.0144644943312
-0.016280509037 0.00498307067282 0.0152790091141
-0.016280509037 0.00498307067282 0.0152790091141
-0.0150813704333 0.00614025735979 0.0164740900512
-0.0138752504056 0.00729419156164 0.0173954678992
-0.0127229386308 0.00835682745335 0.0181352411646
-0.0115565250836 0.00916328013229 0.0187806875931
-0.0105589299902 0.00998411127526 0.0193196655517
-0.00976467786319 0.0109239351099 0.0196886219793
-0.00916999499966 0.0119589907377 0.0198620477507
-0.00876701236385 0.01301988989 0.019849557208
-0.00856247340222 0.014044325986 0.0196704487688
-0.00856247340222 0.014044325986 0.0196704487688
-0.00854205816324 0.0148442647082 0.0192423775714
-0.00874084512584 0.0155599520472 0.018738349823
-0.00905208761955 0.0161580608776 0.0182180721963
-0.00935880683635 0.0166712733157 0.0176690901748
-0.00974527230844 0.0170645307189 0.0171029119499
-0.0101362078719 0.0173805096121 0.0164913276994
-0.0105022323194 0.0176519151317 0.0158187081545
-0.0109083506937 0.0178390154321 0.0151047970236
-0.0112416147646 0.0180325135576 0.0143425872468
-0.0112416147646 0.0180325135576 0.0143425872468
-0.0120746341629 0.0188813814357 0.0121716146009
-0.0128374639596 0.0197371673632 0.00988957784224
-0.013019944098 0.0206678532216 0.00767056072178
-0.0125678209614 0.0214384627699 0.00558032333511
-0.0121594750345 0.0218470092828 0.00343227358926
-0.00979297775532 0.0216000475014 0.00143770845811
-0.0110194752812 0.0215825719976 -0.00121227185981
-0.012126252157 0.021661168338 -0.0037041032748
-0.0127364467875 0.0216148144489 -0.00603155796159
0.00704075081329 -0.00990346564696 0.0253670691888
0.0084168388397 -0.00923247391563 0.0258800253307
0.00968818764307 -0.00853571045274 0.0265647319717
0.0109113542005 -0.00775926807704 0.0273508689821
0.0119840931179 -0.00706470116205 0.0284155672784
0.0129480466113 -0.00636798372212 0.0296743979707
0.0137161890559 -0.00578877991477 0.0312806971469
0.0144663101916 -0.00519908092669 0.0330439682988
0.0152706530625 -0.00446655822362 0.0347927270858
0.0159728357046 -0.0033566133961 0.036335679597
0.00230626293798 -0.00690889725375 0.0267956725741
0.00302439674865 -0.00561990745673 0.02778927739
0.0039236004254 -0.00452927966333 0.0287954725298
0.00493052164784 -0.00342269346457 0.0297627303051
0.00598798141339 -0.00250430802565 0.0308630030829
0.00714090260654 -0.00183193221499 0.0320859121349
0.0084357536858 -0.00163986862951 0.0335207883459
0.00976677709346 -0.00162821856387 0.0350986072405
0.0110971548297 -0.00127680669131 0.0365565383281
0.0126666310413 -0.000798103796594 0.0377832204026
0.0128698845179 -0.00243529951863 0.0347256858221
0.0130986087523 -0.00252166448217 0.0353376950986
0.0134266881049 -0.00244491899529 0.0358693701894
0.013752228018 -0.00231567017603 0.0363079645021
0.0140483740882 -0.00217633820569 0.036682969587
0.0143340143852 -0.00199779671412 0.0369767317645
0.0146054297885 -0.00178554419299 0.0371933785439
0.0148571442906 -0.0015602711657 0.0373659754094
0.0150958007387 -0.00132143047861 0.0375078939683
0.0153303097183 -0.00106273931813 0.037623282625
0.0227664593661 -0.00515895886599 0.0109956397098
0.0237155195897 -0.00517365734569 0.00895696801525
0.0243834541829 -0.00529139425314 0.00700918366175
0.0253606673301 -0.0051518751134 0.00527628578631
0.0260230791258 -0.00508860378191 0.00355415370217
0.0262274415866 -0.00523702836414 0.00188525883864
0.0262227179907 -0.00543758934609 0.000309562740373
0.0259734070789 -0.00571677036606 -0.00117516459552
0.025801409898 -0.00580359861076 -0.00260671192627
0.0256507788784 -0.00573440778311 -0.00398610371729
0.0256507788784 -0.00573440778311 -0.00398610371729
0.0252575021981 -0.00516895847303 -0.00542404485412
0.0248690826336 -0.00457526281174 -0.00674446268555
0.0244856231458 -0.00395537454671 -0.00794678359743
0.0241276849577 -0.00329936452788 -0.00903141655565
0.0237421072596 -0.00263590682809 -0.00999712911834
0.0233874136362 -0.00193298715418 -0.0108464801892
0.0230143321373 -0.00121532103172 -0.011578004688
0.0226228518917 -0.00048354777128 -0.0121906357343
0.0221860878062 0.00024032988524 -0.012677106574
-0.00250523230914 0.0137387267631 0.0216786390412
-0.00356795744149 0.0148954255406 0.020814053734
-0.00456262286513 0.0160411942531 0.0199984883975
-0.00544266061182 0.0172188567721 0.0192166775776
-0.00626618873528 0.0183289465472 0.0183823437496
-0.00713243674103 0.019209070379 0.0174158187722
-0.00807004837349 0.0197846215601 0.016305520516
-0.00901491579996 0.0201460296377 0.015101838767
-0.00992942004967 0.0203603576361 0.0138293077536
-0.010770962859 0.0207534279927 0.012574392435
-0.010770962859 0.0207534279927 0.012574392435
-0.0110435577754 0.0213132593735 0.010659059963
-0.0112218450371 0.0216608596991 0.00883557445636
-0.0112862906754 0.0221345385715 0.00720529853835
-0.0112464019586 0.0225936534669 0.00572344083132
-0.0111079273741 0.0229105751109 0.00435581093286
-0.01086192904 0.0232052207697 0.00313177582545
-0.0105037495009 0.0234654538011 0.00204230987114
-0.0100375258602 0.0236510059946 0.0010802248465
-0.00951673137956 0.0236451541239 0.000267906713825
0.00993539196519 0.015815756251 -0.0185355788853
0.010901722445 0.0163620721636 -0.0178078424702
0.0116346207517 0.0170439300192 -0.0171119732406
0.0120273082071 0.0174425357673 -0.0162886677502
0.0119794470235 0.0172758435957 -0.0153329073444
0.011769586123 0.0174620935991 -0.014450979384
0.0113410654774 0.017712694169 -0.0135173251375
0.0104397506193 0.0174986837925 -0.0125823477175
0.00912177437315 0.0171177317452 -0.0117445441012
0.00790723794067 0.0171875618547 -0.0106215141598
0.00207155102493 0.0210351291312 -0.0154940461621
0.00306718327771 0.0220179459181 -0.0143848075159
0.00397060392386 0.0226288060835 -0.0133236254104
0.00455535461285 0.0224570652272 -0.0124829974687
0.0051058028573 0.0220398373017 -0.0118329070493
0.00572477009895 0.021559596083 -0.0113035581771
0.00630387112252 0.0208185358565 -0.0109256414926
0.00666072400254 0.0195287685069 -0.010806150333
0.00686249220601 0.0178913829678 -0.0109482016212
0.00790723794067 0.0171875618547 -0.0106215141598
0.0132455959755 -0.00853461721807 0.0153969182752
0.0111395041031 -0.00787858815897 0.0175562937498
0.00858057201878 -0.00803850459762 0.0187194555554
0.00548998444006 -0.00993095473536 0.0205844311793
0.00279684729017 -0.0110285492201 0.0225195532851
0.00102747683602 -0.00983535137499 0.0233256696748
0.000845129500487 -0.00562078963959 0.0226344796528
0.000838134389314 -0.00178027396525 0.0226474864536
0.000489470878218 0.00148414354079 0.0230807978127
-0.00223767259125 0.00328978649694 0.0220449114122
0.00704075081329 -0.00990346564696 0.0253670691888
0.00615455925211 -0.00996769954202 0.0255356093209
0.00538471032341 -0.0101578709105 0.0258273341589
0.00466645990554 -0.0102846838566 0.0261043670071
0.00406238865435 -0.0100521929282 0.0262731217806
0.0035141459133 -0.0097711770867 0.0264530128459
0.00308219782296 -0.00926556500639 0.0265774005887
0.00270819831956 -0.00865387141169 0.0267027729492
0.002479670862 -0.00783675445612 0.0267484279791
0.00230626293798 -0.00690889725375 0.0267956725741
0.00184818481024 -0.0105781285457 0.0230022697261
0.00206632826072 -0.0104771446272 0.0233497181304
0.00228180923975 -0.0103875462371 0.0237063439562
0.00249373520126 -0.0103107446291 0.024072176292
0.00270939094801 -0.0102307681885 0.0244393640283
0.00292243865344 -0.0101616309116 0.0248145166026
0.00314445125452 -0.0100773458525 0.0251865159159
0.00336951129294 -0.00998972641882 0.02556101186
0.00358775257029 -0.00992173900991 0.0259470714166
0.00378716935476 -0.00990848268022 0.0263573721096
0.0112674901534 -0.00777056214985 0.0202794504447
0.00879289852027 -0.00848764109718 0.0216862876881
0.00672218672961 -0.0101260592754 0.0228573284708
0.00489713543115 -0.0107695651243 0.0238019599687
0.00343842331534 -0.0105041072914 0.0244088639094
0.00225266643406 -0.00977106301193 0.0247941501608
0.00131292826401 -0.00849573877451 0.0249589908234
0.00120861948122 -0.00611639899382 0.0244814935469
0.0014017521693 -0.00342741442591 0.0238310753887
0.00090212500711 -0.000560803859721 0.0234596748029
0.00169850989554 -0.0105659545635 0.0150316848597
0.000652415904826 -0.0125358534246 0.0185897030374
-0.000453548952836 -0.0123712855589 0.0199824740975
-0.00151190641029 -0.0112062537667 0.0199406382184
-0.00187409830042 -0.00822096621983 0.0172501911498
0.00078826302379 -0.0115535366095 0.014835913978
-0.000460397694199 -0.0134897816268 0.017735502858
-0.00160910001471 -0.0131787011217 0.0186714882137
-0.0024889591269 -0.0121104425004 0.0188538813996
-0.00268008965005 -0.00921722243168 0.0168259383834
-0.000140778698383 -0.0127223776811 0.014549954439
-0.00137650019455 -0.0143289292017 0.0168620769807
-0.00260157887686 -0.013956283595 0.0176699633497
-0.0035115692176 -0.0128338692263 0.0179736829009
-0.00366989245374 -0.0102414890149 0.0164368881593
-0.000755646184139 -0.0144118720713 0.0138819246582
-0.00201015226425 -0.0152415842655 0.0160167003295
-0.00343429845608 -0.0146646651576 0.0169387268164
-0.00460112147866 -0.0133723603819 0.0173111805429
-0.00521987727684 -0.0110716169295 0.0161831991824
-0.000488753854194 -0.0167490361483 0.0130733256478
-0.00233357207725 -0.0161454462044 0.0150594281283
-0.00407577993659 -0.0151404745353 0.0163085566349
-0.00574940232083 -0.0136357644646 0.0167394587252
-0.00731232451504 -0.0116007352783 0.0162538710836
0.0227664593661 -0.00515895886599 0.0109956397098
0.0219544290006 -0.00451920578937 0.0122499247811
0.0216770340898 -0.00388487072329 0.0137973312864
0.0214171623841 -0.0033386547434 0.0153872366124
0.0213317014248 -0.00290134704562 0.0170711906823
0.0211500506937 -0.00241828393101 0.0188175015008
0.0212471530564 -0.0020783316076 0.0206768365086
0.0213481308062 -0.00174411808421 0.0226194970379
0.0216342000452 -0.00148111424195 0.0246657983735
0.022131546415 -0.00599788440581 0.0117585304082
0.0215093843401 -0.00535819780698 0.0132200592951
0.0210379267102 -0.00482640271765 0.014701519766
0.0206262499887 -0.00430969951129 0.0161720540729
0.0204074823702 -0.00386539539872 0.0177055533636
0.0202592536928 -0.00340399436024 0.0192728910668
0.0204319031117 -0.00312714756905 0.0209258942993
0.0206263668382 -0.00282113269354 0.0226233804393
0.0210101121943 -0.00263074752512 0.0243889892719
0.0212208952452 -0.00673827217546 0.0123862600836
0.0205966775304 -0.00617277389262 0.0139905521299
0.0199425054389 -0.00559543077487 0.0154116454599
0.019435776871 -0.0050507165834 0.0168064457373
0.0191531574558 -0.00460461593356 0.018233096466
0.0190651191014 -0.00423514379177 0.0196801131725
0.0192383429939 -0.00402208588248 0.0211627321724
0.0195948709683 -0.00388304578029 0.0226600373805
0.0200521961209 -0.00375912450137 0.0242139452361
0.0201847392442 -0.00733015792907 0.0129674827335
0.0194448129437 -0.00679054861089 0.0145689640111
0.0186725126024 -0.00612796197159 0.0159279440782
0.0181431591385 -0.00560899294658 0.0173021674519
0.017828560273 -0.00520568760228 0.018670226505
0.0177223204375 -0.00491193845377 0.0200341723647
0.017865132238 -0.00479259637574 0.0214064209044
0.0182398859722 -0.00482226981309 0.0227637704231
0.0187345696575 -0.00484562174918 0.0241485336227
0.0190362478608 -0.0077904922799 0.0135165437038
0.0181867805394 -0.00718945189255 0.0150197654388
0.0173981622048 -0.00650740890713 0.0163536225027
0.0168371899205 -0.00601695892023 0.0177002552475
0.016492634541 -0.00570604373203 0.0190434873485
0.0163142058185 -0.00547908566114 0.020351238184
0.0163741351761 -0.00547921881844 0.0216591000789
0.0166782842176 -0.0057193070632 0.0229259681929
0.0170841173696 -0.00591510779752 0.0241830143265
0.0178029137871 -0.00821476151442 0.014075905066
0.0169705817483 -0.00760560420084 0.0155040785242
0.0161742550352 -0.0068410597591 0.0167665931529
0.0156292695595 -0.00650547245407 0.0181170571082
0.015241625655 -0.00634053293972 0.0194346698539
0.0149850030867 -0.00628027033142 0.0207017714361
0.0148946033931 -0.00641608614867 0.0219387167046
0.0149432852203 -0.00667913763041 0.0231344263788
0.015056216711 -0.0068681365634 0.0243401552871
0.0164369959768 -0.00881840448606 0.0146554102664
0.0157059772548 -0.00803405682334 0.0159523132259
0.0149919822385 -0.00723150936115 0.0171848490662
0.0144228103193 -0.00696178539075 0.0184855800404
0.0139930780845 -0.00705075832645 0.0197914271685
0.0136137625641 -0.00718621774798 0.0210378578298
0.0133013094956 -0.00745268172305 0.0222451304615
0.012989099386 -0.00764347758706 0.0234093125984
0.0126819044652 -0.00773033982506 0.0245712161905
0.014785534745 -0.00911184292434 0.0150300578093
0.0143319498172 -0.00828565908205 0.016281873976
0.0137709577381 -0.00743509001702 0.017530666601
0.0131721500761 -0.00716090523156 0.0187859409784
0.0126389897161 -0.00745541463621 0.0200460126769
0.0120643565561 -0.00771810674079 0.0212944829825
0.0114312087605 -0.00800118738554 0.0225253536408
0.010740935524 -0.00832797268571 0.0237216065071
0.010025279749 -0.00877087652966 0.0248697141865
0.0132455959755 -0.00853461721807 0.0153969182752
0.0129072539333 -0.00829101615273 0.0165500417356
0.0125651669606 -0.00738168409746 0.0179006204295
0.0119628912332 -0.00754146175978 0.0190658313764
0.0112674903756 -0.00777056210248 0.0202794503916
0.0104277307292 -0.00805937812617 0.0215323138232
0.0094683564477 -0.00860471405708 0.0228188624751
0.00841957046715 -0.00954068787412 0.0242442315928
0.00704075081329 -0.00990346564696 0.0253670691888
-0.00250523230914 0.0137387267631 0.0216786390412
-0.0010351203425 0.0127933763695 0.0222524030256
0.000415818581402 0.0120278858134 0.0230847304554
0.00180406512095 0.0113042548026 0.0240564531563
0.00308348999348 0.0107054918413 0.0252613339526
0.0044036779324 0.0100255213306 0.0264586992607
0.0055761461347 0.00952994901935 0.0279439810957
0.00668835601536 0.00913496754043 0.0295919604893
0.00781407523114 0.00866588766822 0.0312947695609
-0.00250696258251 0.0124262570386 0.0226413142991
-0.00106880280114 0.0116708740835 0.0231790493867
0.000283863218772 0.0109570469855 0.0238371377216
0.00156266093706 0.0102891163316 0.0246225359181
0.0027430979952 0.00968762052938 0.0255891265172
0.00388283299817 0.00909368052859 0.026642092226
0.0048518175311 0.00860470540678 0.0279579971249
0.00572182078538 0.00816144732272 0.0294238444029
0.00648306627639 0.00777622134573 0.0310491506984
-0.00258217501021 0.0108839510125 0.0230800249712
-0.00116166275425 0.0102979123303 0.0237406120595
0.000175962238048 0.0096453828798 0.0242131097027
0.00139014830887 0.00903816277073 0.0248542820842
0.00249575222202 0.00845935218353 0.0256328203554
0.00346301909574 0.00791255955146 0.0266022656811
0.00423717984615 0.00741631664209 0.027805325693
0.00484389511249 0.00696458405285 0.0291815466393
0.00542135327593 0.00646077950678 0.0306520625592
-0.00259452320767 0.00944542805392 0.0233195056642
-0.00119913604236 0.00888043018776 0.0238527991535
0.000111902936573 0.00829325658146 0.0242545455501
0.00125037899642 0.00772118791718 0.0248381426824
0.00228466086836 0.0071506863702 0.0254952120787
0.00312964500557 0.00658514133606 0.0263806412479
0.0037394487187 0.00603433175665 0.0275089115321
0.00415550680892 0.00549822820398 0.0288026387559
0.00451946571166 0.004920227726 0.0301966077749
-0.00253808083234 0.00809496493388 0.0233298857718
-0.00119251571096 0.00753655702601 0.0237454596546
4.43212266924e-05 0.00696724794513 0.0241399650935
0.00109510475044 0.00638014908856 0.0246887500544
0.00205869877155 0.0057809922362 0.0252652576135
0.00281100060344 0.00515035283005 0.0260712566798
0.00332077995243 0.00449374649735 0.0271097315252
0.00355159094692 0.00383079970917 0.0283590879196
0.00369765596143 0.0031363063375 0.0296915953926
-0.00252005910893 0.00680552536776 0.0233210099825
-0.0012521251185 0.00623159059353 0.0236319818055
-6.57449948295e-05 0.00564666754988 0.0239409748678
0.000904415200516 0.00500323476332 0.0244397577424
0.00177288500022 0.00432679883788 0.0249933614245
0.00244356854446 0.00358869153267 0.0257325879414
0.00283894617405 0.00278848512593 0.0267125985297
0.00300673103042 0.00194443375586 0.0278583188131
0.00319915265177 0.00103584190148 0.0290476671249
-0.00269553898163 0.00544154312288 0.0232663698344
-0.00152261878268 0.00485485709448 0.0235184727192
-0.000335849835079 0.00426823367563 0.0237345947335
0.000654103069622 0.00357290978051 0.0241021703126
0.00122443222407 0.00272269173674 0.0248313028082
0.00171935974011 0.00182717708188 0.0255997089933
0.00203570649816 0.000854887741103 0.026498595452
0.00235341267738 -0.000185205075677 0.0274106174818
0.00310190100531 -0.00132416064677 0.0281833121137
-0.00283094880635 0.0040779150066 0.0227387003195
-0.00182109848808 0.00346204422207 0.0230244170732
-0.000644561355234 0.00286648129161 0.0232853938676
0.000477350200223 0.0021279272276 0.0235587543241
0.00101338366444 0.00111026981728 0.0242102182148
0.00144051137541 -3.7007796391e-06 0.0249761381964
0.00186787560244 -0.00120797548723 0.0257642839337
0.0023811309638 -0.00250793155747 0.0265072329487
0.00275009143109 -0.00393657253079 0.0273913458763
-0.00223767259125 0.00328978649694 0.0220449114122
-0.00160386588293 0.00238185912658 0.022182025489
-0.000740208555395 0.00155806446191 0.0225463910858
0.000314370943755 0.000646273957624 0.0229152895573
0.00090212500711 -0.000560803859721 0.0234596748029
0.00140813241337 -0.00191508215587 0.0241183292159
0.00172971231029 -0.00343782311834 0.0249572137324
0.00185895459053 -0.0051355181961 0.0260197788839
0.00230626293798 -0.00690889725375 0.0267956725741
0.0146878360265 0.00352479221964 0.0108263579083
0.0115872444844 0.00455290060723 0.0106991332999
0.00921323019233 0.00624020036039 0.0112227268501
0.00726260965015 0.00778023695288 0.01242350478
0.0060576636161 0.00957430539656 0.0142480998532
0.0151950969939 0.00228318155543 0.0127097124823
0.0121250722323 0.00344027806743 0.0134886821744
0.00951851082719 0.00473028277507 0.014428420281
0.00758549079959 0.00667897125921 0.015619625415
0.00602268060418 0.0089857883895 0.017034955905
0.0155371581422 0.00127410897975 0.0163714716347
0.0125744824232 0.00204526834627 0.0172665907204
0.01016566509 0.00334929061368 0.0182809654525
0.00823286567992 0.00517107949288 0.0194219276575
0.00702802104577 0.00763496773095 0.0206891901434
0.0160009782945 -0.000481067264839 0.0215978478576
0.0128397953911 1.6616336098e-05 0.0219007852993
0.0106974177831 0.00150966134143 0.0227122051949
0.0087637528589 0.00301124734266 0.0238768360572
0.00791773799913 0.00550999321345 0.0255397503505
0.0159765970445 -0.000919406457011 0.0286922601949
0.01345816319 -0.000701974964702 0.0278034621035
0.0117658464762 1.91954022051e-06 0.0278421211608
0.0109092492828 0.00116578723315 0.0288001350569
0.0108172746151 0.00275638484738 0.030702251328
0.010055669097 0.0150291814043 -0.0122991511024
0.00908920543285 0.0161726971588 -0.0113755185827
0.00790723727397 0.0171875617126 -0.0106215140005
0.00630784219205 0.0179917058027 -0.0101786863335
0.00429485448746 0.0184860697024 -0.0101132073235
0.00981749454531 0.0134827626857 -0.0105022304615
0.00852900788281 0.0143939508914 -0.00940594951222
0.00752576747568 0.0155328629284 -0.00848982836157
0.0057562364839 0.0160960248603 -0.00823312647979
0.00424444775033 0.0170375244878 -0.00811136056637
0.00984296493182 0.0122854291783 -0.00849775075319
0.00857156977529 0.0131633978146 -0.00737825163525
0.00753576070318 0.0143106183221 -0.00649102372089
0.00583817358545 0.0150359185001 -0.0061371440845
0.00431159821205 0.0160037552266 -0.00603894403047
0.00970592960569 0.0111735296417 -0.00658771460118
0.0087959380744 0.0122736815505 -0.00549451222163
0.00761091951029 0.0132676044937 -0.0047367758026
0.00606239240443 0.0141036209474 -0.00435036620745
0.00421946897605 0.0148185769528 -0.00428664419097
0.00935381229649 0.0100235536226 -0.00477799039017
0.00861450814987 0.0112170994219 -0.00394130201594
0.00742438145891 0.0121598827951 -0.00339776638968
0.00587670021351 0.0129560328067 -0.0030158575827
0.00409363084771 0.013699172651 -0.00271372228852
0.0086300540103 0.00458337950543 -0.0302507686718
-0.000230821176822 0.00639085920473 -0.0330937683847
-0.00680725048943 0.00962042072462 -0.0323791931944
-0.0111314921623 0.0143202633298 -0.0283573891434
-0.013063788759 0.020369006008 -0.0207496603581
0.0091430582108 0.00679084536848 -0.0285666825304
0.0021768064707 0.00945047566164 -0.0307675484832
-0.00348912219125 0.0123860389092 -0.0294393471937
-0.00749495194128 0.0166868411654 -0.0265406693125
-0.00983521192338 0.0210460437019 -0.020223678372
0.00965428111919 0.00947109254605 -0.0262179738857
0.00405226157895 0.0119935255298 -0.0273785657929
-0.000397540659265 0.0149291621318 -0.0267266484897
-0.00387131834759 0.0178817078338 -0.0238323691856
-0.00622934942489 0.0213473715567 -0.0191530689447
0.00991779716148 0.0125198093359 -0.0228735479223
0.00558939150025 0.0141597423408 -0.0236449029777
0.00236918722849 0.0167311492297 -0.023482141896
-0.000474222704542 0.0185527930689 -0.0210199019708
-0.00224967487903 0.0213842270118 -0.0175991894887
0.00993539196519 0.015815756251 -0.0185355788853
0.00726081263028 0.0172145646629 -0.0203532916558
0.00502178805269 0.0184190346023 -0.0203582839838
0.00332993018573 0.0197970683015 -0.0188186023493
0.00207155102493 0.0210351291312 -0.0154940461621
0.0173633505335 -0.000465958362078 -0.0188173795791
0.0164243974522 -0.00156866635053 -0.0185554404265
0.0155374627444 -0.0026041074635 -0.0182278279003
0.0146891553319 -0.00356092834639 -0.0178304973807
0.0138874986645 -0.00444870233425 -0.0173692269588
0.0131819163277 -0.00531896582285 -0.0168615866063
0.0125916905664 -0.00619157547388 -0.0163068375695
0.0121103660731 -0.00705520056406 -0.0156954228593
0.0117008423508 -0.00786871913098 -0.0150144210466
0.0113162507985 -0.00858898715623 -0.0142546276692
0.0109405292249 -0.00920652044169 -0.0134159439963
0.0105941639519 -0.00974225025321 -0.0125045311878
0.0102999680571 -0.0102153253437 -0.0115254099572
0.0100495059078 -0.0106200823591 -0.0104768856385
0.00984254054984 -0.0109570975071 -0.00935882124725
0.00975249600479 -0.0112744230932 -0.0081862525234
0.00976343423243 -0.0115585337507 -0.0069565379605
0.00966918103756 -0.0116808777722 -0.00562598942435
0.00960385422065 -0.0117288692814 -0.00422196859964
0.0169125724725 -3.46869288765e-05 -0.0206555738398
0.0158128429315 -0.00127632858564 -0.0201502520049
0.0148940021641 -0.00251964789705 -0.0196628244092
0.0140146774509 -0.00366320549793 -0.019113810364
0.0131750248084 -0.00470533456658 -0.0185062534385
0.0124424764076 -0.00571532562232 -0.0178768794865
0.0118304827965 -0.00671651256904 -0.0172265089457
0.011321219336 -0.00769312667977 -0.0165389347316
0.0108574900788 -0.00858231913752 -0.0157869409525
0.0104105184302 -0.00935265870745 -0.0149628365645
0.00997486019816 -0.0100013835482 -0.0140695396961
0.00959009969634 -0.0105694077786 -0.0131216718187
0.00927826366563 -0.0110763371954 -0.0121249837196
0.00899810269889 -0.0114860142911 -0.0110682853329
0.00880718284021 -0.0118463220562 -0.00996603359718
0.00877848003754 -0.0122087437092 -0.00883444122928
0.0088597394491 -0.0125260273374 -0.00766025846166
0.00888843741506 -0.0126813812815 -0.00640678333984
0.00889095465394 -0.0127016673526 -0.00508099814057
0.0164883144642 0.000375741490293 -0.0224824376933
0.0150759158147 -0.000918484327542 -0.0216269409758
0.0141594907597 -0.00237102988095 -0.0210171874673
0.0132880553848 -0.00371630075059 -0.020356319027
0.0124416937868 -0.00493065340083 -0.0196321542474
0.011689390522 -0.00607950853359 -0.0188929873389
0.0110314499837 -0.00717451048587 -0.0181372644325
0.0104592315485 -0.00821253674238 -0.0173556936032
0.00993405589821 -0.00914870494868 -0.0165240304718
0.00942689544639 -0.00994716742827 -0.0156303426537
0.00895417392323 -0.010628763977 -0.0146870109024
0.0085551775499 -0.0112396774917 -0.0137111604805
0.00823912734695 -0.0117877443035 -0.0127035038156
0.00796184761745 -0.0122253634908 -0.0116477922985
0.0077693205244 -0.0125982771987 -0.010558592788
0.00774932258911 -0.0129806842939 -0.00945786486165
0.00785786061708 -0.0133201582746 -0.00832962109469
0.00795103231894 -0.0134931591939 -0.00713765840969
0.00800908556337 -0.0134946003475 -0.00588072948003
0.0159163944318 0.000873583795863 -0.0241966174512
0.014295211203 -0.00055728769296 -0.0230342075886
0.0133330507012 -0.00216316143134 -0.0222832312433
0.0125001573279 -0.00371384412682 -0.0215553899406
0.0116761947943 -0.00511720637459 -0.0207544985773
0.0108950384669 -0.00638972097095 -0.0199082318225
0.0101709126489 -0.00754325957082 -0.0190301630113
0.00952186286235 -0.00860341764625 -0.0181357231196
0.00893718007838 -0.00956202879831 -0.0172169445875
0.00839536816586 -0.0103928565949 -0.0162605616336
0.00791710559521 -0.0111268455148 -0.0152810165731
0.00751086642924 -0.0117772843857 -0.0142813100918
0.00716516715797 -0.0123289334363 -0.0132537174723
0.00688328458354 -0.0127855504831 -0.0121987829058
0.00670802337356 -0.0131946829706 -0.0111305216985
0.00668147541278 -0.013592013683 -0.0100573014067
0.0067945306597 -0.013951642617 -0.00896965532804
0.0069083874755 -0.0141281732096 -0.00782679600871
0.00699845925612 -0.0141113891773 -0.00662832746475
0.0149591330638 0.00152576572762 -0.0255872169579
0.0134305782692 -0.000165363844006 -0.0243474967055
0.012459102527 -0.00193001492993 -0.0234951992462
0.0116675049678 -0.00367197533796 -0.0227299492266
0.0108475804054 -0.00523874977377 -0.0218587456627
0.0100377625275 -0.00662709724449 -0.0209131077853
0.00924241833878 -0.00781532805881 -0.0198992250614
0.00852358553881 -0.00887805645529 -0.0188817673084
0.00790404707693 -0.0098648118538 -0.0178837644573
0.00735453433834 -0.0107445931635 -0.0168785765966
0.00686916395359 -0.011514408101 -0.015861402234
0.00645165128997 -0.0121844406193 -0.014834145356
0.00609308657178 -0.0127425168164 -0.0137897212555
0.00580632447815 -0.0132092625239 -0.012734193291
0.00563240261242 -0.0136402645765 -0.0116827504731
0.00559045735923 -0.0140472284982 -0.0106339582831
0.00567578551202 -0.0144054573698 -0.00957717887471
0.00581191327708 -0.0146100779317 -0.00848363731013
0.00592755284599 -0.0145882406525 -0.00733806079679
0.0138201029285 0.00219161384833 -0.0267629545722
0.0124783958658 0.000256730004721 -0.0255625239605
0.0115352688631 -0.00166829754847 -0.0246610448327
0.0107751321242 -0.00358051956351 -0.0238770032498
0.00994053923897 -0.00528372343141 -0.0229338762938
0.0090961293695 -0.0067693262104 -0.0218886047505
0.00825427050846 -0.00800346280182 -0.0207528100137
0.00749465377632 -0.00908418412445 -0.0196243844384
0.00685252739998 -0.0100961224573 -0.0185494425501
0.00629891496616 -0.0110161223168 -0.0174963273465
0.00581076021045 -0.0118128307692 -0.0164409390901
0.00538443613522 -0.0124858151868 -0.0153809465565
0.00501868907494 -0.0130380599623 -0.0143159705135
0.00473449820881 -0.0135139454832 -0.0132599810225
0.0045500583431 -0.0139431128781 -0.0122172048251
0.00448900686776 -0.0143532443274 -0.0111893816267
0.00454265308789 -0.0147075800797 -0.0101599368442
0.00466159294159 -0.0149137956055 -0.0091032900889
0.00482472033398 -0.0149431087589 -0.00801583616303
0.0124964600805 0.00285222938322 -0.0276902938819
0.0114374384841 0.000707263823474 -0.0266765544017
0.0105597974978 -0.00137633262641 -0.0257913912355
0.00982370645383 -0.00344384820058 -0.0250094340238
0.00896199366434 -0.00526413468126 -0.0239927252337
0.00806725143664 -0.00681393132362 -0.0228288052997
0.00720763591044 -0.00811619903019 -0.0216000362003
0.00642923302503 -0.00923017400868 -0.0203760141494
0.00577026628206 -0.0102574762219 -0.019221309472
0.00521296546097 -0.0112037938616 -0.0181168892101
0.00473118313525 -0.012032243313 -0.0170285890668
0.00430575345189 -0.012704467448 -0.015934225833
0.00393964380089 -0.0132363480331 -0.0148418111266
0.00365585020571 -0.0136971164341 -0.013775654869
0.00346316829232 -0.0141092045297 -0.0127351651961
0.00338162779339 -0.0145092920511 -0.0117225893177
0.00340754039516 -0.0148638659691 -0.0107189996952
0.00352174236235 -0.01510859468 -0.0097035147759
0.00370989839663 -0.0152034076483 -0.00866756980055
0.0111939217074 0.0034552393068 -0.0285645350491
0.0103505843792 0.001168743427 -0.0277412076445
0.00952242048234 -0.0010483931663 -0.0268900329432
0.00879725253437 -0.00325368234066 -0.0261247684106
0.00792117702452 -0.00519894944167 -0.0250647152324
0.00697011057964 -0.00679232634175 -0.0237647822112
0.00608373923496 -0.00813103122571 -0.0224248572706
0.00530348335419 -0.00928974625853 -0.0211235004642
0.00464339830997 -0.0103459009045 -0.0199031579007
0.00408359928379 -0.011302833729 -0.0187414866221
0.00360880369306 -0.0121519739767 -0.0176176829868
0.00319146036417 -0.0128158035031 -0.0164859041565
0.00283714239021 -0.0133240222439 -0.0153635904926
0.00256447381356 -0.0137661715702 -0.0142842110522
0.0023747479153 -0.0141578298225 -0.0132423664858
0.00228106261933 -0.0145430646365 -0.0122406617955
0.00228696486985 -0.0149091459902 -0.0112623396874
0.00238321391011 -0.0151913132529 -0.0102820640543
0.00256208935375 -0.0153401525141 -0.00928636923817
0.00992100479627 0.00402390991957 -0.0294263233358
0.00921546245524 0.00164636271133 -0.0287733311233
0.00840671303745 -0.000676749992822 -0.0279532081086
0.00766739055507 -0.0029917389 -0.0271989328254
0.00676935663506 -0.0050419761158 -0.0260980555111
0.00579418132803 -0.00670330761561 -0.0247022603987
0.00487898181399 -0.00804767881334 -0.0232277841974
0.00410577273505 -0.00925063480517 -0.0218601629722
0.00345313911572 -0.0103386377323 -0.0205839904021
0.00289621717515 -0.0112930799397 -0.0193608925208
0.00242607547711 -0.012123088517 -0.0181834540098
0.00202626601062 -0.0127727486257 -0.017014517643
0.00169989961174 -0.0132821009136 -0.0158741797287
0.00145078601825 -0.0137163596128 -0.0147843140493
0.00127826717759 -0.0141073878293 -0.0137448164022
0.00118446881964 -0.0144862746612 -0.0127520506342
0.0011734231865 -0.0148661649453 -0.0117943473889
0.00124477297959 -0.0151964926943 -0.0108450538711
0.00139032074913 -0.0153738541688 -0.00987594770345
0.0086300540103 0.00458337950543 -0.0302507686718
0.00800878516153 0.00215060887005 -0.0297652783474
0.00719088985732 -0.000252139370707 -0.0289661252152
0.00640692524007 -0.00263907507171 -0.0281945152112
0.00548573595049 -0.00477192823386 -0.0270590507416
0.00450031902803 -0.00649207344665 -0.0255817262632
0.00359208253011 -0.00787765878384 -0.0240226296502
0.0028281908935 -0.00910573301528 -0.0225821618988
0.0021840830425 -0.0101929611363 -0.0212344227039
0.00164128070986 -0.0111381517674 -0.0199526743031
0.00118933160239 -0.0119498972423 -0.0187267977712
0.000818293676649 -0.012588056952 -0.0175250525922
0.000526947511139 -0.0131229868541 -0.0163792767094
0.000308901136301 -0.0135557645009 -0.015279498727
0.00015929227313 -0.0139344010861 -0.0142346948235
7.28660443746e-05 -0.014322015458 -0.0132513090158
4.70578469968e-05 -0.0147165174589 -0.0123091389976
8.36151727118e-05 -0.0150815090969 -0.0113817753434
0.000187911237917 -0.0153404294973 -0.0104416857675
0.00731150140437 0.00514760110727 -0.0310588110737
0.00668045305432 0.00269461900049 -0.0306533386598
0.00584405814791 0.000239113235367 -0.0298853286836
0.00499819987525 -0.00218081280185 -0.0290673543671
0.00406802949005 -0.00438685964957 -0.0279371835486
0.00308826125339 -0.00615869599854 -0.0263991978298
0.00220617506713 -0.00759715708945 -0.0247888427672
0.00146135869003 -0.00883392935732 -0.0232721463337
0.000837946117479 -0.0098909545881 -0.0218383959355
0.000323355742191 -0.0108118548818 -0.0204968472438
-9.66228291621e-05 -0.0116231232331 -0.0192408575459
-0.000430060308007 -0.0122788800288 -0.0180259435695
-0.000685250280533 -0.0128298309847 -0.0168716498715
-0.000868837360298 -0.0132810694514 -0.0157690973077
-0.000986770724184 -0.013642365852 -0.0147130292231
-0.00105824755261 -0.0140114736289 -0.0137259229835
-0.00109257627104 -0.014401025088 -0.0127901265443
-0.00108226804312 -0.0147398753793 -0.0118680590433
-0.00103420661836 -0.0150545325209 -0.0109514635431
0.00584023905268 0.00571311350241 -0.0316523578648
0.005198168577 0.00328003930781 -0.0313624372895
0.0043466240898 0.000805072754989 -0.0306579201788
0.00346310301754 -0.00164012456171 -0.0298559283227
0.0025124448212 -0.00387761564818 -0.0287078834883
0.00155647822931 -0.00570082230611 -0.0271484612706
0.000710594571557 -0.00717325861671 -0.0254900166349
3.04616551161e-06 -0.00841949073262 -0.0239144610206
-0.000578234527532 -0.00946031392598 -0.022415568202
-0.00104683152644 -0.0103447446535 -0.0210111826674
-0.00142713935254 -0.0111655856337 -0.0197381229746
-0.00172263587295 -0.0118550407929 -0.0185231303821
-0.00194189888086 -0.0124314439237 -0.0173653021286
-0.00208633879523 -0.0128822868477 -0.0162494288008
-0.00216703835878 -0.0132402616233 -0.0151831222357
-0.00221352175497 -0.0135921548253 -0.014186568397
-0.00224515940937 -0.0139696360586 -0.0132487008393
-0.00224689163252 -0.0142965674031 -0.0123285963345
-0.00223388094561 -0.0145974844279 -0.0114175451222
0.00429810039311 0.00628241167897 -0.0321673009815
0.00358483999951 0.00389504927336 -0.031900333547
0.00270016120349 0.0014448105134 -0.0312373720274
0.00178520346639 -0.000994224105648 -0.0304868217643
0.000821373161118 -0.00322784288926 -0.0293239621665
-9.83749447792e-05 -0.0050759451689 -0.027759175872
-0.000888955647157 -0.00656810489404 -0.0260735885081
-0.00153997865844 -0.00783142187535 -0.024473990975
-0.0020645198092 -0.00889395076921 -0.0229597992911
-0.00247757946839 -0.00979073853071 -0.0215360358717
-0.00281065377261 -0.0106096768553 -0.0202403267715
-0.00306163403842 -0.0113047911433 -0.0190109470487
-0.00323561393109 -0.0118787041112 -0.017836423875
-0.0033439790916 -0.0123541189996 -0.016718258734
-0.00339409385412 -0.0127401615396 -0.0156502375499
-0.00340803228151 -0.013079211809 -0.0146381788778
-0.00343154101706 -0.0134547946388 -0.0136928936478
-0.00344593845484 -0.0137989090786 -0.0127725225934
-0.00346229657602 -0.0141123183865 -0.0118617779878
0.0026740535619 0.00685823251441 -0.0326031929691
0.00186412447507 0.00453141920118 -0.0322887055298
0.000931622930564 0.00214633883825 -0.031613445615
-1.72810017528e-05 -0.000246208469162 -0.0309327501466
-0.00098116923346 -0.00243627892693 -0.0297530011269
-0.00184800496432 -0.00427018436679 -0.0281847277617
-0.00256910773899 -0.00579408354767 -0.0265401080928
-0.00315303588824 -0.00708367756802 -0.0249572038884
-0.00361597482265 -0.00817992710863 -0.0234590605349
-0.00397207077041 -0.00910924174375 -0.0220439105587
-0.00424801697539 -0.00992566639383 -0.0207297977163
-0.00444627845149 -0.01062208643 -0.019486072719
-0.00456655587494 -0.0111920056853 -0.0182942318391
-0.00462482110616 -0.011664061339 -0.0171597244245
-0.00464999665724 -0.0120863687277 -0.0160923741969
-0.00465806384307 -0.0124761242579 -0.0150829355216
-0.00466631759461 -0.0128489985374 -0.0141208530803
-0.00468325603183 -0.0132020092541 -0.0131889783647
-0.0047174461288 -0.0135293482959 -0.012270224867
0.000930217927544 0.00742163321844 -0.0328281500265
5.35006766217e-05 0.00518562663457 -0.0325620268812
-0.000922943541385 0.00289383227969 -0.0318122342002
-0.00190952204142 0.000602713475912 -0.0311387734253
-0.002848478567 -0.00150038275715 -0.0299404265712
-0.00364689933843 -0.00330685285067 -0.028429406699
-0.00429846852057 -0.00485282394264 -0.0268734119046
-0.00482465981687 -0.00618988562375 -0.025372270336
-0.00523448370015 -0.00733472117541 -0.023927515493
-0.00553830667128 -0.0083057470437 -0.0225410448459
-0.00574238630479 -0.00911395596234 -0.0212076195155
-0.00587782497731 -0.00980950960042 -0.0199501460387
-0.00595756202426 -0.0104100504394 -0.0187606921066
-0.00597098095308 -0.0108975184736 -0.0176143911903
-0.00595452082475 -0.0113238446855 -0.0165273103247
-0.00596107705009 -0.0117574907902 -0.0155127862054
-0.00598597525432 -0.0121805120672 -0.014543302687
-0.00601791235291 -0.0125667423367 -0.0135953674367
-0.00606160950353 -0.0129108381067 -0.0126564891102
-0.000901276515892 0.00797193020722 -0.0328725501437
-0.00184384085754 0.00585757164451 -0.0327319633405
-0.00283734096493 0.00367434930651 -0.0318899482756
-0.00382975732709 0.00153195997905 -0.0310949070185
-0.00471714906869 -0.000456704625462 -0.0299125460439
-0.00543233537242 -0.00219927464782 -0.0284717125474
-0.00600699052846 -0.00372597282674 -0.0270122094489
-0.00650202182657 -0.00510952926795 -0.0256550107511
-0.00690992261769 -0.00634370411809 -0.0243491219987
-0.00718379585226 -0.00737456038993 -0.0230256266466
-0.00731755763079 -0.0081966904885 -0.0216934098714
-0.00736787760101 -0.00887935487935 -0.0204122620138
-0.00740553139102 -0.00950732872884 -0.0192237673938
-0.00740785847236 -0.0100543315549 -0.0180871025185
-0.00738061817058 -0.0105271116689 -0.016992440623
-0.00737263560161 -0.0109806046837 -0.0159529497075
-0.00739887728243 -0.0114284159287 -0.0149576458864
-0.00746096035336 -0.0118673084678 -0.0139906345856
-0.00753549966058 -0.012265456264 -0.0130304134699
-0.00279917792331 0.00851611498541 -0.0327859470033
-0.00380511446024 0.00653086500909 -0.0326037120022
-0.00478254996745 0.00448601774653 -0.031780871707
-0.00574146630015 0.00249886422812 -0.0309275627698
-0.00655639321517 0.000641379226703 -0.0297717968149
-0.00720799031256 -0.00103521724146 -0.028462368193
-0.00773246097543 -0.00253918009823 -0.0271367435426
-0.00818095627304 -0.00390744926125 -0.0258695463363
-0.00858539621473 -0.00517039129732 -0.0246728631501
-0.00882584518834 -0.00623198938039 -0.0234133204106
-0.00892678926747 -0.00710791035468 -0.0221350972842
-0.0089499176407 -0.00785079317266 -0.0208902697977
-0.00893673542759 -0.00849989188899 -0.0196963774373
-0.00892928039349 -0.00909694705225 -0.0185629112252
-0.0089070338762 -0.00962654066833 -0.0174626835196
-0.00891753480603 -0.010136001734 -0.0164077318505
-0.00895354771885 -0.0106217022377 -0.0153821044436
-0.00900503387971 -0.0110764782811 -0.0143730781701
-0.00908420761139 -0.0115143499693 -0.0133790491253
-0.00477968164858 0.00908601639249 -0.0327300509175
-0.00575344370591 0.00719186097371 -0.0321860512478
-0.00669117746075 0.00531578590909 -0.0314338669616
-0.00758713742545 0.00349698276149 -0.0305928198767
-0.00836965765196 0.00176727857674 -0.029590912633
-0.00900762362961 0.000162611874507 -0.0284650415809
-0.00955112966009 -0.00132081486915 -0.0273247137221
-0.00995750286343 -0.00265913073506 -0.0261342739251
-0.0102757647572 -0.00387138450913 -0.0249516392837
-0.0104875528175 -0.00494651100106 -0.0237595239188
-0.0105718008392 -0.00586836097107 -0.0225456205182
-0.0105884615844 -0.00667173749384 -0.0213490302799
-0.0106184623683 -0.00741399613203 -0.0202053760066
-0.0106289645296 -0.00807869388564 -0.0190826802401
-0.010664971201 -0.00870414188666 -0.0179937851212
-0.0106654143851 -0.00924942371489 -0.0169034558884
-0.0106933371053 -0.0097695094378 -0.0158357191548
-0.0107070604956 -0.0102375576134 -0.0147705111281
-0.0107615978416 -0.0107109307641 -0.0137299002294
-0.00680725048943 0.00962042072462 -0.0323791931944
-0.00779739541318 0.00789420486689 -0.0319699121423
-0.00869754383451 0.00617013326494 -0.0312551665062
-0.00948979299111 0.00450205949969 -0.0303740920723
-0.0101450595692 0.00291934118432 -0.0293686553443
-0.0106810214393 0.00143823864992 -0.0283075406776
-0.0110976205672 6.75623431133e-05 -0.0272089125324
-0.0114559159373 -0.00120484663395 -0.026127343593
-0.011743175229 -0.00237742727783 -0.0250436425073
-0.0119726946806 -0.00345547021553 -0.0239609221004
-0.0121664402168 -0.00444970312965 -0.0228851340725
-0.0123039530958 -0.00535326792838 -0.021799253982
-0.0123677288505 -0.00615684311117 -0.0206923497213
-0.0123844040065 -0.00687288879361 -0.0195748097009
-0.012401075683 -0.00753108327441 -0.0184635361945
-0.0124135255187 -0.0081360510441 -0.0173534469872
-0.0124116378132 -0.00868861034986 -0.0162396663351
-0.0124310783291 -0.00922646758774 -0.0151395102275
-0.0124566273543 -0.00975733036865 -0.0140534473233
-0.0127364467875 0.0216148144489 -0.00603155796159
-0.0131639114862 0.0203720822807 -0.00573669387239
-0.0135307895443 0.0191624247448 -0.00541360419656
-0.0139075960442 0.0180293072956 -0.00502638982723
-0.0142268145029 0.0169285900169 -0.00460118775122
-0.0144927281715 0.0158625948611 -0.0041349946771
-0.0147543951809 0.0148621358769 -0.00359595073115
-0.0150095607575 0.01392696937 -0.00297936810131
-0.0152150751518 0.0130312525759 -0.00231064217722
-0.0153395562644 0.0121553852579 -0.00161276121142
-0.0153797786455 0.0112968547271 -0.000890893416301
-0.015325825378 0.0104472969563 -0.000155095006984
-0.0151944601345 0.00961658115487 0.000605568626387
-0.0149891780193 0.00880541859754 0.00139314233855
-0.0147091568004 0.008010803942 0.0022068396606
-0.0144087200283 0.0072787923832 0.00309063857161
-0.0141073871123 0.00663433214104 0.00406021761433
-0.0136718400832 0.00595137994165 0.00500881659807
-0.0131899777949 0.00531150619922 0.00600697895112
-0.0131998096221 0.0220212698081 -0.00779450368648
-0.0136361813245 0.0205670951281 -0.00743737627571
-0.014099133387 0.0192310270145 -0.00702773814
-0.0145667311721 0.0179878301385 -0.00656016558893
-0.0149642925994 0.0167852445284 -0.00605706861604
-0.0153061958965 0.0156317005807 -0.00551213429664
-0.0156390246299 0.0145530538923 -0.00490120846834
-0.0159570759455 0.0135440307433 -0.0042220802963
-0.0162296001685 0.0125872086841 -0.00348793208338
-0.0163931676709 0.0116486608959 -0.00273452367959
-0.0164293956588 0.0107192236736 -0.00197649667446
-0.0163447608494 0.00980187887959 -0.00121382889664
-0.0161991431742 0.00892922038178 -0.000411487727353
-0.0159922511482 0.00810051640682 0.000430947245259
-0.0157541595579 0.00733428944562 0.0013335211549
-0.0154830827951 0.0066319824271 0.00229605668761
-0.0151963295891 0.0060095877698 0.00333025124652
-0.0147911153746 0.00539732233126 0.00436826560969
-0.0142436934175 0.00476884755087 0.00539454892228
-0.0137395062091 0.0224541608433 -0.00951465065614
-0.0140078023102 0.020651960461 -0.00911000959666
-0.01455291525 0.0191981579087 -0.00862292399641
-0.0151284469673 0.0178710903879 -0.00807663438301
-0.0156142012653 0.0165840853675 -0.00749711362575
-0.0160289123942 0.0153498929971 -0.00687981674951
-0.0164137154298 0.0141897170367 -0.00620929266679
-0.0167601552388 0.0130959933993 -0.00548557802213
-0.0170315816399 0.0120500320622 -0.00472211438958
-0.0171893588009 0.0110355556436 -0.00393688277002
-0.0172294246945 0.0100530832413 -0.00313474668333
-0.0171654788002 0.00910963821506 -0.0023116809464
-0.0170402379697 0.00822359802974 -0.00144769867602
-0.0168329155341 0.0073848753598 -0.000552763932824
-0.0165904527551 0.00661392892245 0.000397766203087
-0.0163580225692 0.00593353018801 0.00142968246384
-0.0161106580114 0.00533686815192 0.00253155825144
-0.0157300856904 0.00476686065853 0.00363867742933
-0.0151480053091 0.00417894637325 0.00471127520487
-0.0140996902516 0.0227175852291 -0.0112522322542
-0.0142485397098 0.0206013481304 -0.0107546162349
-0.0148948620166 0.0190645847268 -0.0101938579224
-0.0155938385854 0.0176793964706 -0.00957764751221
-0.0161760347165 0.0163231950941 -0.00892818708494
-0.0166615877584 0.0150148034614 -0.00824495042024
-0.0170783445057 0.0137707946031 -0.00752235620626
-0.0173992028193 0.0125788067829 -0.00676787176236
-0.0176487279597 0.0114508179483 -0.00597513626212
-0.0178111481838 0.0103805121722 -0.00514916534944
-0.0178728628183 0.00936381585426 -0.00429552325524
-0.0178589963769 0.00841007514668 -0.00340600054813
-0.0177748480037 0.00752043449372 -0.00247831142975
-0.017575125134 0.00667965112936 -0.00153080957359
-0.017293427658 0.00589792994351 -0.000550790810265
-0.0170593837358 0.00521734903873 0.000519286120483
-0.0168368027712 0.00462947660031 0.00166812007242
-0.0164866903347 0.00408942252387 0.00283350136247
-0.0158971816148 0.00355099371817 0.00395918125774
-0.014243958451 0.022754152983 -0.0129789472924
-0.0144539771793 0.0204896824315 -0.0123591777764
-0.0151599964856 0.0188548596294 -0.0117351971189
-0.0159683413535 0.0174155903421 -0.0110650403537
-0.01666458714 0.016008900273 -0.010354335219
-0.0172109942266 0.0146269966534 -0.0096127051388
-0.0176224169619 0.0132906368529 -0.00884407962318
-0.0179089014031 0.0120119807275 -0.00805075144316
-0.0181236472718 0.0108133322583 -0.0072236567514
-0.0182914877562 0.00969941799399 -0.00635559642231
-0.0183865085574 0.00865902134456 -0.0054511169587
-0.0184113318671 0.00769162441497 -0.00450885621718
-0.018361038409 0.0067951114837 -0.00352965967508
-0.0181696518639 0.00595458980084 -0.00253491114088
-0.0178863771164 0.00518133776554 -0.00151081574536
-0.0176296517219 0.00449947830511 -0.000414626324812
-0.0174159553374 0.00391324398106 0.000765712607504
-0.0170881249544 0.00339108555916 0.00197371982672
-0.0165186763777 0.00290170549137 0.00315424155836
-0.0141666266342 0.0225325671609 -0.0146544459824
-0.0146197537035 0.0203186670603 -0.0139394644698
-0.0153729179407 0.018587446527 -0.0132544251246
-0.0162870217858 0.0171004323147 -0.0125428390695
-0.0170853249455 0.0156410414648 -0.0117846486303
-0.01765347368 0.014172453245 -0.0109917709703
-0.0180550081869 0.0127527855123 -0.0101727056615
-0.0183284577232 0.0114081752063 -0.00932953746324
-0.01850921661 0.0101522635477 -0.00845992941726
-0.0186690081888 0.00899967210063 -0.00755173854513
-0.018784431279 0.00793632718653 -0.00660454683717
-0.0188345552915 0.00695393493158 -0.00561997864536
-0.0187834935187 0.0060454054996 -0.004605203285
-0.0185987371393 0.00520717945127 -0.00356961194322
-0.0183262244345 0.00444592197127 -0.00250357669404
-0.0180648929872 0.00377154755946 -0.00137793115324
-0.0178543660493 0.00318700696957 -0.000174169991582
-0.0175637342259 0.00267923479009 0.00107184687733
-0.017028921025 0.00222974393804 0.00230126317806
-0.013888042544 0.0220526224336 -0.0162389633581
-0.0146839299477 0.0200372777199 -0.0154987324599
-0.0155372694191 0.0182651714926 -0.0147651267424
-0.0165584984222 0.0167366288253 -0.0140248836228
-0.0174172543561 0.0152051991431 -0.0132279755958
-0.0180121045791 0.0136595199352 -0.0123835252935
-0.0183940365112 0.0121620856898 -0.0115096396434
-0.0186311242821 0.0107544133203 -0.0106143096005
-0.018811780999 0.00946093472701 -0.00969495889695
-0.0189684779976 0.00827786343198 -0.00874490069473
-0.0190917585369 0.00719275566031 -0.00775986231516
-0.0191547551223 0.00619559302158 -0.00673961291233
-0.0191004747744 0.00527913072272 -0.00569181386195
-0.0189049410996 0.00444377155148 -0.00462314967163
-0.0186281514134 0.00369360287768 -0.00352450571623
-0.0183714053147 0.00302940388714 -0.00237158369098
-0.0181765175823 0.00244849920724 -0.0011461923858
-0.0179192758544 0.0019483028114 0.000127007769846
-0.017449819026 0.00152815142703 0.00140381055162
-0.013539033721 0.0214440651642 -0.017738011109
-0.0146328606174 0.0196315056346 -0.0170301153873
-0.0156358673241 0.0178743357689 -0.0162774900574
-0.0167530428754 0.01630262477 -0.0155207362814
-0.0176788278117 0.0147072474772 -0.0146915075821
-0.0182897795863 0.0130854760075 -0.0137948561147
-0.0186564729429 0.011520121774 -0.0128615470254
-0.0188401808833 0.0100546594678 -0.0119076773295
-0.0190073991759 0.00872758616325 -0.0109393983381
-0.0191638991369 0.0075207610555 -0.00994837310505
-0.0192998324862 0.00641846028573 -0.00892780204052
-0.0193825685441 0.00540928982429 -0.00787469412097
-0.0193331096613 0.00448813595636 -0.00679484465199
-0.0191232813274 0.00365844779899 -0.00569520538771
-0.0188272225054 0.00292107539249 -0.00456934892543
-0.0185536283474 0.00226842545737 -0.00339740398749
-0.0183672878789 0.00169096134708 -0.0021577978439
-0.0181767046411 0.00119134151648 -0.000858299746937
-0.0177715043108 0.000786079093424 0.000453516958567
-0.0132789849025 0.0208933203756 -0.0192300174685
-0.0145369249864 0.0191629399214 -0.0185551426537
-0.0156712573021 0.0174142823722 -0.0178024322385
-0.0168644878641 0.0157911524892 -0.0170363757501
-0.0178296933672 0.0141240394287 -0.0161759743224
-0.0184613449514 0.0124370190991 -0.0152287397378
-0.0188121954089 0.0108133932395 -0.0142334016505
-0.0189501819285 0.00930345315716 -0.0132155948793
-0.0190990234612 0.00794918675191 -0.0121979305602
-0.0192564636456 0.00672380525802 -0.0111678759707
-0.0193897605627 0.00560679097114 -0.0101152424228
-0.0194727234998 0.00458767911799 -0.00903461497851
-0.0194310659119 0.00366457118541 -0.00792660150978
-0.0192362001784 0.00284205095851 -0.00679613953679
-0.0189385752543 0.00211863098809 -0.00564277243977
-0.0186570938546 0.00147909284931 -0.00445196203524
-0.0184425550079 0.000909860752148 -0.00320756965171
-0.0182776263076 0.000407729255847 -0.0019001574224
-0.0179795911358 -8.26672726622e-07 -0.000556561545723
-0.013063788759 0.020369006008 -0.0207496603581
-0.0144144049889 0.0186478520891 -0.0200997478274
-0.0156259728994 0.0168687888986 -0.0193443181014
-0.016849569497 0.0151741896268 -0.0185632658917
-0.0178367416223 0.0134393402059 -0.017672185793
-0.018465702697 0.0116925253623 -0.016672538237
-0.018808083087 0.0100276449118 -0.0156174185062
-0.0189382461296 0.00849373218386 -0.0145395121997
-0.0190903390714 0.00712244253428 -0.0134756176889
-0.0192335791611 0.00588235961123 -0.0124075245107
-0.0193383821572 0.00475570281156 -0.0113237910719
-0.0194039311221 0.00373229456791 -0.0102187155567
-0.0193720184477 0.00281023818627 -0.0090876423238
-0.0192088973609 0.00199358413065 -0.00793198826106
-0.0189419427778 0.00128029563351 -0.00675341616358
-0.0186623912736 0.000653345675824 -0.0055454493898
-0.0184390547992 9.29762876692e-05 -0.00429437822182
-0.0182770783777 -0.000409365366576 -0.00298743166119
-0.0180314828471 -0.000825050809194 -0.00163546219745
-0.0127248167453 0.0196807938704 -0.0222188332706
-0.0141817949389 0.0180082442165 -0.0216357493175
-0.0154620427183 0.0162071957929 -0.0208911639115
-0.0166894148 0.0144401030963 -0.0200896541937
-0.0176928413667 0.0126507701385 -0.0191713308235
-0.0183195398913 0.0108601581857 -0.0181215388785
-0.0186617077454 0.00916946141199 -0.0170110355828
-0.0188062492921 0.0076246385291 -0.0158806991191
-0.0189549383983 0.00624227132618 -0.0147728895375
-0.0190598888984 0.00499468039337 -0.0136652061835
-0.0191256770915 0.00386735968731 -0.0125504486534
-0.0191590988198 0.00284812386601 -0.0114225461969
-0.0191521448356 0.00192856877561 -0.0102750676658
-0.01903821955 0.00111424801682 -0.00910224759194
-0.0188212876222 0.000405059596928 -0.00790535637946
-0.0185544370872 -0.000211508695199 -0.00668350565871
-0.0183381985084 -0.000765447258977 -0.00542708360106
-0.0181742302989 -0.00126613652872 -0.00412437847893
-0.017967988977 -0.00169191584872 -0.00277433188498
-0.0123208688957 0.0188955288969 -0.0236759663659
-0.0138021337845 0.0172080980768 -0.0231316407599
-0.015119019006 0.0153865117617 -0.022402099461
-0.0163740023715 0.0135839778373 -0.0216025897811
-0.0173782929524 0.0117526075204 -0.0206575735024
-0.0180203605849 0.00994096070534 -0.0195693496475
-0.0183698495497 0.00823933665777 -0.0184103531278
-0.0185412381554 0.00669367774109 -0.0172372088779
-0.0186785816748 0.00530786280082 -0.0160871985058
-0.0187481597071 0.00406208497728 -0.0149407125638
-0.0187726012913 0.00294264895277 -0.0137948412098
-0.0187844567012 0.00193294373654 -0.0126464969184
-0.0187774216867 0.00102140540186 -0.0114864540033
-0.0187050453513 0.000209402026861 -0.0103049662136
-0.0185354310039 -0.00049770557606 -0.00909873109562
-0.0182960777923 -0.00110768113005 -0.00786867794892
-0.0181021891701 -0.00165933233521 -0.00661127739553
-0.0179454060719 -0.00215985036136 -0.00531611435591
-0.0177486017675 -0.00258888920323 -0.00397818610764
-0.0118370251893 0.0179943650675 -0.0251154832879
-0.0132580091138 0.0162319768543 -0.0245528211094
-0.0145733518302 0.0143950535049 -0.0238370549578
-0.0158666595646 0.0125910332299 -0.0230688615263
-0.0168867629911 0.0107466814578 -0.0221164374666
-0.0175135306408 0.00892623966834 -0.0209859062262
-0.0178859565741 0.00723367109788 -0.0197944790015
-0.0180866374865 0.00569918263294 -0.018590107116
-0.018236411922 0.00432094557136 -0.0174103360416
-0.0182932322966 0.00308525331152 -0.0162325327352
-0.0183148482962 0.00197626450949 -0.0150640106332
-0.018301585676 0.000980985795688 -0.013895747095
-0.0182742459324 8.43180445742e-05 -0.0127234433476
-0.0182175296696 -0.000719790440189 -0.0115377843426
-0.0180768215769 -0.00142111413113 -0.0103290370455
-0.0178616504473 -0.00202349784903 -0.00909743877612
-0.0176935889884 -0.00257390603949 -0.00784564442356
-0.01757145076 -0.00308351434101 -0.00656342410121
-0.0173877191511 -0.00351659736733 -0.00524287078249
-0.0112698270722 0.01697117158 -0.0265381187542
-0.0126147241834 0.0151385108015 -0.025939409418
-0.0138652802009 0.0132657194431 -0.0251976427801
-0.0151866064805 0.0114767365101 -0.0244810562341
-0.016193758955 0.0096321859918 -0.0235199585586
-0.0168257159472 0.00782940313556 -0.0223684010945
-0.0172107399792 0.00615963651472 -0.0211523504463
-0.0174526469253 0.00464751056256 -0.0199338216587
-0.0176086059564 0.00328675860731 -0.018730876263
-0.0176898858133 0.00206551728598 -0.0175383533931
-0.0177335614997 0.000967474972844 -0.0163582327915
-0.0177103069386 -1.1863238727e-05 -0.0151747460834
-0.0176667847928 -0.000891218840516 -0.0139921148599
-0.0175817457874 -0.00167321613743 -0.0127995479725
-0.0174405452627 -0.00235818635645 -0.0115907679237
-0.0172570054679 -0.00295487340398 -0.0103646681537
-0.0171166672463 -0.00350436091494 -0.00912487055788
-0.0170270243499 -0.00402278308108 -0.00786294387202
-0.0169024453809 -0.00448108401754 -0.00656703497009
-0.0106000750217 0.0158011890228 -0.0279176323918
-0.0118979562298 0.013947843411 -0.0273217630319
-0.0130405127855 0.012031344283 -0.026507041457
-0.0142881182894 0.0102330711498 -0.0257828275808
-0.0152643204726 0.00841288917286 -0.0248230492632
-0.0159194368144 0.00665400304528 -0.0236825537316
-0.0163293867219 0.00502496350274 -0.0224648274547
-0.0166007359768 0.00354683958355 -0.0212433711441
-0.0168002410054 0.00221066553148 -0.020043113951
-0.0169583719613 0.00100002968513 -0.0188638589693
-0.0170318088689 -8.66844824314e-05 -0.0176809695345
-0.0169985080684 -0.00104628353953 -0.0164849026565
-0.0169084431898 -0.0018945567892 -0.0152866817939
-0.0168047877961 -0.00265227035363 -0.0140903569691
-0.0166648446255 -0.00331882893377 -0.0128848315385
-0.0165035599122 -0.00390606022459 -0.0116683553596
-0.0164051189686 -0.00446126952375 -0.0104478222168
-0.0163548131097 -0.00499299655378 -0.00921297526551
-0.0162562803769 -0.00546264114621 -0.00794814978049
-0.00981743572247 0.0144725094686 -0.0292232461869
-0.0110723893412 0.0126299887259 -0.0286613082876
-0.0121034571605 0.0106978257131 -0.0277627044162
-0.0132259724434 0.00889546272644 -0.0269894147597
-0.0141357875025 0.00711498495389 -0.0260224255751
-0.0147530477252 0.00541365101905 -0.0248776903281
-0.0151949328418 0.00384340095767 -0.023688643187
-0.015505085928 0.00241214008985 -0.0224902964753
-0.0157947402597 0.00110141804296 -0.0213325452047
-0.0160595462612 -0.000103844841636 -0.0201956164838
-0.0161800113213 -0.00118071477221 -0.0190251946614
-0.0161314445874 -0.00211354074499 -0.0178185224575
-0.0160114124614 -0.00292885012958 -0.0166090960255
-0.01588436174 -0.00365565213091 -0.0154091476281
-0.0157705975682 -0.00431222722911 -0.0142153240787
-0.0156582388944 -0.0049032789833 -0.0130177468551
-0.015589026949 -0.00546054761461 -0.0118194908297
-0.015562691892 -0.00599926936776 -0.0106150809534
-0.0155153514975 -0.00649669650879 -0.00939055086237
-0.0088436948636 0.0129091227163 -0.0302432578426
-0.0101134967324 0.0111714666474 -0.0299075111367
-0.0110528417008 0.00926926178692 -0.0289550402434
-0.0120359694804 0.0074864444604 -0.0281159077857
-0.0128169904254 0.00575881075077 -0.0270980825614
-0.0134176671112 0.00413348308294 -0.0259875546359
-0.0138912952144 0.00262843617768 -0.0248514233891
-0.0142418820592 0.00124829197743 -0.0236968146507
-0.0145563092008 -2.35601731216e-05 -0.0225701416407
-0.0148339417914 -0.00119697786481 -0.0214570742128
-0.0149707750035 -0.0022445022481 -0.0203056603767
-0.0149767297482 -0.00316170108877 -0.0191251829256
-0.0149108951082 -0.00396691504277 -0.017937963767
-0.0148122543397 -0.00467873198894 -0.0167523677522
-0.014723696255 -0.00532357426323 -0.0155750146308
-0.0146723769807 -0.00592625673318 -0.014406712873
-0.0146339554048 -0.00648622264593 -0.013235882254
-0.0146058828746 -0.00701424597314 -0.0120599702763
-0.0146012295016 -0.00753474635738 -0.0108825543793
-0.00785797416841 0.0113112800463 -0.0313268867021
-0.00898005984003 0.009564475307 -0.0309417826794
-0.00987150727402 0.00774834046006 -0.0300452225081
-0.0107158511757 0.00601731126339 -0.0291440838587
-0.0114135982808 0.00436784266306 -0.0281270401109
-0.0120245746055 0.00281785466034 -0.0270911861553
-0.0125337167894 0.00137152173661 -0.0260267005471
-0.0129256015165 3.66272953349e-05 -0.0249285506731
-0.013221960724 -0.00118725766927 -0.0238156568131
-0.0134302951888 -0.00230066469462 -0.0226913985455
-0.0135675518337 -0.00330879567437 -0.0215617266186
-0.0136712074214 -0.00422809599166 -0.0204386702411
-0.0137147472008 -0.00505042877311 -0.0193049319465
-0.0136523668784 -0.00575235134539 -0.0181407614924
-0.0136018242278 -0.00639385362279 -0.016987557797
-0.013577462833 -0.00699318748281 -0.0158444942996
-0.0135849172596 -0.00756700311178 -0.014710278847
-0.0135910404132 -0.00810793018603 -0.0135741235567
-0.0135853713529 -0.00862273972538 -0.0124361118425
-0.00680725048943 0.00962042072462 -0.0323791931944
-0.00779739541318 0.00789420486689 -0.0319699121423
-0.00869754383451 0.00617013326494 -0.0312551665062
-0.00948979299111 0.00450205949969 -0.0303740920723
-0.0101450595692 0.00291934118432 -0.0293686553443
-0.0106810214393 0.00143823864992 -0.0283075406776
-0.0110976205672 6.75623431133e-05 -0.0272089125324
-0.0114559159373 -0.00120484663395 -0.026127343593
-0.011743175229 -0.00237742727783 -0.0250436425073
-0.0119726946806 -0.00345547021553 -0.0239609221004
-0.0121664402168 -0.00444970312965 -0.0228851340725
-0.0123039530958 -0.00535326792838 -0.021799253982
-0.0123677288505 -0.00615684311117 -0.0206923497213
-0.0123844040065 -0.00687288879361 -0.0195748097009
-0.012401075683 -0.00753108327441 -0.0184635361945
-0.0124135255187 -0.0081360510441 -0.0173534469872
-0.0124116378132 -0.00868861034986 -0.0162396663351
-0.0124310783291 -0.00922646758774 -0.0151395102275
-0.0124566273543 -0.00975733036865 -0.0140534473233
0.00102776219972 -0.0192739273575 0.00684968957463
-0.000588078533361 -0.0185931850731 0.00909596990703
-0.00222468173393 -0.0176941435534 0.01092117842
-0.00391823677557 -0.016653022346 0.0123225840765
-0.00558844980349 -0.0153563433514 0.0132837184549
-0.0073873818978 -0.0140214208693 0.0138353792555
-0.00924929775882 -0.012543212434 0.0139649303449
-0.0110780779047 -0.0108217391406 0.0136519399678
-0.0129834132313 -0.00898102597191 0.0129208979424
0.000615441431903 -0.019048687109 0.0062253687403
-0.0010697822998 -0.018324879645 0.0081320842717
-0.00275053042711 -0.0174356025997 0.00970264254809
-0.00445721735675 -0.0164382034404 0.0109436708282
-0.00611444101029 -0.0152041647321 0.0118343054017
-0.00779258278553 -0.0138583354203 0.0123950652815
-0.00952535571614 -0.0124340618871 0.0126372015055
-0.0112271121325 -0.0108149139399 0.0125346302466
-0.0129864828126 -0.009101651225 0.0121089232551
0.000131939059363 -0.018798408529 0.00554766282102
-0.00158300287193 -0.0180280752483 0.00715311766564
-0.00328602725981 -0.0171608181675 0.00849967917857
-0.00498547129382 -0.0162076686364 0.00959853124023
-0.00663034216592 -0.0150652003627 0.0104330996723
-0.00820524111778 -0.0137222619322 0.0109966778537
-0.00979351504398 -0.0123146342397 0.0113231249504
-0.011383879792 -0.0108028344395 0.0114041954738
-0.0130128949086 -0.00920537919201 0.0112408755719
-0.00043259062148 -0.0185452594837 0.00481572211916
-0.00215320079249 -0.017756993109 0.00616528550521
-0.00386972838455 -0.0169528151046 0.00732742412178
-0.00554787306928 -0.0160506162609 0.0083066454789
-0.00718348730412 -0.0150304970353 0.00910283157209
-0.00866154311185 -0.0136851143096 0.00966254472296
-0.0101141319414 -0.0122762567439 0.0100491410951
-0.0115772399537 -0.0108230204385 0.0102709859988
-0.0130725665583 -0.00930008165546 0.0103172536597
-0.00107907334284 -0.0182913887566 0.00402998269848
-0.00278260867217 -0.0175217362896 0.00517368824769
-0.0044884321713 -0.0167963545464 0.00618798139351
-0.00612596326798 -0.0159451490667 0.00706753639286
-0.00772685042705 -0.0150248802993 0.0078272252079
-0.0091374276574 -0.0137252688436 0.00839014139321
-0.0104776586053 -0.0123221511099 0.0088201319476
-0.0118045357042 -0.0108780688455 0.00913755145875
-0.0131753931351 -0.00939636100287 0.00934037613685
-0.00181285234714 -0.018050130001 0.00319106658543
-0.00346340571402 -0.0173077058823 0.00417877194537
-0.0051233807381 -0.0166519834563 0.00507596950519
-0.00672082904887 -0.015902333983 0.00588388170161
-0.008271732152 -0.015069574626 0.00660949245522
-0.00960990347691 -0.0138053033246 0.00716862694907
-0.0108545621835 -0.0124133137555 0.00762594084879
-0.0120647329555 -0.0109687237271 0.00800484972636
-0.0133471229739 -0.00951872908652 0.00831640686835
-0.0026303675349 -0.0178146053024 0.00229775046888
-0.0041971382227 -0.0171217876767 0.00318162366746
-0.00576845997592 -0.0165033118316 0.00399000997379
-0.00730626097616 -0.0158613575675 0.00474264777
-0.00880318800771 -0.0151291824113 0.00543903104588
-0.0100609843133 -0.0138880339342 0.00598703268111
-0.0112190575655 -0.0125094604855 0.00645524352303
-0.0123589830987 -0.0110944254264 0.00687235546414
-0.0135965562117 -0.00966913885528 0.00724542631801
-0.00352321140563 -0.0175643747258 0.00134863301789
-0.00496960974709 -0.0169269740087 0.00217926112104
-0.00642159839216 -0.0163438465535 0.00293241183797
-0.00786215293451 -0.0157690533983 0.00363797912972
-0.00929473526325 -0.0151414984791 0.00430422889445
-0.0104681779805 -0.0139314723912 0.00483763471861
-0.0115572715057 -0.0125919688573 0.00530470187952
-0.012658530579 -0.0112209175656 0.00573109879223
-0.013875174091 -0.00980227466015 0.00611600603254
-0.00446811477789 -0.0172316965201 0.000348702514135
-0.0057729683781 -0.0166983672394 0.00117431176388
-0.00707270493515 -0.0161467066726 0.00190748661497
-0.00838690593823 -0.0156251650564 0.00258066973705
-0.00973241950186 -0.0150826833018 0.00321101830724
-0.0108207692733 -0.0139276105084 0.00372722856904
-0.0118583447536 -0.012655451959 0.00417775133342
-0.0129447010527 -0.0113344922195 0.0045797095699
-0.0140858737778 -0.00986419262291 0.00491933681005
