0.013229533658 -0.00863868982997 0.0152677998758
-0.00220169988858 0.00286542942264 0.0220460821646
0.017826629727 0.00177558992301 -0.0181746763578
-0.0114059808656 0.022979678048 -0.00729053671724
0.0217268119523 0.00781406095774 0.0128320467898
0.0087864178949 0.0162516775451 0.0185888483613
0.0224898260555 0.00523675843665 0.0168941054579
0.00895651354265 0.0150919522453 0.0229506556784
0.0228815457589 0.00342824676391 0.0202158566851
0.00921914095699 0.0132857184458 0.0265814322365
0.023816914953 0.00211624205053 0.0233739630821
0.00951638335665 0.0121618817831 0.0299554787661
0.0235525980614 0.000655864559388 0.0260749284499
0.00972790436423 0.0105718162087 0.0324808966265
0.0301022065242 0.00448886794056 0.032263198419
0.0157424910478 0.0151156109551 0.0384346487534
0.0208916169851 -0.00179003757437 0.0373411090486
0.0143551925676 0.00256623342724 0.0409651821467
0.0185586102023 -0.000680620617919 0.0400055429934
0.0169523738484 0.00114252496247 0.0406244311184
-0.0068067603749 0.008532700542 -0.031642288235
0.0210753275707 0.00461279263566 -0.0144850105859
-0.00786680230208 0.0254214028017 -0.00209539710285
0.020540559507 0.0087045985456 0.013315180642
0.0219599349119 0.00781476809856 0.0115722357962
0.0234388750936 0.00711140159037 0.013204931385
0.0217173524647 0.00824766565984 0.0147265386733
0.00989190154422 0.015888297759 0.0175494536198
0.00787668236248 0.0172147903397 0.0177629588028
0.00787371350731 0.0173521927036 0.0199462410525
0.00990361847235 0.0154663333669 0.0194868784089
0.0217117478814 0.00629491401708 0.0163132259095
0.0218044530349 0.00559947385944 0.0182413325006
0.024084583286 0.00450449021904 0.0172226505906
0.0233076267414 0.00547694132766 0.0155672133441
0.00986939137335 0.0148265473282 0.021827460485
0.0099669721124 0.0142806343063 0.0235324346867
0.00827952586964 0.0159924811668 0.0244009479687
0.00834036866967 0.0165322244032 0.0222349906704
0.0219919707986 0.00451452535514 0.0201115672278
0.022580626859 0.00330028463695 0.021770115636
0.0241752614909 0.00299598856258 0.0210890598157
0.0240450532241 0.00386099333659 0.0193025187687
0.009958292925 0.0133319097694 0.0254419900208
0.0100786240593 0.0123383760295 0.0271312797427
0.00900870322813 0.0139455204278 0.0277996691186
0.00899810721177 0.0147921246059 0.0263363915353
0.0229840940479 0.00273130786029 0.0242552166507
0.0251166919551 0.00190533638288 0.0234023939059
0.0105123459827 0.0114251765812 0.0299725107179
0.00892786781499 0.0132685162267 0.0304017338462
0.0227046296258 0.00070694900954 0.0264725047786
0.0247519721646 0.000873080477479 0.0263939561671
0.0102223289838 0.00973077807289 0.0323409162067
0.00949557058657 0.0115759464441 0.033050622539
0.0195658175822 -0.00428216091437 0.0347343549758
0.0113104228129 0.00258835605757 0.039108298482
0.018051453561 -0.00377766351231 0.0353242502454
0.0107333342687 0.000940120676351 0.0383993225192
0.0176745402679 -0.0027579644696 0.0375680250376
0.0125056414917 0.000467181619446 0.0383564907593
0.0197659627665 0.00492519074304 0.0100241395597
0.0212682937668 0.00234787344783 0.0132570406957
0.0221335174347 0.000732769208294 0.016531810859
0.0227175780158 -0.000740199296354 0.0201829525141
0.0231759373584 -0.00165012705464 0.0238941897769
0.0230118605499 -0.00339618469107 0.026494628022
0.0052566368429 0.015338946162 0.0168840524319
0.00467880766314 0.0142097127983 0.0212697579926
0.00488705795559 0.0129550153283 0.0246786031799
0.00561672594642 0.0111535203204 0.0287207552911
0.00662440309475 0.00982022528612 0.0317987726082
0.00635010885235 0.00731789270034 0.0342670452945
0.014313037297 0.00978979770764 -0.00891520361223
0.000971966346348 0.0202258463774 -0.00347777730109
0.0170059975192 0.00773725572108 -0.0192793318497
-0.00662814850234 0.0249274777435 -0.00964252915213
0.0229067737928 0.000404962919782 -0.0125970478464
-0.00936367980978 0.0238010413592 0.00128845311621
0.0161578234684 0.00558632891643 -0.0103612173059
-0.00330281606372 0.0201513271585 -0.00198150860477
0.000750581084976 -0.0149400666113 0.011935094482
0.00239927030611 -0.0160295331706 0.010551516004
0.00395380398479 -0.0168895136232 0.00935786622913
0.0054257300309 -0.017514786493 0.00836005070489
0.00682045126343 -0.0179025425494 0.0075545292108
0.00814849770143 -0.0180522289408 0.00694331317994
0.00943568351619 -0.0179724965989 0.00658559040603
0.0106698217095 -0.0176653528065 0.00648984896177
0.0118308202755 -0.0171300703359 0.00666377789673
0.0129301418705 -0.016347588362 0.00693192937107
0.0129301418705 -0.016347588362 0.00693192937107
0.0143313410372 -0.0150335388118 0.00756656072491
0.0152538098346 -0.0138864665934 0.0087172383253
0.0157727750313 -0.0128921460394 0.00987127320098
0.0160370693221 -0.0119760582019 0.0108892649149
0.0159998473676 -0.0111639641829 0.0118493267767
0.0156480793107 -0.010469747256 0.0127564730423
0.0150500879283 -0.0098482222857 0.0135983576393
0.0142951991767 -0.00920247779532 0.0144259170372
0.0132295338037 -0.00863868964957 0.0152677998301
0.0132295338037 -0.00863868964957 0.0152677998301
0.0112144006077 -0.00812427033647 0.0163876643487
0.00897803540392 -0.00831701416983 0.0168598935032
0.00713324905061 -0.00862875831458 0.0169329569264
0.00577567094118 -0.00902739594635 0.0166246181948
0.0047703906179 -0.00938349530991 0.0161761539639
0.00401608725937 -0.00971258864065 0.0156269509713
0.00344870147471 -0.0100169235901 0.0149836898648
0.00304419324041 -0.0102830051363 0.0142226273233
0.00270679934058 -0.0103461880217 0.0133498534776
-0.00702759237758 -0.0092802590647 0.0151361834962
-0.00846169881043 -0.0083279746283 0.0152940697455
-0.00972388044043 -0.00734331415597 0.0154529778087
-0.0108133443824 -0.00631982871955 0.0155687597861
-0.0117102686257 -0.0052280954673 0.0157137269058
-0.0124286829187 -0.00406394272594 0.0158438720657
-0.0129748627894 -0.00281091004373 0.0159767971464
-0.0133161878648 -0.00148664572356 0.0162544689391
-0.0134259543443 -0.000133401115496 0.0166948788738
-0.0132729999947 0.00120699076406 0.0172634152507
-0.0132729999947 0.00120699076406 0.0172634152507
-0.0120807587576 0.00304076385236 0.0179966187207
-0.010585559265 0.004158504455 0.0190401342965
-0.00912925935318 0.00485042495162 0.0198773109594
-0.00777865426859 0.00523727107207 0.0205260078054
-0.00653217474682 0.00537269143512 0.0210478967932
-0.005360975328 0.00506578642332 0.0213993605253
-0.00429334985782 0.00455775076396 0.0216792246978
-0.00328170627192 0.00380977390053 0.0218893096598
-0.00220170032566 0.00286542888144 0.0220460823018
-0.00220170032566 0.00286542888144 0.0220460823018
-0.00103922859399 0.00125102221166 0.0218587947226
-0.000387982318911 -0.000429615206438 0.0214396192569
-0.000121218090549 -0.00188277578269 0.0208396605588
-1.44699935202e-05 -0.00310057054548 0.0201728780987
-0.000130854590621 -0.00411393637776 0.0194150643506
-0.000383691007357 -0.00498476779881 0.0185891343273
-0.000845749094442 -0.00569142910586 0.0176580229931
-0.00167457028497 -0.00614471796273 0.0166234009728
-0.00256847811311 -0.00650981511028 0.0154761112344
0.030102206023 0.00448886839767 0.0322631986252
0.0295045816427 0.00392221998554 0.0318987677535
0.028788840927 0.00339523618385 0.0315001333786
0.0280034712851 0.00278410610729 0.0312206190025
0.0272584070315 0.00215293441482 0.0308420938726
0.026534274641 0.00159443122551 0.0302728759049
0.0258005601373 0.00100604506076 0.0296759791065
0.0249384466259 0.0001262808576 0.029242135444
0.0241131372341 -0.000484613481044 0.0284549893294
0.023521252946 -0.000860099176311 0.0275215105411
0.030102206023 0.00448886839767 0.0322631986252
0.029669685205 0.00349391744078 0.032445846297
0.0290880430506 0.00246592674629 0.0325600137113
0.0284445678787 0.00141342752946 0.0325288181041
0.0277160976742 0.000328515595311 0.0323698657236
0.0269908204012 -0.000869476306575 0.032046110548
0.0263069954229 -0.00233910283003 0.0316197910865
0.0251013888306 -0.00350450284569 0.0312845350822
0.023769494893 -0.00459249123512 0.0307920707376
0.0223062401417 -0.00559491414532 0.0301375954266
0.030102206023 0.00448886839767 0.0322631986252
0.0298263305125 0.00376677492292 0.0325270013111
0.029326957968 0.00299500210939 0.0326001312497
0.0287993483384 0.00213836538901 0.0327218952143
0.0280242106481 0.00123819171582 0.0328112528856
0.027037416651 0.000286958026328 0.0327846756315
0.0258575191811 -0.000718200927496 0.0326730372442
0.0245093247478 -0.00178611554371 0.0323987036429
0.0229922722563 -0.00291744758156 0.0320186984279
0.0212381306566 -0.00408350939167 0.0316943331659
0.030102206023 0.00448886839767 0.0322631986252
0.0297044696888 0.00355262523184 0.0325759501467
0.0288677474501 0.00272357504579 0.0327602651331
0.0280874071546 0.00186846609404 0.0328343499023
0.0271882398889 0.00102506224067 0.0328618890964
0.0261429668913 0.000201582592353 0.032839020628
0.0249433021898 -0.000595931572992 0.0327412397059
0.0235906057882 -0.00136237135429 0.0325306601298
0.0221206556813 -0.00209284424034 0.0320831069095
0.0206223822161 -0.00280580643501 0.0313037890106
0.0157424906749 0.0151156094156 0.0384346488215
0.0147640000993 0.014804083424 0.0379352013897
0.0136561163385 0.0137258961586 0.0374338663539
0.0127460312835 0.012873755095 0.0370212715646
0.0119603398471 0.0121350413206 0.0366126436679
0.0112847136631 0.0114496286446 0.0362108206602
0.010706029174 0.0108141547005 0.0357902118102
0.0102045863168 0.0102767261782 0.0352959105105
0.00980820928783 0.00961851284842 0.034854039524
0.00950351287948 0.00942869986853 0.0342753248319
0.0157424906749 0.0151156094156 0.0384346488215
0.0147944246363 0.0146469322561 0.0390644795642
0.0137545276062 0.0137929349916 0.039342595543
0.0127522936407 0.0128953103706 0.0394326814292
0.0117394778155 0.0119465539057 0.0394062837403
0.0106923937005 0.0109055514159 0.0392487498589
0.00963207617921 0.00975004428544 0.0389021402146
0.00856403121732 0.00848479752639 0.0383635564564
0.00751112923061 0.00710919696513 0.0376124675246
0.00648699469948 0.00562246485621 0.0366532251171
0.0157424906749 0.0151156094156 0.0384346488215
0.0151497029073 0.0145800809371 0.0390309684045
0.0143041163281 0.0135800052102 0.039246074487
0.0134740150899 0.0125879834731 0.0393338474302
0.0126468297806 0.0115241238999 0.0393078261273
0.0118074490193 0.0103618505727 0.0391528928036
0.0109518178606 0.00909340279654 0.038864396652
0.0100665679374 0.00773892791296 0.0383991603507
0.00919103205551 0.00621448633539 0.0378922790224
0.00831366050474 0.00452893119629 0.0373426799918
0.0157424906749 0.0151156094156 0.0384346488215
0.0151244511032 0.014323076846 0.0390549588615
0.0142192319146 0.0130638927326 0.0391181800695
0.0134440831478 0.0119738977872 0.0390824965419
0.0127751425513 0.0108645515627 0.0389733041654
0.012180522442 0.00968306121397 0.0387410825249
0.011629908887 0.00845412527361 0.0383236500098
0.0111254440916 0.00719166503572 0.0377134524787
0.0105947935234 0.00597019337087 0.0368427089303
0.0100153689375 0.00477700045392 0.0357557670046
0.00220336703426 -0.0167758916421 -0.0026233982316
0.0038278932947 -0.0171088306669 -0.00191240103721
0.00536880645802 -0.0174848632045 -0.00116676591988
0.00684494262763 -0.0178578458924 -0.000477124234356
0.00827956775257 -0.0182462459739 9.42544895322e-05
0.00971068463424 -0.0185258144695 0.000599004148525
0.0111298750839 -0.018535222762 0.00115879258485
0.0125441734396 -0.0184304648927 0.00170457852487
0.0138486556294 -0.0179713268839 0.00235905156265
0.0150613211047 -0.0173598707398 0.00297663537892
0.0150613211047 -0.0173598707398 0.00297663537892
0.0158653821986 -0.0168391311357 0.00358061617254
0.0165473267212 -0.0161794453362 0.00416201483628
0.0171898954945 -0.0155135273184 0.00470482926628
0.0178826599202 -0.014879845896 0.00509525800876
0.018553783736 -0.0142288319948 0.00540719218593
0.0191924607329 -0.0135561922713 0.00566043410383
0.0198202633141 -0.0128674748545 0.00582206175961
0.0204172798936 -0.0121400325811 0.00592015164472
0.0210732189298 -0.0114886173734 0.00582231296926
0.0210732189298 -0.0114886173734 0.00582231296926
0.0216518476792 -0.0106252384329 0.00518800630198
0.0222041834441 -0.00988905198082 0.00449585554651
0.0226989211643 -0.00927099816801 0.00376548799766
0.0230908001341 -0.00893239868212 0.00293091620286
0.0234022321671 -0.0086507589172 0.00210725677514
0.0236402152251 -0.00847831638234 0.00126391289614
0.0238521045417 -0.00826949336304 0.000450728567442
0.0240011196997 -0.00816619220941 -0.000389182825093
0.0240988071676 -0.00800554256069 -0.00119284358314
0.0240988071676 -0.00800554256069 -0.00119284358314
0.0242734293923 -0.00694351436294 -0.00384007250818
0.0242062291707 -0.00628876960172 -0.00651549008022
0.0239245425037 -0.00540123413902 -0.00887038524746
0.0234019371089 -0.00438844093889 -0.0109197283805
0.0226007773483 -0.00325161794611 -0.0126463189012
0.0215236464622 -0.00214840169431 -0.0141946020571
0.0202341675999 -0.00121014307993 -0.0156948023119
0.0187116175181 -0.000307988687952 -0.0170405858552
0.0173151179871 0.000157639292973 -0.0184591967824
-0.0163955780511 -0.0037178918644 0.00250951015752
-0.0163720843454 -0.00285777881623 0.0043149459987
-0.0164147946532 -0.00205446708375 0.00605409352961
-0.016555287548 -0.00131529801694 0.00768541601486
-0.0167650407405 -0.000591945630157 0.00918312835216
-0.0170752945605 0.000149660685609 0.010543432857
-0.0172962891176 0.00102241800458 0.0117791400227
-0.0172666099043 0.00203291973129 0.012904368901
-0.0169501437372 0.00307399542659 0.0139073867312
-0.0164731034756 0.0040322114965 0.0147604165664
-0.0164731034756 0.0040322114965 0.0147604165664
-0.0157956628012 0.00507925285639 0.0158862360935
-0.0149959660332 0.00603456856746 0.0168194512811
-0.014184803597 0.00692451820073 0.017576760218
-0.0133899669884 0.00776191194405 0.0181637260633
-0.0126484540907 0.00858378026765 0.0185839169733
-0.0120337688778 0.00945271325058 0.0188377729762
-0.0114353642941 0.0102915227853 0.0189214522389
-0.0109226193577 0.0111450309993 0.018834951837
-0.010583353474 0.0120260301242 0.0185749603014
-0.010583353474 0.0120260301242 0.0185749603014
-0.0103884265477 0.0128482172393 0.0181374133733
-0.0103133870815 0.0136319484666 0.0176891541259
-0.0103497464808 0.0143502595921 0.0172233414801
-0.0104400566696 0.0150046541307 0.0167465501297
-0.0105955341897 0.0155962866168 0.0162577822727
-0.0109175163201 0.0160727035043 0.0157294959076
-0.01116942816 0.0165590672915 0.0152259089753
-0.01146185964 0.0170095778744 0.014721442115
-0.0117137744961 0.0174767031085 0.0142437717172
-0.0117137744961 0.0174767031085 0.0142437717172
-0.0122837250232 0.018952374509 0.012330581646
-0.0127493770536 0.0201746788429 0.0103063091048
-0.0132175452654 0.0211078203775 0.00815239699545
-0.0134774615182 0.0218505681655 0.00592018095934
-0.0133547800825 0.0224075203247 0.00361067304325
-0.0131411753651 0.0226648558304 0.00116458775459
-0.0125884221873 0.0225771428238 -0.00144610556612
-0.0122953886797 0.0222007518827 -0.00418430515579
-0.0126462406075 0.0220795664676 -0.00674458024798
0.00547767003124 -0.00912443271412 0.0213159229575
0.00714584568664 -0.00883253767723 0.0219409246523
0.00877089169926 -0.00831152914591 0.022783809103
0.0102120981413 -0.00785321778216 0.0240362906256
0.0115097607198 -0.00729171236086 0.0255977568193
0.0125590268838 -0.00670618825595 0.0275479283254
0.0135476971797 -0.0059435734689 0.0297581690119
0.0143687305509 -0.00510310632741 0.0323291397424
0.0149772443724 -0.00422822302519 0.0353450828449
0.0162938882931 -0.00270479562321 0.0378348964421
0.00207892595044 -0.00653527109702 0.0227614377982
0.00265907679849 -0.00509511412336 0.023889482469
0.00331661479964 -0.0039112462804 0.0253577444443
0.00418682699829 -0.00299760897899 0.0269662614141
0.00530706140397 -0.00239790499691 0.0286664640656
0.00665494988935 -0.00206153420242 0.0304605894302
0.00817894748239 -0.0020181875846 0.0324118366982
0.00976959687016 -0.00193362754431 0.0345747942019
0.0114214362433 -0.0017316527006 0.0369528358735
0.0137512536362 -0.000686368429779 0.0387204033095
0.0118846738994 -0.00294025622646 0.0322856047132
0.0121290744004 -0.0031304708962 0.0331850597901
0.0124875425181 -0.00314205889673 0.0340015232002
0.0128054805517 -0.00314909431437 0.034724063101
0.0131169051443 -0.0031171483646 0.0353620707022
0.0134345083572 -0.00303016229097 0.0359140702598
0.0137533097433 -0.00289702285267 0.0363889855834
0.0140866171024 -0.00269505598528 0.0367707780797
0.0144296721341 -0.00243033884424 0.0370589021922
0.014782488737 -0.0020953605164 0.0372178420929
0.0210199005504 -0.00616324763505 0.010205766867
0.0218528039186 -0.00641980663675 0.00864165793714
0.0227184784401 -0.00648966644416 0.00706845966787
0.0238021562222 -0.00621126316067 0.00556764017218
0.0248437764051 -0.00575629354501 0.00403492035754
0.0253809719997 -0.00552204420945 0.00228340259278
0.0257127731594 -0.00526795429556 0.000433316520723
0.0258787326207 -0.00495588390127 -0.00150022170494
0.0257984673058 -0.00468291592988 -0.00354423094783
0.0256352611573 -0.00424495487287 -0.00564536426532
0.0256352611573 -0.00424495487287 -0.00564536426532
0.025426194765 -0.00393986738289 -0.0065882756195
0.0251756935141 -0.00360462180846 -0.00749340975206
0.0248763586359 -0.00323167267214 -0.00836012678062
0.0245939238451 -0.00276933260568 -0.00917505971038
0.0243296398284 -0.00222782001962 -0.00994250072038
0.0240404904659 -0.00163537195301 -0.0106706092633
0.0236941996416 -0.00100658252655 -0.0113588219853
0.0233553128376 -0.000304108794824 -0.0120058709366
0.0229067729187 0.00040496183737 -0.0125970475721
-0.00363789875756 0.0116474684389 0.0208387014512
-0.00469379688579 0.0125063604775 0.020472938384
-0.00562045761943 0.0136131080442 0.0200579766233
-0.00651270324894 0.0149141885231 0.0195676571307
-0.00739725543292 0.0162954141939 0.0188673942629
-0.00824099538301 0.0174867699716 0.0176623735629
-0.00904307797665 0.0186047773142 0.0160968408848
-0.00981545115975 0.0198662000905 0.0143683262266
-0.010552716805 0.0210526372466 0.01228813864
-0.0112336508121 0.02238446099 0.0100005424221
-0.0112336508121 0.02238446099 0.0100005424221
-0.011405647063 0.0227624394667 0.00899901002213
-0.0115410856993 0.0228436639405 0.00789895798025
-0.0115166499622 0.0231471186636 0.00693240517066
-0.0113913613581 0.0234032684178 0.00597271872239
-0.011174591582 0.0235862400035 0.00501278866056
-0.0108607514012 0.0237189094682 0.00406309799025
-0.0104636400453 0.0237792492247 0.00312160494333
-0.00995453007847 0.0238268291618 0.00220187385318
-0.00936367980978 0.0238010413592 0.00128845311621
0.00756768704411 0.0137355119014 -0.0219094414654
0.00851503428359 0.0150419067329 -0.0213994542887
0.00917473632732 0.0163277172017 -0.0205429403391
0.00942218995952 0.0168133202052 -0.0191953948481
0.00940089744463 0.0169212806675 -0.0180111693926
0.00919934615439 0.0171278114133 -0.0170241954771
0.00863567754716 0.0168918728302 -0.01609986644
0.00773900039988 0.0165035046845 -0.0152809548228
0.00679797680069 0.0165358109181 -0.0144062698758
0.00612958613943 0.016959005384 -0.013258572151
-0.000793920677602 0.0196050781055 -0.0185723203415
0.000119294147656 0.0210997766206 -0.0180208391094
0.00126406189453 0.0220845532589 -0.0172567306421
0.00209334138282 0.0218699986728 -0.0161378138004
0.00275033353079 0.0215112932758 -0.0153071747929
0.00346991773106 0.0211444609573 -0.0147034402514
0.00408582259497 0.0204206115745 -0.0142100440087
0.00420114200614 0.0189062687491 -0.013910370996
0.00475343252506 0.0176414794275 -0.0137258623948
0.00612958613943 0.016959005384 -0.013258572151
0.0132295338037 -0.00863868964957 0.0152677998301
0.0110464238403 -0.00835445395255 0.0167196060095
0.00816114194213 -0.00879012625708 0.0172213817627
0.00508628669273 -0.00985160092962 0.0185505989713
0.00267913831841 -0.0098920947147 0.0199550924947
0.00102794514011 -0.00848120638771 0.0205857650532
-5.43673919468e-05 -0.00609361461769 0.0208193581448
-3.55611035627e-05 -0.00209094321758 0.0206287751708
-0.000719650742489 0.00060228879287 0.02177734049
-0.00220170032566 0.00286542888144 0.0220460823018
0.00547767003124 -0.00912443271412 0.0213159229575
0.00487232434076 -0.0089979817491 0.0214862340182
0.00432902183322 -0.0089210717095 0.021706663363
0.00383394405885 -0.00886414743035 0.0219501903025
0.0033877055521 -0.00874355243088 0.0221780590364
0.0029921821355 -0.00853440898047 0.0223844073464
0.00271312129671 -0.00803729976418 0.0224329327352
0.00247441368071 -0.00756024801301 0.0225056722135
0.00226925176185 -0.00706593668432 0.022603876793
0.00207892595044 -0.00653527109702 0.0227614377982
0.00174264968388 -0.00940632654768 0.0204179907502
0.00188469490578 -0.00929677524178 0.020606765962
0.00203846121481 -0.00918070199735 0.0207870023885
0.0021919959246 -0.00907969881192 0.0209806925362
0.00234295954933 -0.00899604474814 0.0211910217804
0.00250753098219 -0.00890446458168 0.021390623435
0.00267989783716 -0.00881137183866 0.021588692874
0.00285467142138 -0.00872220113222 0.0217932579707
0.00301763002926 -0.00867416728548 0.0220324547793
0.0031847737842 -0.00864506673677 0.0222806307502
0.0106359450683 -0.0085607437003 0.019516550542
0.00827491027307 -0.00898371108242 0.0197683543101
0.00627023102089 -0.00941270349839 0.0200228772751
0.00451653357585 -0.00962550045478 0.0204876612953
0.00305268142093 -0.00928850090153 0.0210045939325
0.001967636921 -0.00836530169953 0.0214361235685
0.00133054646261 -0.00692872150369 0.0217767597853
0.000850410903207 -0.00524986102652 0.0224075196745
0.000687231687996 -0.0031348289814 0.0230950222606
0.000438896522011 -0.000662466522708 0.0239760914054
0.00270679934058 -0.0103461880217 0.0133498534776
0.000876255200699 -0.0118490373486 0.0167816666433
-0.000754272773516 -0.0109689370706 0.0179532508276
-0.0020314456103 -0.00944965446172 0.0177864628833
-0.00256847811311 -0.00650981511028 0.0154761112344
0.00154944110225 -0.0112747596042 0.013434240029
1.22443600611e-05 -0.0122463937029 0.0162411823592
-0.00129607254931 -0.0113749205827 0.017298775728
-0.00242621346136 -0.0101466072387 0.0172339712175
-0.00304122509265 -0.00773121656394 0.0154912953881
0.00068801292767 -0.0122061421198 0.0132697778556
-0.000658041996094 -0.0124506238989 0.0154532405371
-0.00184694928557 -0.0117026204117 0.0164318505728
-0.00285458378315 -0.0105520493445 0.0164232254786
-0.00360498500004 -0.00875897517293 0.0152838339384
0.000245442123297 -0.0133753663095 0.0126753453401
-0.00107328821193 -0.0129006570514 0.0144449228153
-0.002443365427 -0.0120289671617 0.0154145578149
-0.00371035126712 -0.010799434824 0.0155962521201
-0.00488784361733 -0.00942477102116 0.0148924572113
0.000750581084976 -0.0149400666113 0.011935094482
-0.00123863459936 -0.0139050007449 0.0134075283063
-0.00319829164227 -0.0125802535456 0.0143916218741
-0.00513361300107 -0.0110618028179 0.0150022683654
-0.00702759237758 -0.0092802590647 0.0151361834962
0.0210199005504 -0.00616324763505 0.010205766867
0.020016796459 -0.00482800069431 0.0122002046051
0.0199434678573 -0.00322788441275 0.0144586782945
0.0204694948782 -0.0024566960843 0.0165593181916
0.0211242736975 -0.00235313495948 0.018529956963
0.0215291747536 -0.00225918210723 0.0205412270089
0.0222838356067 -0.002613001084 0.0225540134628
0.0229120185634 -0.00291755381126 0.0246282013936
0.0230118606956 -0.00339618451067 0.0264946279763
0.0201919417179 -0.00667089939222 0.0112752479325
0.0194178486621 -0.00536454771586 0.0131195025776
0.0193351188485 -0.00414768120428 0.0152386761383
0.0196436017266 -0.00347599344308 0.0172777704618
0.0200739400925 -0.00326449003701 0.0191849547852
0.0206090970471 -0.00339970737573 0.0210149548937
0.0211802571952 -0.00369848356488 0.0228423375794
0.0218060060845 -0.00413670636858 0.0246872790871
0.0224028904078 -0.00470637947328 0.0265260283977
0.0191495141124 -0.00712939990366 0.0121110286834
0.0185940047295 -0.00590926750724 0.0139447208075
0.0184567953686 -0.00489733969391 0.0159429978442
0.0186473952508 -0.00432593810835 0.0178844588272
0.0190535093183 -0.00423816229679 0.0196688341945
0.0195598836494 -0.00449021055196 0.0213292006765
0.0200174783485 -0.00479540086456 0.0229870266682
0.0205641061071 -0.00528004648514 0.0246320494125
0.0208862595119 -0.00564725788538 0.02631403223
0.0182516857694 -0.00748455032983 0.0129289254005
0.0177394169345 -0.0064232461063 0.0146784785939
0.0175922683858 -0.00562575561193 0.0165544269731
0.0176932525057 -0.00520612305716 0.0183537702047
0.0179986958996 -0.00522893051145 0.0199859554006
0.0183399972307 -0.00548928633466 0.0214934723841
0.0186904163332 -0.0058692967949 0.0229576688261
0.0190103934992 -0.00624371794457 0.0244456486054
0.0192567826276 -0.00654944563379 0.0259515355544
0.0174624019484 -0.00785263514616 0.0137373457674
0.0169755181302 -0.00698477223221 0.0153631874684
0.0167332368052 -0.00635922569674 0.0170630523477
0.0167437981406 -0.00612680779621 0.0186835618632
0.0167979846542 -0.00611561036309 0.0201647384078
0.0169825371795 -0.00645706192034 0.0214938456946
0.0170906228801 -0.00676784369524 0.0228037127242
0.0171933584192 -0.00709737911907 0.0241036053012
0.0172806736999 -0.00737548480603 0.0253873813448
0.0166644551474 -0.00830737648279 0.0144644160568
0.016083198663 -0.00749600996325 0.0158916752477
0.0156778318005 -0.00690218088734 0.0174289598999
0.0156128953717 -0.00689493091985 0.0188832676373
0.0154913486102 -0.00696685523274 0.0201920387132
0.0154007604429 -0.00724489538792 0.0213781709184
0.0152755933505 -0.00757684530587 0.0225022547628
0.0151063804263 -0.00787108579743 0.0235970566273
0.0149001840402 -0.00802567145743 0.0246468581899
0.0156341083246 -0.00882648773263 0.0149373609864
0.0150676878827 -0.0079190931052 0.0162570907676
0.0145635811171 -0.00732407593167 0.0176818735315
0.0143317274458 -0.00750262036683 0.0189549625753
0.0140683144315 -0.00781042228739 0.0200664443029
0.0137000620077 -0.0080761029893 0.0210945860966
0.0132541032901 -0.00834425064142 0.0220531062612
0.0127069362547 -0.00845460429269 0.0229535192452
0.0121113426123 -0.0083652228761 0.0237227560172
0.0142503135928 -0.00912026808692 0.0150325562665
0.0139790410098 -0.00836886099782 0.0164628792709
0.0134749428335 -0.00785238203548 0.0178015457921
0.0129779680286 -0.00807742398507 0.0188824979135
0.0124346626676 -0.00841289473733 0.019834828286
0.0117532242591 -0.00861548881151 0.0207163346699
0.0109281452412 -0.00870720079735 0.0215012348292
0.00997574377139 -0.00865297284665 0.0221350417001
0.00895692980094 -0.00839420106452 0.0225007654924
0.0132295338037 -0.00863868964957 0.0152677998301
0.0128144348156 -0.00857686650729 0.0165515203422
0.0122873323317 -0.00829596708838 0.0177775908259
0.0115238940631 -0.00839533543641 0.01871552148
0.0106359455054 -0.0085607431591 0.0195165504048
0.00959988633665 -0.00872793902116 0.0201947783053
0.00839769255619 -0.00889456922534 0.0207407879088
0.00702226705712 -0.00905800450374 0.0211404436828
0.00547767003124 -0.00912443271412 0.0213159229575
-0.00363789875756 0.0116474684389 0.0208387014512
-0.00143103257442 0.0108574744214 0.0215010364027
0.000841831662345 0.0105382599232 0.0228095874553
0.00261296630404 0.0105752459843 0.0247469591574
0.00368824785627 0.0104087127758 0.026768022471
0.00466999310439 0.00985136368458 0.0285644854547
0.00520887018202 0.00927459265772 0.0306023405301
0.00585565578676 0.00865033386203 0.032742555246
0.00635010904475 0.00731789186078 0.0342670451852
-0.00330167279529 0.0106859835313 0.0213087578892
-0.00125194718235 0.0100591021831 0.0220305673186
0.00074935769338 0.00973696302733 0.0232892938191
0.00228006949354 0.00963563021233 0.0250397574136
0.00334588769937 0.00936180619208 0.0268158239938
0.00417520550228 0.00888266760906 0.0285500601776
0.00475618510173 0.00830181604417 0.0303641176731
0.00514461259744 0.00765904968984 0.0322968912386
0.00545062252869 0.00684778240109 0.0342261108668
-0.00300723909429 0.00964923601313 0.0216188259362
-0.00111706844141 0.00916010309805 0.0224328522208
0.000653958216943 0.00879475602325 0.0236033761042
0.00199111048417 0.00857400172071 0.0251727510069
0.00291286915398 0.00825852585603 0.0268048312742
0.00358557014312 0.00780543123628 0.0284319512356
0.00419832118393 0.00721678954764 0.0300545613473
0.00453057301029 0.00658344008575 0.0318021512429
0.004873152099 0.00574988805963 0.0334762424025
-0.00273122390959 0.0086770773958 0.0219650057746
-0.00102619468808 0.00819940276354 0.0227511312327
0.000515891779085 0.00779056986575 0.0238468863264
0.00166406064304 0.00745262780922 0.02523070765
0.00243331118282 0.00706944016819 0.0266943500017
0.00300906637415 0.00658001592162 0.0281468596005
0.00348811163816 0.00599362297499 0.0296131373224
0.00382780681452 0.0053388544459 0.0311395549121
0.00424171357713 0.00455218637056 0.0326090255956
-0.00253186756945 0.00767117156253 0.0222894351756
-0.00103217917655 0.00720200383139 0.0230634039503
0.000301191245247 0.00671902866995 0.0240315223779
0.0012970315308 0.00625366985285 0.0251990332806
0.00192493327741 0.00577535572223 0.0264661920764
0.00240640254422 0.00521092936369 0.0277112498619
0.00277415660644 0.00456551576173 0.0289662759487
0.00307607957015 0.00384168153802 0.0302360203924
0.00349054144935 0.00303594480009 0.0314427685595
-0.00255820640629 0.00653717537224 0.0226772526603
-0.00115868912989 0.0060850300501 0.0232782884216
8.04509461704e-05 0.00552888521066 0.0240611837015
0.000895154713285 0.00495783142819 0.025058711916
0.00143405177243 0.00435250502453 0.026092308889
0.00186460380697 0.00366932861434 0.0270900566007
0.00213977206867 0.00290738498091 0.0280936160125
0.00237886447861 0.00204992899523 0.0290668503354
0.00281320993414 0.00112826057768 0.0299065909214
-0.00291658240954 0.0050121665112 0.0227944325881
-0.00124972794805 0.00484067135704 0.0232402875806
2.1116180698e-05 0.00425076032716 0.0238812664586
0.000525496441628 0.00354726097073 0.0247679233178
0.00101041019457 0.00279283715477 0.0255519059726
0.00133957433412 0.00195885958282 0.0263049956558
0.00152532464765 0.00101785975522 0.0270338222249
0.00180262470996 -4.76996696988e-05 0.0276356807121
0.00238428978935 -0.00113812385601 0.0279611232417
-0.00301761607408 0.00347559309497 0.0223047999804
-0.00149210631541 0.00347724993487 0.0230999670624
-0.000104601551869 0.00293785525031 0.0236711108724
0.000358096106223 0.00205336104274 0.024289080603
0.000548357430652 0.00110604089644 0.0248911588653
0.000779304657315 6.44162182334e-05 0.025383928938
0.00112007071132 -0.00111183143214 0.0257114365316
0.0017167346354 -0.0023744619588 0.0257228824607
0.00251724773222 -0.00353777659292 0.0252804294757
-0.00220170032566 0.00286542888144 0.0220460823018
-0.00127666075967 0.00230327743091 0.022850044456
-0.000150778811178 0.00161008865679 0.0233890379968
0.000139576405363 0.000501305770748 0.0237417557919
0.000438896030283 -0.000662466462392 0.0239760900767
0.000745863021546 -0.00194840668421 0.0240637932089
0.00120061321301 -0.00335782861322 0.0238938962367
0.00165476680961 -0.0049040105887 0.0234786851273
0.00207892595044 -0.00653527109702 0.0227614377982
0.0140609039865 0.00502583469715 0.0102991008658
0.0118200534346 0.00571907473402 0.00976240817225
0.010012150099 0.00768317698948 0.0105572078883
0.00764156642271 0.00872552947125 0.0115009311216
0.00659154420269 0.0102178245126 0.0133556337834
0.0153121484702 0.00378400205597 0.0153871401642
0.0124133803642 0.00357339101183 0.0155959879687
0.0103757245646 0.00507776217665 0.0164594417678
0.00814986654408 0.00686451469716 0.0171971227947
0.00813130664693 0.0101892019929 0.0184115522975
0.0165701035076 0.00176776885828 0.0193602308472
0.012822790976 0.001183415258 0.0200618879148
0.0103003851234 0.00248434075114 0.0210100845252
0.00844722047666 0.00500520541056 0.0219058325999
0.00853775895285 0.00937378447449 0.0229636053826
0.0170332180633 -0.000357376644395 0.0231480861615
0.0132861140044 -0.00023892997576 0.0238571250389
0.0112879919305 0.00151962321919 0.0248639590456
0.00906705516877 0.00331911346385 0.0257408255722
0.00843603686093 0.00731109907699 0.0271802078161
0.0166403627683 -0.000882675672392 0.0272458084881
0.0139800914766 -0.0003840368259 0.0270308199284
0.0120441608675 0.000783067270627 0.0275410813251
0.0105528175502 0.00218398144737 0.0287108178851
0.00981539813693 0.00413204836712 0.0305688551282
0.00875752987363 0.0143908664034 -0.0153239471874
0.00756949342464 0.0157535131489 -0.0140888883169
0.00612958613943 0.016959005384 -0.013258572151
0.00454578851302 0.0181129306585 -0.0127721009021
0.00265368656864 0.0190252234096 -0.012752255118
0.00896205112949 0.0131359944973 -0.0125723739169
0.00733967991346 0.0140980507606 -0.0115005533388
0.00592713146132 0.0153616017034 -0.0106658921763
0.00414616579034 0.016290427826 -0.0102406298128
0.00267965495654 0.0176459716366 -0.0100242926055
0.00963015474421 0.0125194146786 -0.00958429249698
0.00784469694738 0.0133423927017 -0.00884394282806
0.00623110419839 0.0143006098615 -0.00818535390433
0.00489573817745 0.0155091051242 -0.00756748904
0.00362750841396 0.0167617620652 -0.00706209383328
0.00914293763941 0.0108970722805 -0.00728996466149
0.00769745145183 0.011966731142 -0.00663507651223
0.00634698013104 0.0130188398195 -0.0060178986676
0.00503622750842 0.0139933802266 -0.00545266093932
0.0036621464797 0.0148530191054 -0.00496544170195
0.00833528238949 0.00921848360597 -0.00512171269635
0.007366886121 0.0104968206268 -0.00471826249046
0.00633531910686 0.0115664718877 -0.00420165535397
0.0050535772295 0.0122125271789 -0.00378577283199
0.00375655275311 0.0127139435642 -0.00320067697398
0.00647283290661 0.00252599646485 -0.0301250382499
-0.000882074799443 0.0051020651358 -0.0326455175077
-0.00680675988485 0.00853270042868 -0.031642285899
-0.0114189751414 0.0128069689598 -0.0282191170546
-0.0141222225725 0.0176240208201 -0.0212420596194
0.00623316116322 0.00547162672475 -0.0294177718615
-0.000250426304377 0.00717057360317 -0.030642849674
-0.00532734171581 0.0102024179227 -0.0304545920775
-0.00896127708125 0.0134115554137 -0.0269070153439
-0.0114558032379 0.0181973441029 -0.0221072954915
0.00624611975817 0.00823205113904 -0.0276092674
0.000855328242204 0.00952083578977 -0.0286579622579
-0.00333755132735 0.0119405036604 -0.0283033246251
-0.00643783578484 0.0145315305888 -0.0256100242891
-0.00837146481136 0.0187791012676 -0.0220069345562
0.00671714195444 0.0110213771444 -0.0251729432424
0.00242168066814 0.012414822843 -0.0263884837509
-0.000883804026324 0.0144916124043 -0.0262665930123
-0.0033632548686 0.0162689531665 -0.0240155007713
-0.0048095721815 0.0193135755901 -0.020894153994
0.00756768704411 0.0137355119014 -0.0219094414654
0.0044449697267 0.015621361161 -0.0237028503566
0.0019658613938 0.0171369849257 -0.0236210649111
0.000231296693909 0.0185358638774 -0.021976610591
-0.000793920677602 0.0196050781055 -0.0185723203415
0.0173151179871 0.000157639292973 -0.0184591967824
0.0161030368476 -0.000569834261522 -0.0181125134486
0.0149577585759 -0.00126976404736 -0.0177238311492
0.0141879517328 -0.00228808298161 -0.0174454987258
0.0136085913678 -0.00340430573441 -0.017142238713
0.0131021362887 -0.0044827146547 -0.0167458772601
0.0126237839922 -0.00547380297571 -0.0162376612597
0.0122028764919 -0.0064081487274 -0.0156315375243
0.0118070777138 -0.00725240486289 -0.0149177034251
0.0114101760492 -0.00798316430494 -0.0140922885893
0.0110024754855 -0.00859603475704 -0.0131582906426
0.0106501660605 -0.00915564332575 -0.0121358135072
0.0104111848387 -0.00971052540873 -0.011035690959
0.0102476780655 -0.010222771911 -0.00984690837358
0.0100645994601 -0.0106157784876 -0.00855402187425
0.00986967599855 -0.010903222002 -0.00716276708592
0.00980947768284 -0.0111938201718 -0.00569271948336
0.00968368519308 -0.0113471094793 -0.00412089468107
0.00953349589942 -0.011402801535 -0.00245609668079
0.0163241351114 0.00013634951809 -0.0203262182387
0.0150043482399 -0.000571354950753 -0.0196921890908
0.0139700236922 -0.00147208850979 -0.0191821009346
0.0133295417101 -0.00270384538294 -0.018822847386
0.0128080371882 -0.00395356451451 -0.0184138565464
0.0122886469785 -0.00508424693499 -0.017887207105
0.0117747135557 -0.00609864656656 -0.0172511379611
0.0113163394025 -0.00705374221051 -0.0165325580961
0.0108844564764 -0.00791581201124 -0.0157197849004
0.0104671500696 -0.00867224799024 -0.0148113587144
0.0100656073613 -0.00932620822453 -0.0138112748492
0.00972693291349 -0.00992938169363 -0.0127360593384
0.00948217705207 -0.0105119152491 -0.011592267612
0.00932168249117 -0.0110595779207 -0.0103739691524
0.00919138344931 -0.011517054873 -0.0090676204379
0.00904673862845 -0.0118457195274 -0.0076667547584
0.0089614701984 -0.0121162609342 -0.0061875491069
0.00887298261577 -0.0122762170865 -0.00462037242205
0.00880418499588 -0.0123501868029 -0.00297078396956
0.015367178667 9.61253234657e-05 -0.0221342989968
0.0139174241398 -0.000564682439005 -0.0211849823924
0.0129931169837 -0.001657484089 -0.020575288757
0.012434063847 -0.00304782389501 -0.0201294613697
0.0119239107744 -0.00437487874673 -0.0196025207078
0.0113882973177 -0.00554363272276 -0.01895021813
0.0108663553972 -0.00659830659935 -0.0182035950178
0.0103985157979 -0.00758842897541 -0.0173874284171
0.00995969593141 -0.00848179777859 -0.0164890303864
0.00953949872039 -0.00926510974674 -0.0155059613851
0.00914905522617 -0.00995302380713 -0.0144456457669
0.008814575109 -0.0105787433883 -0.0133191265064
0.00855889255612 -0.0111693222834 -0.0121327818735
0.00838958724265 -0.0117308595962 -0.0108858038098
0.0082841275831 -0.0122332995011 -0.00956877694037
0.00818435111897 -0.0126101419463 -0.00816633300932
0.00809107878319 -0.0128665958322 -0.00668193729496
0.0080335459519 -0.0130371821721 -0.00512421703614
0.008000004742 -0.0131123305429 -0.00349155072333
0.0143792378808 0.000109543158475 -0.0238414545113
0.0128227181951 -0.000526876837787 -0.0225840183686
0.011970074213 -0.00176108399377 -0.0218686710234
0.0114445233471 -0.00324966852773 -0.0213232581928
0.0109654370225 -0.00467272209527 -0.0207059674732
0.0104562301427 -0.00592458657556 -0.0199631180568
0.00994123739326 -0.00702815263767 -0.0191198749839
0.00947088257107 -0.00804931420079 -0.0182132894386
0.00902760677058 -0.00896293883012 -0.0172332839766
0.00860175730447 -0.00975458319792 -0.0161767861541
0.00822273593204 -0.0104669386724 -0.0150612806468
0.00789552817736 -0.0111081497361 -0.0138885265593
0.00762967329667 -0.0116922973582 -0.0126614546695
0.0074483598186 -0.0122510908334 -0.0113870387023
0.00734417792331 -0.0127707984496 -0.0100587223336
0.00726269752424 -0.013175005691 -0.00865616266312
0.00721051078747 -0.0134738014211 -0.00718345230863
0.00719742349621 -0.0136807470392 -0.00564461894125
0.00720782810122 -0.013778080393 -0.00403626838129
0.0131830349555 0.000359020416295 -0.0252767196887
0.0116936125463 -0.000427762479522 -0.023869907247
0.010914597454 -0.00179922607681 -0.0230722351536
0.0104406406182 -0.00340605781675 -0.0224599211989
0.0100091888722 -0.00494749761934 -0.0217815340717
0.00952364980003 -0.00627898933078 -0.0209577776687
0.00900391986543 -0.00740889284643 -0.0200148872857
0.00851924987252 -0.00843297841819 -0.0190128081556
0.00807123421591 -0.00935369319664 -0.0179536668264
0.00765095624016 -0.0101568702059 -0.0168324681263
0.00727745845674 -0.010875056167 -0.0156626284183
0.0069537535073 -0.0115155045897 -0.0144452359079
0.00668552599125 -0.0120896109522 -0.013182236267
0.00649946028725 -0.0126427732685 -0.0118849741318
0.00639270871962 -0.0131680932139 -0.0105475923309
0.00632115588162 -0.0135904452077 -0.00914782141547
0.00630425166159 -0.0139396067214 -0.00769415122589
0.00633495863966 -0.0142018919707 -0.00618324701514
0.00639609030413 -0.0143505255393 -0.00460939913557
0.0116866721991 0.000927716108294 -0.0262949183008
0.0105491581677 -0.000289202278125 -0.0250618309176
0.00986402229526 -0.00181992419322 -0.0242266422102
0.00946362601664 -0.00357992062741 -0.0235924718726
0.00905198953047 -0.00520995086067 -0.0228471188426
0.00856401846864 -0.0065856372264 -0.0219315640865
0.0080345093933 -0.00772780170519 -0.0208887589982
0.00753606604443 -0.00874324629439 -0.0197919686793
0.00708215962927 -0.00965652568912 -0.0186542945047
0.00667104718422 -0.0104675734801 -0.0174744449743
0.00631352706335 -0.0112009455691 -0.0162607920987
0.00599710833846 -0.0118359949297 -0.015002975487
0.00573287693958 -0.012397946492 -0.0137084904185
0.00554662237695 -0.0129415276818 -0.0123919778748
0.00543516867675 -0.0134603235338 -0.0110466353555
0.00537569357654 -0.0139061530164 -0.00965576840879
0.00537451643007 -0.0142879684302 -0.00822135387814
0.00544559575057 -0.0146263238546 -0.00674822756297
0.00554396087133 -0.0148326792806 -0.00521416650192
0.0102972809243 0.00139346633113 -0.0272919126736
0.00939796085981 -0.000121909018112 -0.026175899579
0.00883584164704 -0.00185242607357 -0.0253711409828
0.00848272302624 -0.00374499296255 -0.0247201313967
0.00804926242406 -0.00540913559173 -0.0238807327297
0.00753523468435 -0.00678815066838 -0.0228570391072
0.00700674541252 -0.00795358187942 -0.0217298582369
0.00650706248436 -0.0089712534894 -0.0205510206475
0.00605466611033 -0.00987889217443 -0.0193421697349
0.00566172393631 -0.0107099974241 -0.0181160545424
0.00532163022744 -0.0114583916069 -0.0168649823904
0.00501850531664 -0.0120920632104 -0.0155733631812
0.00476409084517 -0.012643547808 -0.0142523642684
0.00458173020573 -0.0131758357294 -0.0129201155114
0.0044688721367 -0.0136854579257 -0.0115697487326
0.00441500589521 -0.0141447830977 -0.0101890649873
0.00442033272044 -0.014549814046 -0.00877523078519
0.0044972437166 -0.0149222247648 -0.00733317425228
0.00462246878656 -0.0151981976401 -0.00584561727531
0.00896129664793 0.00181723281767 -0.0282351857139
0.00823004160098 8.39406303557e-05 -0.0272110377187
0.00779312786373 -0.00185897164421 -0.0264922235264
0.00745640868001 -0.0038552444808 -0.0258220789923
0.00699085351222 -0.00553950761036 -0.0248866733674
0.00643619505339 -0.00688705331348 -0.0237369255846
0.00590271303221 -0.00805695281143 -0.0225239084989
0.00541612321258 -0.0090982306956 -0.0212842126106
0.00498190300088 -0.0100301377514 -0.0200266614679
0.00460522149381 -0.0108766019532 -0.0187590286131
0.00428113883168 -0.0116358968666 -0.0174751108697
0.00399395753082 -0.0122698933075 -0.0161556109872
0.00375220653056 -0.0128097670274 -0.0148121233724
0.00357953542299 -0.0133384998971 -0.0134709263569
0.0034681645904 -0.0138382062085 -0.0121188905963
0.0034159007324 -0.0143022039224 -0.0107494745631
0.00342149391563 -0.0147218003735 -0.00935724539177
0.0034954226625 -0.015119724774 -0.00794703333239
0.00363004615213 -0.0154579668916 -0.0065072457571
0.00769420694865 0.00218669511872 -0.0291755468398
0.00702452135685 0.000351070491554 -0.0281481984399
0.00666726782976 -0.00175259201727 -0.0275150102678
0.00631995276291 -0.00381532037157 -0.0268216021327
0.00582130885552 -0.00550754674129 -0.0257968585945
0.00526249562112 -0.00687831047301 -0.0245716604059
0.00472792880424 -0.00805141916684 -0.0232809252916
0.00426174090924 -0.0091346743434 -0.0220015522771
0.00384869224413 -0.0101031298516 -0.0207102901537
0.00348449449072 -0.0109537613533 -0.0194020499883
0.00317098101611 -0.0117039329742 -0.0180823611054
0.00290085471296 -0.0123374586167 -0.0167405292691
0.00267772601572 -0.0128791121434 -0.0153846984537
0.00251545684415 -0.0134020552058 -0.0140382157816
0.00241191593828 -0.0139096852127 -0.012694445347
0.00236049400997 -0.0143757795233 -0.0113388668514
0.00236050946681 -0.0147930141403 -0.00996615945095
0.00242466829819 -0.0152050439197 -0.00858730175097
0.00255412695578 -0.0155947351949 -0.00719508290259
0.00647283290661 0.00252599646485 -0.0301250382499
0.00577538371552 0.000685394588087 -0.0289823088879
0.00543571106107 -0.00149789010094 -0.0283937859935
0.00507084487495 -0.00361175108452 -0.0276974499477
0.00455940280778 -0.00533928147178 -0.0266279119753
0.00400317955587 -0.00674108441687 -0.0253485353629
0.00348396077282 -0.00795357929544 -0.0240165055398
0.00303299241082 -0.00907272085691 -0.0227040748053
0.00263655966877 -0.0100731034836 -0.0213856893178
0.00228542081324 -0.0109260733129 -0.0200422910091
0.00198387517099 -0.011660309424 -0.0186887952312
0.00173209427214 -0.0122950762128 -0.0173309706676
0.00152831272593 -0.0128415914663 -0.0159691691273
0.00137718766775 -0.0133548115367 -0.0146201538145
0.00127930339404 -0.0138620762412 -0.0132860678308
0.00123103312347 -0.014347116075 -0.0119537493883
0.00122650173941 -0.0147627057182 -0.0106033948065
0.00127892947627 -0.0151876009614 -0.00925780668069
0.00139019816155 -0.0156012437371 -0.00790735335173
0.0052151228417 0.0029157066963 -0.0309871142895
0.00447621072211 0.0010939400157 -0.0297041141333
0.00410422033652 -0.00109349675146 -0.0291089331006
0.00371096474365 -0.00323080902151 -0.0284209364429
0.00320929861047 -0.00503964681063 -0.0273829704009
0.00267144105729 -0.00652088183185 -0.0261087340436
0.00216471410266 -0.0077768474394 -0.0247489847851
0.00172100466798 -0.00891367656021 -0.0233995051092
0.0013337979881 -0.00992218469142 -0.0220476185655
0.000994762893928 -0.0107588963239 -0.0206651705319
0.000710515666672 -0.0114880886825 -0.0192893980908
0.000478798368902 -0.0121356650821 -0.0179269909931
0.000293993122017 -0.0126854539078 -0.0165635634353
0.0001562603425 -0.0131930045633 -0.0152176561133
6.38320924866e-05 -0.0136887767617 -0.0138928795709
1.51028740084e-05 -0.0141780140358 -0.0125827587215
7.33078116721e-06 -0.014601814092 -0.0112610612514
4.61581965026e-05 -0.0150347301471 -0.00994965378068
0.000136644979898 -0.0154866879356 -0.00864700880875
0.0038751028329 0.00340044888256 -0.0316762972398
0.00312020454053 0.00158593457486 -0.0302953456798
0.00269897794001 -0.000570270687403 -0.0296815808185
0.00226495851472 -0.00269976533771 -0.0290043473216
0.00176211072135 -0.00457371594549 -0.0280234274801
0.00124248723178 -0.00616161549295 -0.0268120822937
0.000747817286758 -0.00747733135508 -0.0254547926402
0.000311075692017 -0.00863468019568 -0.0240800341939
-6.70110373444e-05 -0.00964480631928 -0.0226976498964
-0.000389848947897 -0.0104510806687 -0.0212723663902
-0.00065438849883 -0.011165349347 -0.019875068889
-0.000867047624589 -0.011837794252 -0.0185214565801
-0.0010329000965 -0.0124076673284 -0.0171695464035
-0.00115535584015 -0.0128997151368 -0.0158262343909
-0.00123958809678 -0.0133797726578 -0.0145125067629
-0.00128878470934 -0.0138699469023 -0.0132270166335
-0.0013015164051 -0.0143294930722 -0.0119466163844
-0.00127581474416 -0.0147469765487 -0.0106633789952
-0.00121099875504 -0.0151988649041 -0.00939851013072
0.00244837136162 0.0039852789925 -0.0321463058379
0.00172424981884 0.00213746174157 -0.0307971737359
0.0012440112519 3.30306085815e-05 -0.0301602042866
0.000758062222639 -0.00206498989698 -0.0294948392536
0.000229614851854 -0.00394465957801 -0.0285404713967
-0.000292053690806 -0.00559579307404 -0.027390151637
-0.000778788269869 -0.00697138617956 -0.0260648686114
-0.00120673802467 -0.00816714082183 -0.024697853989
-0.00157184072008 -0.00917380934037 -0.0232930593116
-0.00187173855221 -0.00999335357752 -0.0218609886092
-0.00211143999775 -0.0106885827285 -0.0204451526535
-0.00230500382698 -0.0113545949186 -0.0190915026904
-0.00245554141084 -0.0119583795689 -0.0177660590114
-0.002562784707 -0.0124691421766 -0.0164454969147
-0.00263600790697 -0.0129415667398 -0.0151491382873
-0.00268568316856 -0.0134380026744 -0.0138933499388
-0.00270524166487 -0.0139063775738 -0.0126477096712
-0.00268912793467 -0.0143142196462 -0.0113960997406
-0.00263790475089 -0.014681839201 -0.0101431988621
0.000989479894318 0.00461410535048 -0.0325205851964
0.000282610020321 0.00275220674413 -0.0312136117453
-0.000263322103787 0.000719975363641 -0.0305409116909
-0.000810253186395 -0.00131724151994 -0.0298759206577
-0.00137163849639 -0.00319364319232 -0.028973636243
-0.0019115402281 -0.00486761341191 -0.027875117579
-0.00240261048632 -0.00631852571873 -0.0266278825646
-0.00282700898999 -0.00754075101742 -0.0252752594061
-0.00317967330978 -0.008569342276 -0.0238775258696
-0.00345730604263 -0.00940274051431 -0.0224462113324
-0.0036728849887 -0.0101128520153 -0.0210368350622
-0.00384049919264 -0.0107493839465 -0.0196720288158
-0.00397127659685 -0.0113410714414 -0.0183546521492
-0.00406694805227 -0.0118778515436 -0.017066529236
-0.00412953422053 -0.0123578806515 -0.0157979336915
-0.00416890609678 -0.0128161553134 -0.0145566781107
-0.00418824142356 -0.0132632913546 -0.0133382564729
-0.00417895392456 -0.0136662147319 -0.0121232214136
-0.00413836114536 -0.0140203250689 -0.0109063949728
-0.000534126258488 0.00532462697159 -0.0326506475008
-0.00121899311359 0.00345472856012 -0.0314858520471
-0.00182837103508 0.00152821755971 -0.0307347958416
-0.00243285217803 -0.000405436061062 -0.0300404442005
-0.0030300861735 -0.0022337707022 -0.0291844032377
-0.00360065590199 -0.00394879210987 -0.0282199869773
-0.00411497918243 -0.00546429748752 -0.0270856921964
-0.00454193884443 -0.00671787207407 -0.0257774601696
-0.00489547820567 -0.00780586497003 -0.0244373282998
-0.00516046428056 -0.00868353222465 -0.0230393706812
-0.00536088370966 -0.0094333814946 -0.0216588288617
-0.00550823171157 -0.0100832275241 -0.0203085549808
-0.00561342508337 -0.0106570120452 -0.0189940589811
-0.00568980287903 -0.0111854220032 -0.0177217064665
-0.0057335166573 -0.0116512573685 -0.016471660556
-0.00575406430897 -0.0120777049516 -0.0152472852902
-0.00575876349665 -0.0124834619704 -0.0140482065986
-0.00574881274981 -0.0128725194773 -0.0128676731019
-0.00572040677765 -0.0132375071783 -0.0116959994272
-0.00210094118624 0.00611017128438 -0.0323855546252
-0.00277295104809 0.00425533659519 -0.0315375014267
-0.00342242766704 0.00245752078717 -0.0306785631663
-0.00406706864751 0.000649908171859 -0.029959479086
-0.00469922988216 -0.00110481304036 -0.0291729574271
-0.00530063310471 -0.00276880323381 -0.0282853149426
-0.00584169042832 -0.00428334525728 -0.0272572748782
-0.00628109244498 -0.0055688966054 -0.0260497291832
-0.00663565904536 -0.00668119591361 -0.024779354986
-0.00690663043336 -0.00762752636213 -0.0234722599655
-0.00710368213847 -0.00843012224644 -0.0221567728738
-0.00723446962332 -0.00910421333835 -0.0208460582609
-0.00731763593401 -0.00968672775944 -0.0195622770142
-0.00737925051532 -0.0102286966725 -0.018327395735
-0.00742195857045 -0.0107328070212 -0.0171295694391
-0.00744100225654 -0.011187786357 -0.0159528995139
-0.00744241023424 -0.0116054585326 -0.0147954901392
-0.00742825124333 -0.011990440845 -0.0136520913067
-0.00740047447824 -0.0123481668594 -0.0125181777777
-0.00363942909596 0.00689554613995 -0.0319637035296
-0.00435265100411 0.00512053248271 -0.0314208884714
-0.00500642321236 0.00345956580491 -0.0304153178986
-0.00567670281271 0.00178634364312 -0.0296929753396
-0.00633777464768 0.000144046888198 -0.0289585132497
-0.00695962870806 -0.00142096547836 -0.0281258238167
-0.00749500540052 -0.00283638183582 -0.0271259711394
-0.0079413137261 -0.00409910229547 -0.0260212152491
-0.00828984742806 -0.00519606420514 -0.0248343495598
-0.00855995824885 -0.00615714347415 -0.0236220550336
-0.00875898462504 -0.00699349384359 -0.0224016511057
-0.00888479691671 -0.00770160832452 -0.0211726946458
-0.00895544640956 -0.0083090508087 -0.0199570042531
-0.00901105984143 -0.00887755098764 -0.0187897175353
-0.00906556520962 -0.00942871049795 -0.0176694107726
-0.00911470147765 -0.00995621749454 -0.016578897091
-0.00915296193805 -0.010451929447 -0.0155041807869
-0.00917684246769 -0.0109108878219 -0.014435762182
-0.00917241679032 -0.0113119304252 -0.0133599173019
-0.00520328470674 0.00768422910406 -0.0319143905421
-0.00596490075544 0.00602803624951 -0.0312615182819
-0.00660042506724 0.00447217993426 -0.0301562291299
-0.00726118020207 0.0029521765771 -0.0293370145195
-0.00790976336451 0.00147123791281 -0.0285553106565
-0.00850548268956 6.44386851946e-05 -0.0277017027091
-0.00902858071203 -0.00124330227567 -0.0267640656347
-0.00948117734607 -0.00244910780534 -0.0257727526542
-0.00983412835745 -0.00351834478872 -0.024701972836
-0.010117210469 -0.00448041088424 -0.0236124858639
-0.0103242392102 -0.00532772427271 -0.022501915268
-0.0104849259371 -0.00609408600305 -0.0214057604611
-0.0105948288035 -0.0067752638365 -0.020315524544
-0.0106733502674 -0.00739474012784 -0.0192450610263
-0.0107238299035 -0.00795745678503 -0.0181907602507
-0.0107756082337 -0.00849922218576 -0.0171665476625
-0.0108296161634 -0.00902201952634 -0.0161622999446
-0.0108721887013 -0.009509759352 -0.0151612113237
-0.0109009729362 -0.00995940748317 -0.0141559187335
-0.00680675988485 0.00853270042868 -0.031642285899
-0.00753780607876 0.00699023310256 -0.0307456168289
-0.00821948897433 0.00552461450197 -0.029856823029
-0.00893344248785 0.00410195336702 -0.0291554490196
-0.00959050982106 0.0027347274831 -0.0283826569964
-0.0101438464833 0.00146008271954 -0.0274805440673
-0.0106169369904 0.000277821655351 -0.026525934532
-0.0110312901656 -0.000822688389023 -0.0255622797199
-0.0113865259122 -0.00184109952009 -0.024590092957
-0.0116937126263 -0.00278647234459 -0.0236221863549
-0.0119441270611 -0.0036525467926 -0.0226474488046
-0.0121407152749 -0.00444207434946 -0.0216689786446
-0.0123011904317 -0.00517125249177 -0.0207005101706
-0.0124060855357 -0.00582363888511 -0.0197240786679
-0.0124734785907 -0.00641595963709 -0.0187520058283
-0.0125203806294 -0.00696460741258 -0.0177911384423
-0.0125372325947 -0.00746133028581 -0.0168308829472
-0.012538774598 -0.00791991993711 -0.0158743071374
-0.012536553568 -0.00835078908492 -0.0149198303289
-0.0126462406075 0.0220795664676 -0.00674458024798
-0.0128577341058 0.0206106900963 -0.00642441930253
-0.0129507471816 0.0191614187095 -0.00610689285243
-0.0131844371578 0.0178972130169 -0.0056797422786
-0.0136254601671 0.0168415919914 -0.00510406324953
-0.014055694097 0.0158489912889 -0.00447189760008
-0.014412195684 0.0148825946778 -0.00381130079701
-0.0146989052982 0.0139472914488 -0.00311990433799
-0.0148752311785 0.0130219614057 -0.00242060174771
-0.0149696168355 0.0121246561578 -0.00170009507569
-0.0149878612977 0.0112595284331 -0.000956484175604
-0.0149344773278 0.0104295671644 -0.000188311965377
-0.0148140618683 0.00963756100318 0.000606348685237
-0.0146136592347 0.00887556921815 0.00141578906038
-0.0143659892877 0.00816299678193 0.00226456362874
-0.0140899049084 0.00751309942509 0.00317322939324
-0.0137517105856 0.00690577944743 0.00411462669202
-0.0133059641079 0.00630747492374 0.00503527904361
-0.0127069844482 0.00567322029705 0.00585562894305
-0.0133495010161 0.0218857000417 -0.00852547794618
-0.0134396562163 0.0202622850724 -0.00816316999882
-0.0136274427526 0.0188158225481 -0.00773635433306
-0.0140221548872 0.0175882628848 -0.0071976069538
-0.0145692930007 0.0165244626888 -0.00655224279434
-0.0150393271468 0.0154872870599 -0.00587921450226
-0.0154325335599 0.0144796498539 -0.00517869193551
-0.0157139445435 0.0134862552979 -0.00446688536149
-0.0158916686932 0.0125141459736 -0.00374312928454
-0.0159907010658 0.0115772542361 -0.00299766814285
-0.0160134562018 0.010677439506 -0.00223034177803
-0.015946952208 0.00980891484114 -0.00144985841518
-0.0158247357071 0.00898779560549 -0.000638177076139
-0.0156512431841 0.00821630246595 0.000208660041086
-0.0154368677342 0.00749992971937 0.00110008317978
-0.0151706280785 0.00683424408487 0.00203175695242
-0.0148801498098 0.00623501236174 0.0030304166406
-0.01449706461 0.00566843992543 0.0040433976675
-0.0139606050566 0.00509828718445 0.00500459914073
-0.0139284356943 0.0216167045899 -0.0102791491485
-0.0138818880269 0.0198503968759 -0.00984838585565
-0.0141727860791 0.0184152256271 -0.00932196769119
-0.0147759841865 0.0172469167581 -0.00867796697662
-0.0153821681094 0.016151658852 -0.0079843997619
-0.0158551651512 0.0150596604767 -0.00728111785943
-0.0162414356393 0.013998363572 -0.00655619101334
-0.0165434272359 0.0129708920601 -0.0058098613603
-0.0167432872918 0.0119712124393 -0.0050503581504
-0.0168441855578 0.0110025569161 -0.00427877766132
-0.0168648930952 0.0100736719119 -0.00348889988218
-0.0168027550334 0.00918383776362 -0.00268302514144
-0.0166630933544 0.00833527908647 -0.0018597595074
-0.0164901339909 0.00754481321982 -0.000995450372654
-0.0163007576455 0.00681867370238 -7.61924447786e-05
-0.0160785918027 0.00615113051466 0.000894248276019
-0.0158053144188 0.00553633818766 0.00190918078138
-0.0154527689965 0.00496462741129 0.00295225608651
-0.0149704861467 0.00441598623967 0.0039838702162
-0.0143218737925 0.0212380252086 -0.0120062574497
-0.0142244737786 0.0193989843364 -0.0114698439909
-0.0146647001738 0.0180016969037 -0.0108476082274
-0.0153859209313 0.0168393877206 -0.0101411676628
-0.0160190323792 0.0157036119589 -0.00940973881157
-0.0165208208026 0.014578729008 -0.00866611820886
-0.0169271271353 0.0134853086993 -0.00790456951971
-0.0172446804749 0.0124282135369 -0.00712467297199
-0.0174619011137 0.0114046602068 -0.00633141273453
-0.0175646187963 0.0104115368672 -0.00553180699605
-0.0175685823862 0.00945606206519 -0.00472280615345
-0.0174928593596 0.00854509859447 -0.00389852646418
-0.0173489478846 0.00768202405272 -0.00305450708812
-0.0171679471605 0.0068755654764 -0.00217602233678
-0.016982146868 0.00613409435816 -0.00124415633676
-0.0167890049661 0.00545600359607 -0.000253942019877
-0.0165563836062 0.00483228868315 0.000783669596573
-0.0162398349077 0.00425136359082 0.00184703044205
-0.0158244830612 0.00371023345372 0.00292722694334
-0.0145232287259 0.0207525943833 -0.0136874867457
-0.0145418871134 0.0189461308418 -0.0130262221438
-0.0150972241983 0.017565253217 -0.012328496807
-0.0158693099425 0.0163767921398 -0.0115796679748
-0.0165768590036 0.0152274820615 -0.010802162655
-0.0171449023349 0.0140884781567 -0.0100104809794
-0.0175758854745 0.0129678349554 -0.00920940823332
-0.0178782351567 0.0118740451845 -0.00840150143209
-0.0180731453682 0.0108176836238 -0.00758466764005
-0.018168676146 0.00980290991529 -0.0067585064798
-0.0181607063605 0.00882959357919 -0.00592568254539
-0.0180728348996 0.00790459180273 -0.00507982023344
-0.017928372109 0.00703294984544 -0.00421259039579
-0.0177283859983 0.00621355876496 -0.00332217603474
-0.017530678781 0.00545752354244 -0.00238369370663
-0.0173385334985 0.00476309373011 -0.00139032333375
-0.0171300281419 0.00412448897675 -0.000346014198733
-0.0168655674959 0.0035340571761 0.000735233242688
-0.0165126676606 0.00298679375658 0.0018395126969
-0.0145801014742 0.0201929971985 -0.0153054540059
-0.0147807275655 0.0184565500655 -0.014537488204
-0.0154506943023 0.0170916178024 -0.0137773245408
-0.0163551258763 0.0159149008054 -0.0129828246305
-0.0171360946347 0.014748695408 -0.0121630649099
-0.0177403008362 0.0135816803451 -0.0113304738177
-0.0181581338487 0.0124222774585 -0.0104952566985
-0.0184303792583 0.011292541977 -0.00965800895298
-0.0185952076991 0.0102075372784 -0.00881506544491
-0.0186627123091 0.0091709772089 -0.00796545887612
-0.0186454611261 0.00818589417209 -0.00710662693957
-0.0185528102435 0.00725353006537 -0.00623585860028
-0.0184021507709 0.00637583318619 -0.0053474188756
-0.0181943434908 0.00555115980049 -0.00443951958834
-0.0179709596595 0.0047838322899 -0.00349708727837
-0.017766452396 0.0040754234265 -0.00250476008663
-0.0175654541357 0.00342087229891 -0.00146306196744
-0.0173354247811 0.00281493870879 -0.00038019944167
-0.0170507920693 0.00225499551209 0.000736213391441
-0.0144823997332 0.0195547425526 -0.0168513902755
-0.0149244262766 0.017919767927 -0.0160096051678
-0.0158089303578 0.0166153928691 -0.0152038199811
-0.0168455926143 0.0154429787811 -0.0143755812024
-0.0176622102118 0.0142414586609 -0.0135191887391
-0.018247190763 0.0130274922951 -0.0126505585035
-0.0186248662779 0.0118259085931 -0.011780778182
-0.018856846064 0.0106642234012 -0.0109115127693
-0.0190020650871 0.00955970451349 -0.010037546928
-0.0190613644021 0.00851150485943 -0.00915805368143
-0.0190399597502 0.00751949064974 -0.00827137783922
-0.0189370192643 0.00658232074713 -0.00737681633241
-0.0187672670913 0.0057006152011 -0.00647027949054
-0.0185527328392 0.00487463955853 -0.0055450389315
-0.0183179157988 0.00410357038388 -0.00459261184293
-0.0180995494721 0.00338624935907 -0.00360018252125
-0.0179082789525 0.00271894274693 -0.00256098542068
-0.0176964192348 0.00209641522774 -0.00148567053722
-0.0174482194754 0.00151734264252 -0.000377733996146
-0.0143473610617 0.0189027136434 -0.0183359691295
-0.0149811114739 0.0173388400656 -0.0174473498986
-0.016079861879 0.0160889301121 -0.0166254519129
-0.0172383318208 0.0149122923741 -0.0157792226315
-0.018089595233 0.013675156992 -0.0148892875814
-0.0186517198024 0.012416778671 -0.013980972002
-0.0189904876352 0.0111788839136 -0.0130708664739
-0.0191686854898 0.0099885578558 -0.0121652707707
-0.0192894195757 0.0088686323822 -0.0112586653496
-0.0193552015756 0.00781479107832 -0.0103472778611
-0.0193591785188 0.00682212646517 -0.00942892536627
-0.019261780972 0.00588443189364 -0.00850741888784
-0.0190667729695 0.00500210540873 -0.00758212005201
-0.0188253154079 0.00417678190737 -0.00664339478076
-0.0185722070524 0.00340577901412 -0.00568216909406
-0.0183468257383 0.00268444807683 -0.0046873159825
-0.0181620038702 0.00200694001039 -0.00365267092649
-0.0179813007207 0.00136943838766 -0.00258377227704
-0.0177452233712 0.000772257037044 -0.00149356383693
-0.0141985625693 0.0182455544581 -0.019781306173
-0.0149666814217 0.0167197655553 -0.0188603862751
-0.0162132678111 0.0154904729483 -0.0180430672332
-0.0174514344109 0.0142927685807 -0.0171928397887
-0.0183128197811 0.0130160008926 -0.0162743410501
-0.018884810752 0.0117285760219 -0.0153276343005
-0.0192204045249 0.0104688468535 -0.014374321115
-0.0193859461172 0.00926401896671 -0.0134258768556
-0.019483962889 0.00813304776004 -0.0124833213894
-0.0195506632031 0.00707446600473 -0.0115410565097
-0.0195801448738 0.00608077279674 -0.0105943593742
-0.0195248384306 0.00514511798672 -0.00964379801103
-0.0193019483001 0.00426628939951 -0.00869759934927
-0.0190257292101 0.00344655350008 -0.00774410143546
-0.0187381022963 0.00268071673148 -0.00677523241317
-0.0184925234638 0.00196015332319 -0.00578004412806
-0.0183050912108 0.0012764119377 -0.00475253568356
-0.0181426365097 0.00062613943253 -0.00369565885388
-0.0179258350498 1.43347139843e-05 -0.00262210724656
-0.0141222225725 0.0176240208201 -0.0212420596194
-0.0148678565525 0.0160545088711 -0.0202564275034
-0.0161688951751 0.0148063673824 -0.0194471238533
-0.0174238002783 0.0135695532136 -0.0185986094645
-0.0183270855119 0.0122686934497 -0.017664344142
-0.018920707185 0.0109599709799 -0.016685463158
-0.0192723281856 0.00968703458754 -0.0156923213171
-0.0194621578168 0.00847746916942 -0.0147026823897
-0.0195758117864 0.00734346318604 -0.0137228428275
-0.0196306434599 0.00628156618805 -0.0127495625796
-0.0196540496496 0.00528668228431 -0.0117784323301
-0.0196021326714 0.0043532017908 -0.0108062419704
-0.0193921841026 0.00348340129531 -0.00983565221552
-0.0191036491776 0.00267522163163 -0.00886336246203
-0.0187997101617 0.0019203034716 -0.00788274267004
-0.0185310441349 0.00120693867932 -0.00688602560882
-0.0183306904369 0.000523138243025 -0.00586658684665
-0.0181645971766 -0.000133347102117 -0.00482540221553
-0.0179707877355 -0.00075632518465 -0.00376877439337
-0.013857852367 0.0169006280364 -0.0226527966341
-0.0146195880598 0.0153141943078 -0.0216210370888
-0.0159139307381 0.0140290412548 -0.0208183583674
-0.0171527321839 0.0127508202869 -0.0199760887226
-0.018103513386 0.0114329229308 -0.019042510926
-0.0187571173608 0.0101150634008 -0.0180476112203
-0.0191560182367 0.00883658232111 -0.017024208638
-0.0193816049116 0.00762501421289 -0.015998723631
-0.0195251817782 0.00649047938978 -0.0149852436045
-0.0195741578828 0.00542964090333 -0.0139799400859
-0.0195560160848 0.00443930367851 -0.0129822885141
-0.0194588353871 0.00351631729871 -0.0119887486201
-0.0192745610561 0.0026590429975 -0.0109971359179
-0.0190135561958 0.00186446908349 -0.0100058558311
-0.0187243484582 0.00112270035455 -0.00901206246932
-0.0184489550486 0.000421232452607 -0.00801132454714
-0.0182392049409 -0.000256656380934 -0.00699832572434
-0.0180976032493 -0.000919174436822 -0.00597016137339
-0.0179145576376 -0.00154706002841 -0.00493144441274
-0.0135751250121 0.0161625627817 -0.0240922269924
-0.0142270649411 0.014502765432 -0.0229511950679
-0.0154755557667 0.0131731869344 -0.0221498665667
-0.016724942464 0.0118668997097 -0.0213341485673
-0.0176970875407 0.0105273601984 -0.0204082092833
-0.0183971785349 0.00919866463647 -0.019408009864
-0.0188637687314 0.00791707492947 -0.0183691229054
-0.0191318456869 0.00670468214602 -0.0173150160786
-0.0193016708783 0.00557096414201 -0.0162716335434
-0.0193671751092 0.00451482082652 -0.0152366122551
-0.0193218201781 0.00353621224531 -0.014208279638
-0.0191868077042 0.00263199741366 -0.0131878976188
-0.019002661885 0.00179310538015 -0.012176180844
-0.0187831783573 0.00101168962014 -0.011169886629
-0.0185238977472 0.000283443360328 -0.0101650298193
-0.0182581977169 -0.000403796838463 -0.00915958997479
-0.01802964063 -0.00106659140364 -0.00815109601675
-0.0178778658707 -0.00172214839171 -0.00713688386444
-0.0177365873731 -0.00235751991154 -0.00611495596013
-0.0132360472275 0.0153892833454 -0.0255792629616
-0.0137749283942 0.0136536567072 -0.0242958012119
-0.0149253966683 0.0122633831573 -0.0234670029777
-0.0161386886431 0.010918443126 -0.0226701982086
-0.0171268335902 0.0095575232195 -0.0217635643655
-0.0178515042474 0.00821553579409 -0.0207638547065
-0.0183657575776 0.00692874756974 -0.0197177762091
-0.0186795357585 0.00571696454876 -0.0186445776816
-0.0188731727712 0.0045873534647 -0.0175755309838
-0.0189496722159 0.00354109988406 -0.0165123463727
-0.0189095794412 0.00257888438253 -0.0154554898609
-0.018771514008 0.00169724703721 -0.0144078613244
-0.0185975275516 0.000880002292993 -0.0133761225567
-0.0184161166152 0.000113206782711 -0.0123582491555
-0.0181963033385 -0.000601707082791 -0.0113455460258
-0.0179506932473 -0.00127261498042 -0.0103359460047
-0.0177103144262 -0.00191350804264 -0.00932874005443
-0.0174960415446 -0.00253599956584 -0.00832220409305
-0.0172988113545 -0.00314096590831 -0.00731365226474
-0.0125458463883 0.0144386240948 -0.0268995031005
-0.0132296771381 0.0127503168138 -0.0256628889022
-0.0142620099133 0.0112967292638 -0.0247799986078
-0.0154114857517 0.00990934998622 -0.0239924942259
-0.0164042415453 0.00852482082841 -0.0231143424293
-0.0171753047288 0.00716870255636 -0.0221371384438
-0.0177209418313 0.0058733088123 -0.0210875855482
-0.0180429284172 0.00466392695999 -0.0199888763249
-0.0182410349113 0.00354411258155 -0.0188916159832
-0.018327550699 0.00251357296898 -0.0178014228259
-0.0183025704983 0.00157239360849 -0.0167184849415
-0.0182019482495 0.000710523989052 -0.0156509922436
-0.0180689722708 -8.8927635084e-05 -0.0146045905707
-0.0179127700546 -0.000835608799022 -0.0135750627226
-0.0177284190099 -0.00153379970818 -0.0125562564539
-0.0175159143725 -0.00218800073867 -0.0115441428642
-0.0172780694151 -0.0028028478592 -0.0105358811582
-0.0170268455736 -0.00338599998928 -0.00953025220257
-0.0167692895542 -0.00394279039903 -0.00852571746855
-0.0114671236976 0.0132985979022 -0.0278907749072
-0.0124950220673 0.0117573533393 -0.0269914583482
-0.01342126942 0.0102564052169 -0.0260496027939
-0.0144896529014 0.00883257826632 -0.0252649305693
-0.0154818673171 0.00742675510609 -0.0244329815765
-0.0162904753521 0.00605496837969 -0.0234965122589
-0.0168626530471 0.00475257465319 -0.0224542070059
-0.0171964582614 0.00355069793967 -0.0213354368563
-0.0174038514425 0.00244637236991 -0.020213150864
-0.0175281346751 0.00143027206376 -0.0191077129513
-0.0175685032576 0.000499513807378 -0.0180161035921
-0.0175178013902 -0.000345963598021 -0.0169338426926
-0.0174076091116 -0.00111995644704 -0.015868735295
-0.0172623071943 -0.0018365440179 -0.0148231459692
-0.0170903598575 -0.0025044334344 -0.0137938619163
-0.0168950631648 -0.00312962095219 -0.0127767096018
-0.0166743433396 -0.00371476886416 -0.0117671237601
-0.016439562883 -0.0042679419632 -0.0107637028148
-0.0161933760999 -0.00479253960845 -0.00976365104318
-0.0101413219877 0.0120405838713 -0.0285141057923
-0.0115522837948 0.0106727496951 -0.028239411585
-0.0123485656742 0.00913855497364 -0.0271981997591
-0.0133133705109 0.00769420568337 -0.0264047345509
-0.0142516994765 0.00627783224934 -0.0256075734071
-0.0150545185511 0.00490221078571 -0.0247175860698
-0.0156445456141 0.00360524559211 -0.0237039854934
-0.0160453601518 0.00241005618087 -0.0226152649754
-0.0163131669005 0.00131620954243 -0.0215046233301
-0.0164985808763 0.000310337041376 -0.0204052559098
-0.0166038663181 -0.000610554779522 -0.0193165010411
-0.0165878363142 -0.00143005818981 -0.0182195492557
-0.0164795098224 -0.0021601632134 -0.0171289360712
-0.0163355752115 -0.00283054093138 -0.0160636916501
-0.0161814132818 -0.0034594481272 -0.0150257309693
-0.0160312097445 -0.00405987402766 -0.0140117468138
-0.015875180408 -0.00463095621212 -0.0130120673395
-0.0157025895737 -0.00516937862385 -0.0120189419026
-0.0155192930862 -0.00567985834206 -0.0110297486316
-0.00899456282369 0.0108626846836 -0.0293059903776
-0.0103967222704 0.00950265511063 -0.0293450336381
-0.0110766735233 0.00796452914912 -0.0281901206545
-0.0119099665409 0.0065217850629 -0.0273558571399
-0.0127237796911 0.00512051735597 -0.0265422637886
-0.0134382922948 0.00377346933191 -0.025659450484
-0.0140105153763 0.00250777355581 -0.0246862552681
-0.014462350582 0.00133224239326 -0.0236640823725
-0.0148149011609 0.000246282111889 -0.0226209226262
-0.0150695111732 -0.000747487409469 -0.0215630611499
-0.0152374323817 -0.00165290995249 -0.0205011917498
-0.0152795008279 -0.00244793115906 -0.0194157497449
-0.0152313883319 -0.00315028557813 -0.0183311923356
-0.0151407430765 -0.00378964119834 -0.0172695115766
-0.0150467231959 -0.00439429906287 -0.0162411743317
-0.0149570472573 -0.00497399941474 -0.0152401050309
-0.0148727468548 -0.00553307122206 -0.0142582107831
-0.0147876687636 -0.00606969594226 -0.0132862768196
-0.0146907628925 -0.0065773189012 -0.0123154533221
-0.00798576080967 0.00974087178801 -0.0305045304448
-0.00902987500486 0.00826187837252 -0.0301896454852
-0.00972322898087 0.0067563612345 -0.0291345936562
-0.0104333041777 0.00533039541668 -0.028236308016
-0.0110933862725 0.00396943580031 -0.0273394364016
-0.0116805083858 0.00268085123619 -0.0264113579935
-0.0121817714201 0.00147499322578 -0.0254448387022
-0.01264028054 0.000334064355376 -0.0244938751666
-0.0130474074976 -0.000740191107651 -0.0235443755614
-0.0133468702021 -0.00171350271595 -0.0225471831328
-0.0135617377454 -0.00259589972105 -0.0215313920068
-0.0136896611463 -0.00338429181067 -0.0204997592319
-0.0137668679683 -0.00410377758321 -0.0194787624592
-0.0137990494639 -0.00476036788182 -0.0184686822243
-0.0138068151275 -0.005371368347 -0.0174766541545
-0.0137962704267 -0.00594355686064 -0.0164995838304
-0.0137783558516 -0.00648696372796 -0.015535906933
-0.0137440094525 -0.00699540296355 -0.0145754870885
-0.0136998372661 -0.00747400582485 -0.0136151931278
-0.00680675988485 0.00853270042868 -0.031642285899
-0.00753780607876 0.00699023310256 -0.0307456168289
-0.00821948897433 0.00552461450197 -0.029856823029
-0.00893344248785 0.00410195336702 -0.0291554490196
-0.00959050982106 0.0027347274831 -0.0283826569964
-0.0101438464833 0.00146008271954 -0.0274805440673
-0.0106169369904 0.000277821655351 -0.026525934532
-0.0110312901656 -0.000822688389023 -0.0255622797199
-0.0113865259122 -0.00184109952009 -0.024590092957
-0.0116937126263 -0.00278647234459 -0.0236221863549
-0.0119441270611 -0.0036525467926 -0.0226474488046
-0.0121407152749 -0.00444207434946 -0.0216689786446
-0.0123011904317 -0.00517125249177 -0.0207005101706
-0.0124060855357 -0.00582363888511 -0.0197240786679
-0.0124734785907 -0.00641595963709 -0.0187520058283
-0.0125203806294 -0.00696460741258 -0.0177911384423
-0.0125372325947 -0.00746133028581 -0.0168308829472
-0.012538774598 -0.00791991993711 -0.0158743071374
-0.012536553568 -0.00835078908492 -0.0149198303289
0.00294566511773 -0.016880493032 0.00604199516671
0.00106975903019 -0.0161760217018 0.00787054214389
-0.00066920749684 -0.0151280421842 0.00946100646318
-0.00236247833264 -0.0138789566942 0.0107188219278
-0.00407260265101 -0.0125393791411 0.0116471129105
-0.00594965896087 -0.0113171988239 0.0122908705583
-0.00788213100798 -0.0100190349635 0.0126156243772
-0.00971277841526 -0.00846366052477 0.0126004443961
-0.0113653402475 -0.00664551709911 0.0123123121879
0.00301857422863 -0.0166321938051 0.00513660581248
0.00102799152153 -0.0159593088872 0.00699527783974
-0.000825534147494 -0.0149156978543 0.00854195974511
-0.00264534432108 -0.0137201669421 0.009731555195
-0.00448566695734 -0.0124824206687 0.0106056377482
-0.00633475786224 -0.0111631882948 0.011174546999
-0.00817337261922 -0.00971572303095 0.0114250817301
-0.00994109489009 -0.00807293079325 0.0113355491625
-0.0115581541968 -0.00621028052346 0.0109240922496
0.00306081061154 -0.016430648335 0.00419109702825
0.000927569780989 -0.015796913207 0.00605081504852
-0.00108195691841 -0.0148240015504 0.007555429068
-0.00302933029305 -0.0136855652134 0.00869677679437
-0.0049527458453 -0.0124705549844 0.00952473162012
-0.00683284981383 -0.0111156728301 0.0100374264741
-0.00864670956495 -0.00957394157906 0.0102158843652
-0.0103827229377 -0.00783962800446 0.0100555475806
-0.0119562138909 -0.00587196924996 0.00954394457167
0.00305860512169 -0.01628269423 0.00319471907214
0.000762782044352 -0.0157182809573 0.00504279590483
-0.00141229947193 -0.0148542962952 0.00652631748881
-0.00349436009113 -0.0137914422211 0.0076516101995
-0.00549687568108 -0.0125659793005 0.00844640435925
-0.00743111850674 -0.0111771297323 0.00892702106393
-0.00928193713949 -0.00957347353769 0.00907162173655
-0.011015464708 -0.00771781385923 0.00885301234637
-0.0125686939884 -0.00559787692336 0.00825935102873
0.00300865672987 -0.0161818372348 0.00214217144431
0.000541321944469 -0.0157250755946 0.00397812350124
-0.00180138256259 -0.0150035292832 0.00546716326506
-0.00401404701693 -0.0140042493448 0.00659869591663
-0.00610935469347 -0.0127681269091 0.00738579345593
-0.00812742230091 -0.011352812196 0.00786935423766
-0.0100243088862 -0.00964757920056 0.00799092330599
-0.011739974638 -0.00761235591016 0.00770878010595
-0.0132754316462 -0.00530678915461 0.00705631479287
0.00287329068722 -0.0162737892124 0.00103436387587
0.000272931612516 -0.0157991412989 0.00285793960653
-0.00223877036302 -0.015248536412 0.00437473215872
-0.00457962629366 -0.0142957917021 0.0055247029693
-0.00676736060195 -0.0130228481173 0.00631214658346
-0.00885943917861 -0.0115355609677 0.00679387400804
-0.0108090229513 -0.00971613340496 0.00690836283549
-0.0124840151061 -0.00746589885914 0.006564006994
-0.0140456966074 -0.00498994794959 0.00590655095903
0.00268724268208 -0.0164429113148 -0.00012235192997
-4.6942805239e-05 -0.0159670437809 0.00168899253274
-0.00271226606907 -0.0155340565859 0.00322861688299
-0.00518178338392 -0.0146176922492 0.00439978863275
-0.00743929100152 -0.013248451966 0.00517158798988
-0.00958995251696 -0.0116586569935 0.00564385216054
-0.0115850485721 -0.00971915641519 0.00576081972104
-0.0132331968197 -0.00727016417475 0.00539650794094
-0.0148484154532 -0.00463798188404 0.00477784702256
0.00245915129535 -0.0166341587203 -0.00133609781057
-0.000397430620984 -0.0161545463221 0.000458323403612
-0.00320007431839 -0.0157819412981 0.0020029595847
-0.00578557833807 -0.0148704979749 0.00318020624072
-0.00809911744278 -0.0133976703139 0.00394322121215
-0.010307027444 -0.0117108003025 0.00441763969385
-0.012332069169 -0.00963802711928 0.00454117078271
-0.0139496748593 -0.00699210154639 0.00419285227739
-0.0156239592835 -0.0042151574495 0.00363512765685
0.00220336703426 -0.0167758916421 -0.0026233982316
-0.00074381977648 -0.0162682206576 -0.000849067398154
-0.00367241132722 -0.0159439846185 0.000695244374052
-0.00635841635461 -0.015018387036 0.00187266849571
-0.00871298603832 -0.0134463431784 0.00264723375246
-0.010991896243 -0.0116861268401 0.00314403704569
-0.0130158781289 -0.00944372087681 0.00327786658265
-0.01459534107 -0.00658881116302 0.00298174341938
-0.0163955780511 -0.0037178918644 0.00250951015752
