0.0117025657233 -0.0104249813142 0.0135764911917
-0.00412904634081 0.000287969542307 0.0203160498079
0.0190282313559 -0.000163770740037 -0.0166876195671
-0.0119963319996 0.0213210057665 -0.00542579519265
0.0217173229875 0.00821239435535 0.0124494131673
0.0093266263184 0.0170907238676 0.017222214513
0.0229077946547 0.00668500139778 0.0160907823253
0.00957777976713 0.0161086485309 0.0216184027693
0.0236747170172 0.00523179816372 0.0198641826481
0.00998867013311 0.0148433219616 0.0253247681955
0.0235121379723 0.00439142809758 0.0231143518569
0.0107176145472 0.0134074913128 0.0283968839683
0.0241292543714 0.00316725216678 0.0256317808208
0.0111014483219 0.0121463958777 0.0305162631518
0.0278914275877 0.00330627895275 0.0297962958921
0.0132700765253 0.0151301374233 0.0362805806624
0.0221348002819 -0.000367821683137 0.0382839901278
0.0147005624949 0.00506305387571 0.0419732888169
0.02053508996 0.000484329389844 0.0413226596247
0.0172457746674 0.00286871292463 0.0428293647791
-0.00508923951252 0.0119410478176 -0.0330996322492
0.0208976147053 0.0028277877777 -0.0130243146579
-0.0089058066665 0.023335690296 -0.00199239222171
0.0204542687639 0.00895798700723 0.0120006212166
0.0218941127124 0.00812390154561 0.0116097992407
0.0227726162504 0.00777824263066 0.0126870287992
0.0209335790346 0.00843131255707 0.0140000583628
0.00992641252852 0.0164972990033 0.0162730615436
0.00869072157036 0.0178038483958 0.0166365860302
0.0087996121574 0.0179909192134 0.0182748266381
0.0103664831042 0.0158211204616 0.018108139431
0.0212811633372 0.00756059201018 0.015713030154
0.021661984558 0.00695238263747 0.0175963033025
0.024066644521 0.00623361018596 0.0164178478974
0.0229366478666 0.00711241495213 0.0146492853161
0.0102895729345 0.015345734172 0.0203060421417
0.0104588113704 0.0148422231727 0.0221938249277
0.0088128907045 0.0168820738154 0.0227088082989
0.00852647973624 0.0172620931591 0.0207635455062
0.0219655969225 0.00605664594957 0.0193225554989
0.0222074919043 0.00547204964329 0.0209301151978
0.0246549204874 0.00492434286887 0.0204284140264
0.0237149601735 0.00521991555122 0.0185632601678
0.0105354081482 0.0143267685999 0.0240922025234
0.0107025709887 0.0135884987433 0.0256878636295
0.00966392863129 0.0154676613699 0.0264563833216
0.00901356746376 0.0155704826097 0.0245660214333
0.0226778162225 0.00461210470218 0.023530871657
0.024197896988 0.00404489945945 0.0227117205052
0.011387630589 0.0125508268533 0.0282400392356
0.0102503840854 0.0144278493058 0.028441374246
0.0229531875931 0.00351876767433 0.0259603027122
0.0249859467857 0.00312894798229 0.0254846464952
0.011694644784 0.011353815252 0.0303490559652
0.010588337002 0.013226172092 0.0309687330166
0.0205948523278 -0.0028670981823 0.0338811583499
0.0102193823244 0.00405283782628 0.0380334641224
0.0195127528028 -0.00408215331479 0.0352754821659
0.0100546488126 0.00251819875439 0.0388536467452
0.019358861203 -0.00218189902083 0.0374315540626
0.0129821862089 0.00218738639694 0.0399481878847
0.0205597212952 0.00652354278765 0.0103713676731
0.0224538264583 0.00410016383296 0.0136240167518
0.0233102634707 0.00284937486731 0.0169876920888
0.0233541027462 0.00166128970572 0.0210034672803
0.0234599241778 0.000798469343598 0.0233162571143
0.0233286552412 -0.000874701368966 0.026600651074
0.00657534738639 0.0162656050154 0.0159294089303
0.00604903037414 0.0159396135882 0.0202933517853
0.00645479455808 0.0147332405088 0.0237964084124
0.00752417799503 0.0129675563596 0.0270437909016
0.0078247706268 0.0117187089614 0.0294421484201
0.00870682243231 0.0102739011491 0.0322960719048
0.0158327905315 0.00907329961923 -0.00618639591601
0.00145547063541 0.0192873041957 -0.000846462083977
0.0183585193684 0.00609804638772 -0.0180029568007
-0.00758152352946 0.0242797908069 -0.00922249235753
0.0222392974472 -0.00241729250262 -0.0119143148355
-0.0129305661059 0.0217012352949 0.00272350582631
0.0167862183332 0.00271590360225 -0.00901605778703
-0.0078495267639 0.0183669409384 -0.00119122977361
0.000627581621483 -0.0153010844753 0.00887372981251
0.00201837842322 -0.0161448433265 0.00816463578113
0.00308042406896 -0.0169143383287 0.00717066832592
0.00412596513652 -0.0174851526332 0.00630244400899
0.00518519417667 -0.0178495111442 0.00558506973158
0.00624676970895 -0.0180129309018 0.00498837199596
0.00732685384808 -0.0179719153552 0.00451935252314
0.00845719742108 -0.0177168799483 0.00426795859955
0.00959524957544 -0.0172588405057 0.00423641403951
0.010697198407 -0.0166100348011 0.00435689124327
0.010697198407 -0.0166100348011 0.00435689124327
0.012295091299 -0.0159233661651 0.00476122373764
0.0135302662699 -0.0152167110537 0.00546228215133
0.0143726999843 -0.0145218600069 0.00632558714311
0.0147339952912 -0.0138979998607 0.00734056249906
0.0146980017433 -0.0133027412446 0.0084143203449
0.014559625425 -0.0125407819282 0.00953390905433
0.0141309793947 -0.0117197943464 0.0108072283609
0.0130844561407 -0.0110776444722 0.0121557632222
0.0117025665522 -0.0104249804563 0.01357649104
0.0117025665522 -0.0104249804563 0.01357649104
0.0103403778155 -0.00905967273065 0.0136165600832
0.00918293127218 -0.00782412453052 0.0136549086276
0.00806797880175 -0.00686002118089 0.0135777997067
0.00698346828274 -0.00622476895371 0.0133283361924
0.00597336725834 -0.00578889624662 0.0130236746235
0.00499476560178 -0.00560275032496 0.0126109189407
0.00404416371561 -0.00571271782554 0.0120443676172
0.00323032454097 -0.00621567148215 0.0112670140405
0.00256222804604 -0.00699531428753 0.010391663777
-0.00870934789194 -0.00894112356655 0.0125872470569
-0.0101813434044 -0.007721398537 0.0130513671082
-0.0116019701886 -0.00669429864171 0.0130607599016
-0.012771265752 -0.00565238258224 0.0130192020038
-0.0136706002081 -0.00455803521762 0.0129954483449
-0.0142808462322 -0.0033937289531 0.0130963537108
-0.0145936928824 -0.00217745444055 0.0133723790011
-0.0146114849082 -0.000938320497861 0.0137981884056
-0.0143472997392 0.000314137677246 0.0143077147901
-0.0138291817507 0.00160900403346 0.0148357992784
-0.0138291817507 0.00160900403346 0.0148357992784
-0.0131376566832 0.00280672567363 0.015581373381
-0.0122390047152 0.00352557470057 0.0164565362042
-0.0112759546768 0.00394658857748 0.017237637653
-0.0102314121791 0.00395289485494 0.0179040750467
-0.00914969421944 0.00379801451285 0.0185141528438
-0.00797676943828 0.00349060438311 0.0191342107239
-0.00670359526129 0.00282387458083 0.0196772941475
-0.00537730535988 0.00176135702513 0.0200915790691
-0.00412904683815 0.000287969027577 0.0203160498989
-0.00412904683815 0.000287969027577 0.0203160498989
-0.00287439860737 -0.000190191985723 0.0193938975702
-0.00173951759013 -0.000615035606165 0.0185583698991
-0.000874718723624 -0.00108306182754 0.0176865172858
-0.00028884952314 -0.0015800636676 0.0167793689325
0.000215748686728 -0.00207666574969 0.0159457244509
0.000718284288956 -0.00264340444564 0.0151230860909
0.000617859688577 -0.00325490988046 0.0141017829239
0.000175167835658 -0.00384469951851 0.0130817955802
-0.000660062888565 -0.00428378836109 0.0122777698176
0.0278914275877 0.00330627895275 0.0297962958921
0.0274879473285 0.00330782649704 0.0293913441114
0.026855976306 0.00318222111949 0.0290293794155
0.026178148315 0.00272018139728 0.0288103621696
0.0255819655111 0.00233694758371 0.0285707579552
0.0249841185614 0.00207272385827 0.0282879332084
0.0243586032748 0.00187535827462 0.0279817208418
0.023681506859 0.00179925342839 0.0276277997607
0.0230668977383 0.00153766115022 0.0273617856122
0.0224964734829 0.00108334607904 0.0271854058339
0.0278914275877 0.00330627895275 0.0297962958921
0.0278833210651 0.0028206898394 0.0301047981382
0.0276346156296 0.00219726528301 0.0303855282254
0.0272188876581 0.00158909678329 0.030476855235
0.0268093769187 0.00102084635548 0.0305334825704
0.0263564062518 0.000448012847575 0.0305652544115
0.0258386794501 -0.000137861815188 0.0305561360558
0.0252263435526 -0.000696608662845 0.0304335159351
0.0245432270594 -0.00125337546496 0.0302524600201
0.023790254148 -0.00181421033676 0.0300182569941
0.0278914275877 0.00330627895275 0.0297962958921
0.0277713268201 0.00305846777622 0.0301659148043
0.027275610784 0.00253301540692 0.0304846553178
0.0267246326575 0.0020125211536 0.0306035388011
0.0261890059501 0.00153182140175 0.030697433846
0.0256132681619 0.00104434712923 0.0307690187193
0.0249832038277 0.000526919051062 0.0308696824545
0.0242856176802 -2.70935338085e-05 0.0309493359106
0.0235321395925 -0.000561016788854 0.0308031416687
0.0227314215743 -0.00107894137004 0.0305392947347
0.0278914275877 0.00330627895275 0.0297962958921
0.0275589419863 0.00323141809771 0.0302874203242
0.0266571994466 0.00272754284572 0.0305161542337
0.0259916165049 0.00237020802328 0.0306812456464
0.025360476085 0.00200289737849 0.0308399127265
0.0247120698258 0.00160337599242 0.0309444293087
0.0240423750384 0.00117186823224 0.030929420488
0.0233729761699 0.000690981315847 0.0307363781608
0.0227444419054 0.000101506706322 0.0303608056753
0.0220053580629 -0.000353376813025 0.0301968033165
0.0132700765253 0.0151301374233 0.0362805806624
0.0129663696243 0.0148414339218 0.0355090218166
0.0123572056255 0.0141234881987 0.0348983965471
0.0118628179116 0.0134165546422 0.0343963357095
0.0114721120624 0.0126897708139 0.0340214988222
0.0111487828525 0.011981940428 0.0336787724859
0.0107573318979 0.0114440539313 0.0330578170475
0.0104429793496 0.0108488136639 0.032588894001
0.0102335052891 0.0101482907483 0.0323293071179
0.0100751867061 0.00934069445307 0.0321914346538
0.0132700765253 0.0151301374233 0.0362805806624
0.0128942669255 0.0146400837101 0.0366569570874
0.0123625617758 0.0139699031131 0.0368477387233
0.0118509881839 0.0133079443424 0.03698414551
0.0112988265046 0.0125822186599 0.0369619395359
0.0107082217509 0.0118039823186 0.0368639817306
0.0100749072497 0.0109670353592 0.036666043945
0.00939266938358 0.0100705782245 0.0363827851597
0.00868788598981 0.00911857206053 0.0359382872775
0.00792145030508 0.00810846026707 0.0354396080031
0.0132700765253 0.0151301374233 0.0362805806624
0.0131171215562 0.0144466225993 0.0365130059981
0.0127784131505 0.0136687694034 0.036610021355
0.0124261214274 0.012922609184 0.0366290984446
0.0120636665591 0.0121608678646 0.0366575598955
0.0116477160862 0.0113550421281 0.0366888149862
0.0111404435639 0.0105244142505 0.0366305480792
0.0105410867418 0.0097001177288 0.0364006194184
0.00987948463239 0.00886797249725 0.0360686438557
0.00916421592494 0.00802251635349 0.0356385229621
0.0132700765253 0.0151301374233 0.0362805806624
0.0132128134117 0.0142733162661 0.0363979411922
0.0129727754142 0.0133871702401 0.0363986377895
0.0128132666725 0.0125625340659 0.0363976373269
0.0126031923859 0.0117286012565 0.0363614972092
0.0123266467302 0.0108914784463 0.0362769484026
0.0119713163846 0.0100655621173 0.0361225534375
0.0114743499904 0.00935950673816 0.0356881356102
0.0110241010636 0.00856031988191 0.0354119453998
0.0104982258754 0.00774044219731 0.0351414691105
0.000783907729982 -0.0180562286024 -0.000374440021855
0.00244716863328 -0.0182029893559 -0.000360543937293
0.00405198240833 -0.0182979734046 -0.000321229494992
0.00560619422614 -0.018277134942 -0.000237753031958
0.00711554754999 -0.0182096467549 -0.000136175564784
0.00858898320316 -0.0180481025392 -9.94199755377e-06
0.0100127787363 -0.0177117395871 0.000176475546047
0.0113815365613 -0.0172324696589 0.000418595477321
0.0127319069147 -0.0166746534871 0.000659467354076
0.0139461820361 -0.0159181571976 0.00105986063643
0.0139461820361 -0.0159181571976 0.00105986063643
0.0149239189205 -0.0153918507544 0.00166758269876
0.0157919145917 -0.0148050308371 0.00243980689656
0.0166093560284 -0.0142229227184 0.00327248438296
0.0173141356121 -0.0136553281485 0.00419303927805
0.0178791297628 -0.0130985621395 0.00521357195013
0.0185741894991 -0.0125359419821 0.00618505052088
0.0193233322058 -0.011968881919 0.00715813179741
0.0200133556109 -0.0113754437243 0.00821348426642
0.0209319982162 -0.0109136010249 0.00908269838125
0.0209319982162 -0.0109136010249 0.00908269838125
0.0217380975832 -0.00991864617613 0.00910407360306
0.0227581570202 -0.00937664204163 0.00851747514378
0.023521709616 -0.00906453773376 0.00775559781022
0.0240481443377 -0.00882393170786 0.00691505413449
0.0243929804881 -0.00864520759155 0.00597337548003
0.0246095554821 -0.00846450859229 0.00492832319439
0.0247018578626 -0.00830240481108 0.00375865718017
0.0246661421687 -0.00811431051698 0.00246292246981
0.0244563990053 -0.00796245290258 0.00102801059801
0.0244563990053 -0.00796245290258 0.00102801059801
0.0242003058686 -0.00774837440217 -0.00112509509748
0.0238733137154 -0.00773728759491 -0.00329024955291
0.0234412267829 -0.00764814534563 -0.00544766269413
0.022906556057 -0.0073786567508 -0.00758455406952
0.0222670097207 -0.00681624829067 -0.0096723152927
0.0214721542805 -0.00577241078503 -0.0116425798122
0.020501136502 -0.00441490772226 -0.0135257771664
0.0194511420009 -0.00305466323019 -0.0154336680903
0.0185492682185 -0.00185703874232 -0.0174734715094
-0.0155062340533 -0.00584924584766 0.00709046090248
-0.0158411947195 -0.00454058689113 0.00781490120895
-0.0161348311491 -0.00330884011136 0.0085073793904
-0.0165468817131 -0.00218332731948 0.00917425622393
-0.0167767094701 -0.00107964979939 0.00980943784543
-0.0168752656489 -1.62519964192e-05 0.010413149121
-0.0168850491722 0.00100053109152 0.0109867703601
-0.0167948089272 0.00197299966579 0.0115298096584
-0.0165386581691 0.00288563555749 0.0120382001892
-0.0162082918042 0.00374635571744 0.0125168884926
-0.0162082918042 0.00374635571744 0.0125168884926
-0.0157862034837 0.00462850618306 0.0129967124835
-0.0152097439677 0.00546823381882 0.0136037441992
-0.0145156658539 0.00625789350935 0.0143357791875
-0.0137130276385 0.0069901764276 0.0151931454173
-0.0127090838206 0.00751899280451 0.0161690996728
-0.0114510165804 0.00780766678313 0.0173013861538
-0.0101208162417 0.00823744457903 0.0186356009477
-0.00892350982144 0.00903053399477 0.0201066224651
-0.00833362020504 0.0102657082455 0.0214584697675
-0.00833362020504 0.0102657082455 0.0214584697675
-0.00790050469217 0.0113395048233 0.0216059540477
-0.00783433286705 0.0125000618368 0.0215049056481
-0.00818561003436 0.0134592051061 0.0211610775406
-0.00847722464708 0.0142405484066 0.0207238412007
-0.0087593964629 0.0149144619519 0.020170716108
-0.00911234992663 0.015466646111 0.0194793834371
-0.00955779263854 0.0158850207592 0.0186476539967
-0.0100404576536 0.0162225003351 0.0176802477572
-0.0105018101609 0.016540957595 0.0165629070367
-0.0105018101609 0.016540957595 0.0165629070367
-0.0117190826815 0.0173122111842 0.0142831471978
-0.0129764106638 0.017786382397 0.0119791852407
-0.0139650223852 0.0182455729797 0.00963062127575
-0.0146325025221 0.018709682802 0.00723762984191
-0.0150030245068 0.019146554082 0.00480034445597
-0.0149697030518 0.0195453586603 0.00230073914804
-0.0145511184104 0.0197959325523 -0.00028663633627
-0.0139321063719 0.0198080946073 -0.0029616881598
-0.0140008438365 0.0204074571845 -0.00536141767558
0.0083182478837 -0.00737622819632 0.0251402793038
0.0098394267527 -0.0070124541547 0.0253267266056
0.0110865197393 -0.00681087803646 0.0259787089905
0.0122042398513 -0.00643757967072 0.0267272522954
0.0132137261798 -0.00604824683617 0.027695345685
0.0141224664714 -0.00563970944767 0.0288823577375
0.0147503301111 -0.00525741904357 0.0304233753144
0.0151999005594 -0.00483933327222 0.0322153110362
0.0150492141167 -0.00484692707171 0.0347590665204
0.0153178098385 -0.00418618800493 0.0368538758792
0.00461547462356 -0.00446872397958 0.0265540683191
0.0046982908294 -0.00335641508158 0.0271653938616
0.00484625906381 -0.00245116685402 0.0280868242479
0.00519282860949 -0.00182600080173 0.0291945481441
0.00576752616669 -0.00139380908117 0.0304139529689
0.00656752591997 -0.000827230230396 0.0316058171985
0.00756704977702 -0.000468385569263 0.0329540972703
0.00877842836408 -0.000439176319727 0.034495843601
0.0100875803782 -0.00100690363086 0.0364616465344
0.0116509137631 -0.00139450936099 0.0383562633463
0.0134008629863 -0.000964244913343 0.0329942647585
0.0134029595808 -0.00147644801085 0.0337800420527
0.0134222401453 -0.00189884737977 0.0345238684045
0.0134979120356 -0.0022042574315 0.0352627541372
0.0136849683151 -0.00234058889536 0.0360031108691
0.0139700347463 -0.00232256064931 0.0367460844806
0.0143307211517 -0.00218532052241 0.03751688688
0.0148418507261 -0.00183010624831 0.0382616382236
0.0154837598678 -0.0012586937231 0.0389482449771
0.0162208438745 -0.000494049609573 0.0395601778598
0.0226998032555 -0.00407679092625 0.0121056424147
0.0238029555607 -0.0046164962192 0.0113471775784
0.024731076643 -0.00501433045384 0.0104482587149
0.0253447498996 -0.00540567316864 0.00916643683327
0.0259820673213 -0.00542723905925 0.00768788118428
0.026411899644 -0.00530888833216 0.00579001839825
0.026730334816 -0.00492712949628 0.00348086053315
0.0265479812473 -0.00474042169509 0.000755740912094
0.0258173041627 -0.00485440736817 -0.00226394337405
0.0247320433683 -0.00507485777617 -0.00553114688426
0.0247320433683 -0.00507485777617 -0.00553114688426
0.0244278065567 -0.0050587758067 -0.00653983732915
0.0242001664678 -0.00486745439448 -0.00750357328463
0.0240123154083 -0.00457683841444 -0.00838264879913
0.0238117536991 -0.00425401503711 -0.00917122324227
0.0235673879283 -0.00392705123184 -0.00987727803289
0.0232786316434 -0.00359056407885 -0.0105054920109
0.0229570495706 -0.00323074717524 -0.011055399612
0.022636510104 -0.00281856739955 -0.0115247898145
0.0222392974472 -0.00241729250262 -0.0119143148355
-2.74440193743e-05 0.0125673020758 0.0223250820776
-0.00168121535558 0.0135647769686 0.0225485896797
-0.00325617132165 0.0144494523654 0.0226474712025
-0.00464292451173 0.0153719250696 0.0224439107763
-0.00558173035558 0.0166558989491 0.0219210069054
-0.0064712881683 0.0180372979745 0.0206981050342
-0.00759120478897 0.0192148491856 0.0187218293701
-0.00939070477463 0.0193873924625 0.0160608059219
-0.0106421205308 0.0203236588866 0.0129385204412
-0.0121811499509 0.0205867547454 0.00930191719947
-0.0121811499509 0.0205867547454 0.00930191719947
-0.0125560907095 0.0206868028717 0.00852341855937
-0.0128349244213 0.0208636520745 0.00774615103323
-0.0130469342686 0.021032049859 0.00698492639633
-0.0131880727804 0.0212271278776 0.00624849401096
-0.0132650432299 0.0213998985051 0.00552847200614
-0.0132731357933 0.0215680627748 0.00482562186265
-0.0132238557767 0.0216356662299 0.00411328328013
-0.0131105636262 0.0216719798012 0.003410129576
-0.0129305664375 0.0217012349517 0.00272350588697
0.00912850711806 0.0148523640859 -0.0197761535051
0.0100282715209 0.0151705535614 -0.0184032429832
0.0108812946487 0.0159866983249 -0.0173847427932
0.0114430367929 0.0167279608932 -0.016345960833
0.0114793868967 0.0167842138664 -0.0152416388437
0.0112918120817 0.0169234903246 -0.0142545856979
0.010907700996 0.0171817122836 -0.013329140553
0.0100299450213 0.0169315126811 -0.0125047041507
0.00876468482455 0.0164897597895 -0.0117978369386
0.00769911343157 0.0167605993883 -0.0109859079634
0.00138909545405 0.0200319259258 -0.0171929119735
0.00170287007115 0.0201423413991 -0.0156912594143
0.00275509531046 0.0210508688933 -0.0145084420756
0.00395767903774 0.021770735891 -0.0135093105396
0.00455146395534 0.0215424516213 -0.0126187747065
0.00511885476545 0.0210419165079 -0.0119215095804
0.00589630201522 0.0204974667357 -0.0114106884069
0.00618457918544 0.0191686631429 -0.0111247677792
0.00675351439048 0.0178444753709 -0.0110245524723
0.00769911343157 0.0167605993883 -0.0109859079634
0.0117025665522 -0.0104249804563 0.01357649104
0.0100417128712 -0.0096005705498 0.014952722267
0.00815619362796 -0.00854583079451 0.0154926649003
0.0058703167379 -0.00793410177927 0.0160512140456
0.00284201506889 -0.00874523550354 0.0176587354699
0.00106189627113 -0.00759057811584 0.0184299631609
0.000623296342684 -0.0043150741485 0.0183439849896
-0.000500034477905 -0.00241512979957 0.019333403839
-0.00211344521087 -0.00111463031337 0.0203621616866
-0.00412904683815 0.000287969027577 0.0203160498989
0.0083182478837 -0.00737622819632 0.0251402793038
0.0076521368914 -0.00750429366262 0.025260328025
0.00706594096414 -0.00755413150282 0.0254141699598
0.00654369748874 -0.00750285737421 0.0255784195393
0.0060779171807 -0.00734865481028 0.0257521596802
0.0056430997902 -0.00715665229881 0.0259805685884
0.00523118297821 -0.00680526032078 0.0262288200812
0.00484791616166 -0.00624511179577 0.0264878752668
0.00460700670073 -0.00540884404848 0.0266250551937
0.00461547462356 -0.00446872397958 0.0265540683191
0.00175971206694 -0.00849500157545 0.0182155534473
0.00212348454264 -0.00834042517406 0.0187445256538
0.00252026516962 -0.00817353991457 0.0193512161595
0.00292664719213 -0.00803115373266 0.0200463721065
0.00333281798975 -0.00793234924336 0.020830568735
0.00373600429487 -0.007894459801 0.0217081754336
0.00411634815291 -0.00799226900391 0.0227097925424
0.0045862504474 -0.00802118358808 0.0237892105917
0.00524824691596 -0.00758010089332 0.024775916447
0.00585915289859 -0.00725833918 0.0258579313027
0.0091588382728 -0.00795572407851 0.0193074477232
0.00799335533065 -0.00754505522722 0.0195376024035
0.00665165261422 -0.00773559136058 0.0199780379501
0.00516542892641 -0.00831574512718 0.0205749845972
0.00402968642632 -0.00813795512519 0.0210390484634
0.00312658899919 -0.00750974219428 0.0214464572407
0.00255000357767 -0.00632203370661 0.0217539249878
0.00259627058713 -0.00425611880293 0.0218194944454
0.00213596245514 -0.00292302710903 0.022203997508
0.00122941801226 -0.00189582683659 0.0228656568034
0.00256222804604 -0.00699531428753 0.010391663777
0.00123267355538 -0.00989922827703 0.0147712841198
9.80391836383e-05 -0.00965428023838 0.0162512273577
-0.000955111013153 -0.00821858527032 0.0160511713765
-0.000660062888565 -0.00428378836109 0.0122777698176
0.00162088526639 -0.00860854169186 0.010529393773
0.000409365221886 -0.0106751694587 0.0141438631911
-0.000713573510523 -0.0103508900674 0.0152908129215
-0.00177130621232 -0.00914415692083 0.015249274519
-0.00211367571525 -0.00580751932334 0.0122950028178
0.000631506913246 -0.0103135156647 0.0104225536335
-0.000362050097091 -0.0115273491681 0.0132938962345
-0.00155135090019 -0.0111503449917 0.0143869522774
-0.00279695982649 -0.00993053834231 0.0144169520188
-0.00367390432546 -0.00728184658619 0.0121579442987
-7.82281097472e-05 -0.012481186415 0.00971558208755
-0.000898214003269 -0.0127043225751 0.0122810110862
-0.00240489875822 -0.0120160925854 0.013508998639
-0.00412671765735 -0.0105791183544 0.013651083296
-0.00578693871382 -0.00857218225442 0.0118953462738
0.000627581621483 -0.0153010844753 0.00887372981251
-0.00113777415421 -0.0141375517878 0.0109920863662
-0.00326986037075 -0.0128462599122 0.0125468325854
-0.0058027156813 -0.011120566818 0.0131026070698
-0.00870934789194 -0.00894112356655 0.0125872470569
0.0226998032555 -0.00407679092625 0.0121056424147
0.0195860943367 -0.00324422238064 0.0130295055171
0.0184427972503 -0.00182311599449 0.0168791381785
0.0185939564705 -0.00212351423251 0.0191908576124
0.0191122501648 -0.00265115959376 0.0205487645677
0.0200570874419 -0.00287211058223 0.0217370064542
0.0213905078355 -0.00251995906066 0.0231675757459
0.0231406038038 -0.0016256612772 0.024911760797
0.0233286537814 -0.00087470190536 0.0266006515033
0.0206506376161 -0.00621293593621 0.0129639295815
0.0171395900059 -0.00511466135829 0.0134188231326
0.0163647422292 -0.00327150864675 0.0173011283412
0.0171485924924 -0.0035997103535 0.0197923736802
0.0178929675418 -0.00432058922494 0.021108476831
0.0186750855473 -0.00466697695426 0.0222447776589
0.0197179853537 -0.00459315377222 0.0235040863128
0.0210524287935 -0.00401610358583 0.0250355547878
0.0227605019188 -0.00299079911773 0.0268583657985
0.0186823078525 -0.00795471266336 0.0136054590259
0.0157314079363 -0.00669471455153 0.0143009809798
0.0150242373724 -0.00478118527718 0.0175719829123
0.0160609754253 -0.00513032421143 0.0200340415932
0.0167340899573 -0.00577577348319 0.0213945442091
0.0172354154682 -0.00596771214468 0.0225815070522
0.0179515341426 -0.00597536710321 0.0237730440645
0.0188954429211 -0.0056598740063 0.0251118968596
0.0201046391553 -0.00501183155929 0.0266458280884
0.0174244297638 -0.00905863114197 0.0148172098743
0.0154315638747 -0.00803475349459 0.0157525268825
0.0144593181498 -0.00635306649934 0.017940401109
0.0152580473457 -0.00668857748442 0.0201142037169
0.0156549208293 -0.00712906548312 0.0214616126786
0.0158768829739 -0.00705704007411 0.0226715861876
0.0162449494739 -0.00676194795068 0.023862875455
0.0168613150946 -0.00643715563178 0.0250432405477
0.0176977458367 -0.00594982150979 0.0262247475067
0.016455527433 -0.00981802094216 0.0158703613906
0.014988587407 -0.00904455051642 0.0167213956085
0.0139328429015 -0.00754478386431 0.0181969400682
0.0142455117345 -0.00763787359839 0.0200630134858
0.0144196878555 -0.00793814017099 0.0214012235374
0.0144837412703 -0.00774362427035 0.0225989769942
0.0146658219807 -0.00727150711926 0.0237491457408
0.0150628698059 -0.0068117260288 0.0248258643215
0.0156751469698 -0.00637914334732 0.0258130397243
0.0154346553985 -0.0104100394751 0.0163739703678
0.0141922517287 -0.0097132391332 0.017032821488
0.0131490654938 -0.00804413116033 0.0181104386468
0.013148416886 -0.0080603812123 0.0197963214751
0.0131170958171 -0.00824727809794 0.0211430136695
0.013069400132 -0.00799637485937 0.0223478795424
0.0131395390937 -0.00751439113493 0.023478534469
0.0133803441939 -0.00703202667698 0.024522384019
0.0137995565843 -0.00664035696756 0.0254662815439
0.014105576435 -0.0110122611361 0.0161691971529
0.013178728588 -0.0101029235691 0.0168223001031
0.0124804727729 -0.0084193782779 0.0178708581895
0.0121149573278 -0.00832018982986 0.0193438759499
0.0118456362602 -0.00832572790259 0.0206850625098
0.0116743050753 -0.0079501471031 0.0219129399663
0.0116279921935 -0.00743955318972 0.0230595740689
0.0117154561177 -0.00700358220377 0.0241333488578
0.0119414198789 -0.00685208719931 0.0252000919283
0.0123183576352 -0.0113222999895 0.0146911272338
0.011879908611 -0.0103761652572 0.0160997114767
0.0114938551979 -0.00914167636371 0.0174081994887
0.0109789686025 -0.00856992063756 0.0187300025873
0.0105592627271 -0.00822385778841 0.0200627808223
0.010298144527 -0.00761231869497 0.0213016926801
0.0101156762177 -0.00729839529211 0.0225591472891
0.0100424510168 -0.00719097850373 0.0238359267631
0.0100862112394 -0.00716309061292 0.025097119167
0.0117025665522 -0.0104249804563 0.01357649104
0.0106252531789 -0.00994230969712 0.0148959275334
0.00999241206564 -0.00927720468089 0.0164075246596
0.00955912364288 -0.00853808055473 0.0178820066124
0.0091588382728 -0.00795572407851 0.0193074477232
0.0088322248615 -0.00745816330351 0.0206905059939
0.00852181651551 -0.00747093423501 0.0222306256896
0.00839533981737 -0.00765670557246 0.0238499202654
0.0083182478837 -0.00737622819632 0.0251402793038
-2.74440193743e-05 0.0125673020758 0.0223250820776
0.00162862320838 0.0116215673205 0.0219871361823
0.00343381056321 0.0109620564772 0.0231694313055
0.00443770629064 0.0104627084016 0.0247102840841
0.00508154379955 0.0101622257173 0.0262098743744
0.00569089196022 0.0101138652389 0.0277105182918
0.0063874394032 0.0104053694299 0.0293091656138
0.00755099556254 0.0108162135811 0.0309120556492
0.00870682210075 0.010273900806 0.0322960719654
-0.00175897455417 0.0100087661784 0.0221173349101
0.000456629774361 0.00877458179929 0.0214874294169
0.00310750344933 0.00811305386997 0.0228495112306
0.00417236830599 0.00816899420683 0.0247645798807
0.00461560188262 0.00828465367519 0.0262790351482
0.00493205589997 0.00842773489888 0.0277100169837
0.00540039336823 0.00857072431251 0.0292282877485
0.00597442919852 0.00885312613364 0.0310260350605
0.00702122463629 0.00920260626676 0.0331824057871
-0.00283527537564 0.00786245739494 0.0226740839239
-0.000757330396621 0.00604215357484 0.0213048691404
0.00237448862896 0.00536574494785 0.0229371270973
0.00358599781705 0.00598391432741 0.0249170047891
0.00394066586156 0.00651975535221 0.0263245605651
0.00422168301375 0.00675502134454 0.0276053440341
0.004524535291 0.00680113990256 0.0290481390228
0.00490150747494 0.00668113421421 0.0308055051343
0.00556627855609 0.00630932513214 0.0329285612406
-0.00321246335577 0.00614715646467 0.0236089045182
-0.00146364499506 0.00459513550594 0.0224186596601
0.00144065925017 0.00368223418161 0.0234291649267
0.00270234350634 0.00443964131188 0.0250658014118
0.0031937334528 0.00498447139217 0.0262286817858
0.00348464068083 0.00519090680707 0.0273814481213
0.00373288110926 0.00509139437195 0.0287526428967
0.0040420234479 0.00467352656884 0.0304505356063
0.00490314339198 0.00408489052886 0.0320405974308
-0.00335350698706 0.00466068772955 0.0242005499958
-0.00179532100536 0.00377495995689 0.0234245246175
0.000692015479599 0.00266414319589 0.0237348467365
0.0018388910527 0.00331349558722 0.0249985905073
0.00228251655524 0.00376704645418 0.0259882080168
0.0026435077676 0.00376880598793 0.0270448748037
0.00302722807584 0.00341079114234 0.0283403687004
0.00362952056118 0.00276533502623 0.0298230794972
0.00464326756749 0.00235003833775 0.0309780803872
-0.00342242034542 0.00329576862042 0.0243165905165
-0.00207249796716 0.00310499618585 0.0239644870195
7.94455442452e-05 0.00203186802384 0.0237559890772
0.00107898399136 0.00232059949376 0.0246723767369
0.00138549948318 0.00256771823904 0.0255803606322
0.00156694078248 0.00241533826482 0.0266637631229
0.0023108170405 0.001734785702 0.0278659248861
0.00355256502655 0.00100723545379 0.0289531887779
0.00456797996431 0.000726878608108 0.0298506860296
-0.00359036222462 0.00171776877994 0.0240341856163
-0.0031797992029 0.00211023807664 0.0242170006452
-0.00117934047534 0.00165777168595 0.0236806410241
0.00050041399397 0.00119469532503 0.0240766869272
0.000811433352634 0.00102843503863 0.0249788156834
0.00121813598352 0.000599049651963 0.026054742246
0.00217464372756 -6.57986925516e-05 0.027130475342
0.00358279834632 -0.000642983745436 0.0279431528583
0.00456566430535 -0.000969325839171 0.0287086158098
-0.0046307712818 0.000462819702938 0.0216584382554
-0.00379230183746 -0.000100218146598 0.0221036400462
-0.0019068670976 -1.56252117288e-05 0.0227167592757
-0.000143676111321 -0.00019601005962 0.0232918223322
0.000752810472536 -0.00071294225415 0.0241194909152
0.00169299310336 -0.00122065187273 0.0250343024232
0.00288549398845 -0.00167717993539 0.0258327456548
0.00402480798128 -0.00214495896588 0.0265442525477
0.00472496037399 -0.00271117454591 0.0274437461627
-0.00412904683815 0.000287969027577 0.0203160498989
-0.00305916996192 -0.000665972512596 0.0206544372869
-0.00143980431347 -0.00101005973284 0.021429452433
3.62059043779e-05 -0.00135561777897 0.0221300521574
0.00122941801226 -0.00189582683659 0.0228656568034
0.00239171272127 -0.00238575886942 0.0235879126021
0.00332856010395 -0.00302706530835 0.0244242537081
0.00401667773717 -0.00376643976214 0.025459524075
0.00461547462356 -0.00446872397958 0.0265540683191
0.0154794954114 0.00662627155845 0.0107266040308
0.0120713493714 0.00690526232548 0.00923197825141
0.00971293095406 0.00855966168574 0.00924542791833
0.00806562613428 0.00986725436862 0.0111147196239
0.00811819314302 0.0121116559614 0.0143316705199
0.0168981668638 0.0055979552886 0.0141328539113
0.0133763853461 0.00450107262893 0.0140688003931
0.0109499514279 0.00668367869298 0.0148003775694
0.0086244110565 0.00819895809536 0.0159117337586
0.00818324826082 0.0113668749865 0.0172768205867
0.0179503119021 0.00383188517221 0.0186713704286
0.0142352958219 0.00293771327733 0.0189678432699
0.0117128033605 0.00459069319001 0.0198835358063
0.00959781872203 0.00645724478485 0.0207094570418
0.00899279611598 0.00968324747776 0.0216414015713
0.0185055394941 0.00127936828438 0.0243932704169
0.014333839128 0.000670343632768 0.0236540616238
0.0125108067988 0.0030375610354 0.0244732682487
0.00979316795261 0.00409320278621 0.0255266147484
0.00972928589026 0.00705341758015 0.0276146277047
0.0179034865112 -0.000211929092654 0.0320366068621
0.0148557294876 0.000612016539128 0.0290619198809
0.012991031154 0.00159692018144 0.0285286313616
0.0122836717641 0.00261083749825 0.0304003452167
0.0125327822321 0.00356863996628 0.0346803398041
0.00987413642216 0.0132402785529 -0.0124634153318
0.0091688849758 0.0153844866151 -0.0116095203787
0.00769911343157 0.0167605993883 -0.0109859079634
0.00593930075798 0.0178601154034 -0.0103948024951
0.00354021267082 0.0180638222582 -0.0101341020256
0.00914377978771 0.0125447951629 -0.00986424050678
0.00795223257903 0.013450679106 -0.00931975492751
0.00731081454172 0.0149070203983 -0.00864196854425
0.00553838561959 0.0152816668732 -0.0083629654483
0.00403304265436 0.0161033021379 -0.00795494429584
0.00910287221414 0.0118072526624 -0.00724937558378
0.00825644176257 0.0126426545238 -0.00673418921014
0.00737857640705 0.0135618555613 -0.00620171807047
0.00611850235537 0.0142299423201 -0.00578406220871
0.00473961087894 0.0148882973612 -0.00537883938882
0.00888831660471 0.0105069105695 -0.00493253580982
0.00833573483794 0.0114081144197 -0.00420151236313
0.00724319019004 0.0119741731095 -0.00381368501212
0.00623767743715 0.0127985976283 -0.00339970067865
0.00462937386451 0.0132519047594 -0.00335359897297
0.00852168442589 0.00850918927431 -0.00296796304545
0.00771547406212 0.00926387596588 -0.00217508987109
0.00672795510876 0.0100534675944 -0.00165997846669
0.00557992860002 0.0109041060703 -0.00139571600775
0.00418452504146 0.0117165649632 -0.00148655243412
0.00703773258986 0.0048955034291 -0.0320882952424
0.000248215308708 0.00843147198073 -0.0330300268757
-0.00508923902237 0.0119410474211 -0.0330996299058
-0.00917088977923 0.0151106111984 -0.0289192509523
-0.0128723526599 0.0190089702082 -0.0234175474285
0.00781975158554 0.00812244374982 -0.0296529706368
0.0024219197955 0.0111904871513 -0.0308359773403
-0.00223840084432 0.0144342179058 -0.0300998074898
-0.00607287245059 0.0172387187366 -0.0270120321816
-0.00914622847936 0.0202228097775 -0.0220360275294
0.00816065842049 0.0107509875986 -0.0264652598324
0.00378615398219 0.0124014142113 -0.0270651329475
0.000325083399568 0.0156635103624 -0.0267856648911
-0.00281129813421 0.0173156926798 -0.0241967433894
-0.00548388676836 0.0206594502165 -0.0204687148217
0.00880894622463 0.0132240989192 -0.0233961464475
0.0052077409059 0.0144657119064 -0.0242194923677
0.00245910368842 0.016780437173 -0.0240903971939
-6.9023292084e-05 0.0182355529208 -0.0221060307252
-0.00189828925475 0.0208323654275 -0.0189346595602
0.00912850711806 0.0148523640859 -0.0197761535051
0.00644509405859 0.0164358722663 -0.0216483349247
0.00426706632335 0.0178426308838 -0.0218553433885
0.00257544036577 0.0190277984403 -0.0203616842418
0.00138909545405 0.0200319259258 -0.0171929119735
0.0185492682185 -0.00185703874232 -0.0174734715094
0.0176428365165 -0.00244949183836 -0.0166431737103
0.0164779803162 -0.00273855612018 -0.0157591295165
0.015580126245 -0.00330984658294 -0.0150144324784
0.0150317798724 -0.00417192425079 -0.0143359509098
0.0146150726976 -0.00507042421038 -0.0136311340219
0.0142226951929 -0.00590391623551 -0.012884439098
0.0138130061414 -0.00664483262859 -0.0121039016648
0.0133962738405 -0.00730937035991 -0.0112995937441
0.0129653218075 -0.00789821009127 -0.0104786876347
0.0125311955504 -0.0084238903023 -0.00964544126803
0.0121455149771 -0.00892243208208 -0.00879799501534
0.0117634043081 -0.00936504778879 -0.00794191024676
0.0112811064631 -0.00969288448401 -0.0070890991592
0.0107030146571 -0.00991663698922 -0.00623812612474
0.0102969268306 -0.0101891095002 -0.00536330376077
0.00989051047471 -0.0104104203242 -0.00448061469921
0.00939830488812 -0.0105376402816 -0.00359156858534
0.00908427244233 -0.0107071407812 -0.00268500035754
0.0175908137453 -0.00146980542854 -0.0199877370095
0.0165059748784 -0.00209421877257 -0.0189783468273
0.015505464584 -0.00276072890996 -0.0180648519552
0.0147564202257 -0.0036400810533 -0.0172790040021
0.0142359300479 -0.00468276135309 -0.016543102339
0.0138371353209 -0.00576056361795 -0.0157852015691
0.0134516114014 -0.00675910792912 -0.0149738266384
0.0130316858428 -0.00763522984021 -0.0141128529311
0.0126160197496 -0.00843065321054 -0.0132197670687
0.0121631076089 -0.00911025501169 -0.0122990671109
0.0116446567807 -0.00965441211711 -0.0113583721461
0.0111620897652 -0.0101561968522 -0.0104049693707
0.0108343347971 -0.0107131521643 -0.00943770913991
0.0104587179682 -0.0111533024867 -0.00845684667203
0.00988470602409 -0.011364049503 -0.0074652395342
0.00935403938029 -0.0115438430334 -0.0064587020806
0.00896413743667 -0.0117631635905 -0.00543685067464
0.00861051473795 -0.0119395494258 -0.00440031456334
0.0082616280167 -0.0120503189937 -0.0033474125843
0.016435485813 -0.000817611067285 -0.022244911335
0.0153360256217 -0.00168288876187 -0.0211756491459
0.0144739620141 -0.00271225743671 -0.0202883506596
0.0138359935265 -0.00390274984994 -0.0195089683084
0.0133397270182 -0.00516430722045 -0.0187440722492
0.0129039588566 -0.00640160923639 -0.017936020812
0.0125017725126 -0.00758047137153 -0.0170742760944
0.0120329998263 -0.00857952435196 -0.0161348466525
0.0115210379488 -0.00942535359832 -0.0151442209283
0.0109611616699 -0.0101130223866 -0.014114318041
0.0103532165731 -0.01064476053 -0.0130547435919
0.0098375932395 -0.0111846066077 -0.01199066173
0.00943152197053 -0.0117491508969 -0.0109184113369
0.00910873048675 -0.0123044665877 -0.00983179437819
0.00869574312761 -0.0126601928101 -0.00871307054333
0.00816104263035 -0.0127929151024 -0.00755961920167
0.00770735526709 -0.0129221523262 -0.00639033408046
0.00743766000868 -0.0131448895152 -0.00521836431372
0.00715404057245 -0.0132588583718 -0.00402062410172
0.0151157230683 1.41968687469e-05 -0.0242002739701
0.0140743251935 -0.00115261328469 -0.0231675143421
0.013358709866 -0.00256068425112 -0.0223895053875
0.0127662597529 -0.00401996189806 -0.0216380305194
0.0122155184665 -0.00543786494705 -0.0208351566081
0.0116637092521 -0.00675205266494 -0.0199532566386
0.0111113813182 -0.00795307723431 -0.0190021916299
0.0105444837105 -0.00901121741298 -0.0179838257243
0.00997939225696 -0.00994305557354 -0.0169164049369
0.00938815370187 -0.0107012132369 -0.0157952893131
0.00881426751941 -0.0113503679161 -0.0146451895901
0.00828947372908 -0.0119409241591 -0.0134778045289
0.00785000122376 -0.0125299345199 -0.0123014831413
0.00748319399827 -0.013096211133 -0.0111087251699
0.00714840932827 -0.0135757483745 -0.0098877323792
0.0067142943956 -0.01377857421 -0.00860630591399
0.00630925239768 -0.0139028078303 -0.00729739049693
0.00604494450419 -0.0141010575785 -0.0059881489132
0.00583453730792 -0.0142451337324 -0.00465703609596
0.0135902044937 0.00102978191649 -0.0257427834656
0.0127493046233 -0.000539827784651 -0.0249432569099
0.012134057465 -0.00226741375137 -0.0243057757359
0.0115281705303 -0.00393368184293 -0.0235800633412
0.0108705622602 -0.00543155753848 -0.0227079461104
0.0101967127715 -0.00677940376101 -0.0217352626952
0.00953065016295 -0.00799504923414 -0.020691859223
0.00889759068976 -0.00911234601122 -0.01960404006
0.00829212025566 -0.0101158804655 -0.0184693201664
0.00769467266622 -0.0109595041534 -0.0172765076996
0.00712604151507 -0.0116815673498 -0.016044879843
0.0066093668651 -0.0123335001329 -0.0147902194635
0.00615100282666 -0.0129327368173 -0.0135142265129
0.00575240721221 -0.0134840275033 -0.0122152667892
0.00540874476264 -0.0139759273415 -0.0108889866181
0.00507832506325 -0.0143203044407 -0.00951492802656
0.00476375884566 -0.0145293187261 -0.00809595881024
0.00454949704386 -0.0147686583684 -0.00666996104317
0.00442499797873 -0.015001195919 -0.00523094882726
0.0119985577575 0.00206504973087 -0.0269701274175
0.0113825917894 0.00012922805878 -0.0264999583313
0.0108407151786 -0.00187275424637 -0.0260322954264
0.0101920808977 -0.00370148584045 -0.0253248095128
0.00946155503116 -0.0053056094117 -0.0244063697255
0.00869291264547 -0.00668199166917 -0.0233337962579
0.00795721924563 -0.00792749575411 -0.0222016789149
0.00727946027672 -0.0090939737722 -0.0210430735977
0.00664676123901 -0.0101526657309 -0.0198413280372
0.00604235200601 -0.0110509264321 -0.018576715809
0.00546656128349 -0.011780585201 -0.017252955799
0.00494646662705 -0.0124296076923 -0.0159039512381
0.00449381547902 -0.0130482464768 -0.0145411016425
0.00410329425971 -0.0136259887675 -0.013155458495
0.0037655063936 -0.0141323626156 -0.0117353915433
0.00347397554624 -0.0145453017888 -0.0102741707572
0.00322613916674 -0.0148570446156 -0.00876977812804
0.00305799406238 -0.0151657466675 -0.00724882226076
0.00298353046437 -0.0154820781864 -0.00571664112696
0.0106343304039 0.00286808332205 -0.0282774201132
0.0100359224937 0.00078695980202 -0.0279083105866
0.0095012962501 -0.00139871915778 -0.0275653742342
0.00881944787265 -0.00339361309116 -0.026904530588
0.00801249355029 -0.00507190151591 -0.0259196468426
0.00718782730437 -0.00650228518189 -0.0247642441119
0.00641876344439 -0.00780736367176 -0.0235621069128
0.00570850286431 -0.00899692420953 -0.0223203680222
0.00505334539856 -0.0100610638277 -0.021033080972
0.00444919230525 -0.0109825474528 -0.0196930444237
0.00389406498089 -0.0117514678101 -0.0182983734408
0.00339391473808 -0.0124096835435 -0.0168667214186
0.00295785439923 -0.0130344430293 -0.0154221142847
0.0025816932518 -0.0136212206041 -0.0139554767461
0.00225805818575 -0.014132025744 -0.012450158849
0.0019873045722 -0.0145685134852 -0.0109051495216
0.00177619066006 -0.0149582689952 -0.00932779859165
0.00163744265213 -0.0153369583816 -0.00772853960522
0.00158573004062 -0.0157196243878 -0.00611391098038
0.00945759653652 0.00351598991214 -0.0297045313904
0.00869466888666 0.00145006945398 -0.0291567150619
0.00809249397184 -0.000804363562758 -0.0288293011444
0.00737595341432 -0.00293201519824 -0.0282219295734
0.00653603388077 -0.0047275506046 -0.0272296496211
0.0056823674296 -0.00622820993493 -0.0260132784282
0.00488876143957 -0.00755696654857 -0.024724784421
0.00417025809867 -0.00877394010089 -0.0234107154939
0.00351606032177 -0.00983819803072 -0.0220417994981
0.00292685247969 -0.0107631229712 -0.0206266678462
0.00240282717844 -0.0115907156915 -0.0191831506705
0.00193752005312 -0.0122961563256 -0.0176949545714
0.0015285665343 -0.012901355647 -0.0161680883967
0.00117689009251 -0.0134971317862 -0.0146311913586
0.000877939628266 -0.0140287645443 -0.013057440921
0.000630361065819 -0.0144748266505 -0.011437071675
0.000441183771963 -0.0149082814004 -0.00979222995556
0.000318030251665 -0.0153337399119 -0.00812308391008
0.000274371621942 -0.0157621314601 -0.00643447987809
0.00825933942591 0.00419227869273 -0.030976362862
0.00736929121914 0.0021078546955 -0.0302724427865
0.00666989641847 -0.000157977942513 -0.0298820984586
0.00591201681914 -0.0023791448215 -0.0293141973508
0.00504812135988 -0.00427955863826 -0.0283283552897
0.00418236810115 -0.00585192698867 -0.0270681503957
0.0033841939627 -0.00719610081071 -0.0256959539231
0.00267423275762 -0.00843365980773 -0.024315856798
0.00204066097793 -0.009503281961 -0.0228776154688
0.00148206630819 -0.0104038194299 -0.0213824237632
0.00099210440475 -0.0112531546994 -0.0198879346091
0.000562963274178 -0.0120240889527 -0.0183672846248
0.00019206395071 -0.0126712445154 -0.0167942075141
-0.000127323735086 -0.013267532843 -0.0151946211027
-0.000398448724651 -0.0138414809732 -0.0135722584987
-0.000617888841261 -0.0143233065142 -0.0118972882307
-0.000785798903131 -0.0147773833864 -0.0101903761834
-0.000895742273407 -0.015215708375 -0.00845382108226
-0.00093370410919 -0.0156956336662 -0.00670683828223
0.00703773258986 0.0048955034291 -0.0320882952424
0.00604897245809 0.00277207172028 -0.031248168498
0.00525657153805 0.000508018421178 -0.0307653096115
0.00445973745343 -0.0017939543796 -0.0302437840886
0.00356918100423 -0.00376735762483 -0.0292471794039
0.00269886963912 -0.00539066485497 -0.0279381622955
0.00191403180652 -0.00675839182562 -0.02649865979
0.00122530809212 -0.00801605001584 -0.0250621185356
0.000624686383744 -0.00909338458345 -0.0235651658445
0.000112991960612 -0.00995982549399 -0.0219920388592
-0.000334936576712 -0.0108098994463 -0.0204473993243
-0.000730630967375 -0.0116393721503 -0.0189058057586
-0.00106658313148 -0.0123477034899 -0.0173082126286
-0.00134945578502 -0.0129648813287 -0.0156647906947
-0.00159074274719 -0.0135622290082 -0.0139986280911
-0.00178361437999 -0.0140942879869 -0.0122866225477
-0.0019268425822 -0.0145701567271 -0.010529804249
-0.00201811568703 -0.0150206452496 -0.00873745566494
-0.00205274125061 -0.015577476295 -0.00695338218427
0.00560388420822 0.00572951623359 -0.0326015264621
0.00473084592217 0.00344557103501 -0.0320898628559
0.00386032793728 0.00117736511678 -0.0315140345403
0.00301041391197 -0.00115408846181 -0.0309813184931
0.00210223925865 -0.0031990277115 -0.02999393467
0.00123699991531 -0.00487940330373 -0.0286556820314
0.000475140441391 -0.00627856235675 -0.0271642632915
-0.000186408976973 -0.00756897701283 -0.025688652233
-0.000748378989338 -0.00866080664114 -0.0241439811418
-0.00120413529545 -0.00950855132721 -0.0225067570377
-0.00160341685946 -0.0103518942792 -0.0209146316614
-0.00195638606365 -0.0111765752671 -0.0193312947555
-0.00225780974889 -0.0119276990922 -0.0177137323799
-0.0025101828587 -0.0126037337575 -0.0160539333227
-0.00271614797262 -0.0132110623851 -0.0143492988472
-0.00288211985965 -0.0137830740318 -0.0126082535668
-0.00300479215132 -0.0143211883667 -0.010827259334
-0.0030760132409 -0.0148150750125 -0.00900085083314
-0.00310991460139 -0.0154493442116 -0.00719164590357
0.00412690268251 0.00656516802182 -0.0327701011536
0.00340106944265 0.00414267542279 -0.0327690427519
0.00247636561408 0.00185049649298 -0.032143942182
0.00157408875507 -0.00049419736624 -0.0315786769415
0.000648058457087 -0.00259459477977 -0.0305950420867
-0.000208974721326 -0.00433269652869 -0.0292403047911
-0.000944279226519 -0.00577209647808 -0.0277130075728
-0.00157689524634 -0.0070957263493 -0.0262059210083
-0.00209283483181 -0.00818486158841 -0.0246081155447
-0.00250099577831 -0.00907423103586 -0.0229513914284
-0.00284572047944 -0.00990461379048 -0.0213128439344
-0.00314570922292 -0.0107049964118 -0.019683715008
-0.0034033661116 -0.0114604081038 -0.0180373143252
-0.00362889913195 -0.0121945629576 -0.0163716585038
-0.00380693138985 -0.0128528103289 -0.0146545650084
-0.00394167558595 -0.01345280376 -0.0128895416416
-0.00404274311477 -0.0140425007775 -0.0110909552426
-0.00410160854378 -0.0146197099848 -0.00925491289643
-0.00412402468122 -0.0152717762868 -0.00741073506615
0.0026999981768 0.00735028360907 -0.0327939174564
0.00207165594438 0.00484955882997 -0.0333392346952
0.00110118655268 0.00251850257429 -0.0326995941942
0.000145846250901 0.000169812840336 -0.0320754528714
-0.000801471923459 -0.00198874193366 -0.0311060018563
-0.0016552095914 -0.00379463147948 -0.0297497727762
-0.00236729138045 -0.00528152394946 -0.0281937952415
-0.00296281835731 -0.00660335570628 -0.0266267669919
-0.00343480255559 -0.00771042724865 -0.0249951040832
-0.00380260569371 -0.00865057608557 -0.0233309736648
-0.00408647968891 -0.0094624926511 -0.0216468404705
-0.00432268159031 -0.0102268115479 -0.0199708911839
-0.00453673676795 -0.0109955159173 -0.0183071053577
-0.00474100752604 -0.0117935058436 -0.0166463526878
-0.00490145895768 -0.0125277762213 -0.0149351976046
-0.00500254269339 -0.013158124779 -0.0131548289128
-0.00506433846298 -0.0137490544917 -0.0113288510044
-0.00509510959794 -0.0143461036148 -0.0094708410603
-0.00509388197362 -0.0149901509451 -0.00759313080024
0.00135914585617 0.00808218772264 -0.0328214771997
0.000701006029588 0.00561242510497 -0.0336153740789
-0.000288795365541 0.00322556072689 -0.0330958855861
-0.0012876984515 0.000848886743205 -0.0324719067795
-0.00225964743649 -0.00135587960591 -0.0315060012973
-0.00311568777734 -0.00323400007086 -0.0301620003875
-0.00381463358098 -0.0047948646986 -0.028607881698
-0.00437276262405 -0.00612642320728 -0.0269879114534
-0.00479886980878 -0.00724585197248 -0.0253186130714
-0.00511013680708 -0.00818433009732 -0.023616975522
-0.00533770367137 -0.00900133184038 -0.0219078986425
-0.00551745735047 -0.00976454822773 -0.0202093398161
-0.00568691868843 -0.010547676446 -0.0185345079694
-0.00585668281085 -0.0113692131035 -0.0168677260409
-0.00598596234735 -0.0121358386756 -0.0151531726846
-0.00605792267421 -0.0128113175239 -0.0133726313472
-0.00606738527733 -0.0133869212337 -0.011522603282
-0.00605998777538 -0.0139882877676 -0.00964712271469
-0.00602882758739 -0.0146298114375 -0.00774797040685
9.21402896526e-05 0.00878927131092 -0.0329283323017
-0.000688140721359 0.00641010786884 -0.0335984284936
-0.00169696716926 0.00401580284771 -0.0331830445844
-0.00272499489021 0.00162740026685 -0.0325995052317
-0.00370871795844 -0.000597778237605 -0.0316436639469
-0.00456134007631 -0.00253333177978 -0.030333951937
-0.00524826722115 -0.00416814476407 -0.0288130222649
-0.00577066688932 -0.00553056014293 -0.0271782780808
-0.00615439791895 -0.00667851030051 -0.0254985346085
-0.00642185624118 -0.00765034826232 -0.023794747411
-0.00660267340164 -0.00849603020037 -0.0220838800575
-0.00673214154785 -0.00927620773061 -0.0203800070201
-0.00684093467216 -0.0100442468504 -0.0186870687944
-0.00695248973022 -0.0108435270175 -0.017002629314
-0.00703430594261 -0.0116098167802 -0.0152815970288
-0.00707022212695 -0.012313409351 -0.0135054805337
-0.0070514954514 -0.0129405282787 -0.0116668259171
-0.00700518246749 -0.0135575436796 -0.00978784705196
-0.00694331424465 -0.0142117475014 -0.00788240295341
-0.00114916472581 0.00950902957363 -0.0330732829307
-0.00206434468159 0.00720669048069 -0.033457451593
-0.0031036952932 0.00483353006123 -0.0331009346349
-0.00415790635141 0.00245994436364 -0.0325344910031
-0.00515231599924 0.000220755924912 -0.0316104412584
-0.00600695917948 -0.00176782576277 -0.0303541132645
-0.00667552256364 -0.00344816589962 -0.0288523275697
-0.00716324880769 -0.00484445139293 -0.027220741859
-0.00749764379379 -0.00600798558962 -0.0255331064688
-0.00771464556592 -0.00699850526429 -0.0238305363199
-0.00785611550362 -0.0078838942673 -0.0221380134826
-0.00794010790087 -0.00869039234864 -0.0204454860327
-0.0079884259209 -0.00945266070333 -0.0187493814875
-0.00804561056892 -0.0102481429823 -0.017065200777
-0.00809284704382 -0.0110453879298 -0.0153594981282
-0.00808671534717 -0.0117694292307 -0.0135933385972
-0.00803223000907 -0.0124324702864 -0.011769330221
-0.00794816767891 -0.0130755657302 -0.00989991621519
-0.00784560648568 -0.013732279174 -0.00799455960789
-0.00240693446868 0.010268807107 -0.0332070163671
-0.00343580692911 0.00800623316248 -0.033260216151
-0.00451031761274 0.00567535981336 -0.0328662016307
-0.00558936146494 0.00333038630188 -0.0323133414684
-0.00658700483866 0.00110279914627 -0.0313986971493
-0.00745259626189 -0.000933273234307 -0.0302179778331
-0.00811132538108 -0.00266393537837 -0.0287577614588
-0.00856557534223 -0.00409305114345 -0.0271385583639
-0.00886885702335 -0.00530198213495 -0.0254759366342
-0.00904006001689 -0.00631821382771 -0.0237850897869
-0.0091374980291 -0.00723078416917 -0.0221093584597
-0.00916736377034 -0.00804849311198 -0.0204273283543
-0.00915934247991 -0.00881751528611 -0.0187424672919
-0.00916148048707 -0.00961459097799 -0.0170688100456
-0.00917213362095 -0.0104398430003 -0.0153848515021
-0.00911224627266 -0.0111691410726 -0.013631362589
-0.00901258143864 -0.0118536907418 -0.0118258655172
-0.00889019227262 -0.0125252020579 -0.00997616370818
-0.00873652171666 -0.013175629695 -0.0080781671857
-0.00371424579855 0.0110985739858 -0.0333604793979
-0.00482661466972 0.00882712176682 -0.0330411023864
-0.00592957088655 0.00653612878263 -0.0325357409958
-0.00701407008858 0.00424796240946 -0.0319096170558
-0.00799857412512 0.00205963327904 -0.0309788992393
-0.008825686834 6.21653027403e-05 -0.0297791530889
-0.00948386069919 -0.00171382070584 -0.0284064253765
-0.00990143719093 -0.00316562524681 -0.0268231590861
-0.0101667882931 -0.00440250734972 -0.0251988615478
-0.010336922156 -0.00550299541906 -0.0235848078151
-0.0104045136153 -0.0064600701413 -0.0219511370877
-0.0103890778711 -0.00730283549919 -0.0202992009862
-0.0103297907992 -0.00808862194772 -0.0186412441307
-0.0102821307215 -0.00889907635971 -0.0169931578184
-0.0102311033233 -0.0097159216863 -0.015325899834
-0.0101358390205 -0.0104821986381 -0.0136069099621
-0.00999183526629 -0.0111921200733 -0.0118307216302
-0.00982736848077 -0.0118874192008 -0.0100086457002
-0.0096362721707 -0.0125600099207 -0.00813682423726
-0.00508923902237 0.0119410474211 -0.0330996299058
-0.00626848503413 0.00969453093224 -0.0328009331707
-0.00739010450708 0.00742404400728 -0.032163902959
-0.00845662815226 0.00519187624902 -0.0314028263368
-0.00939129939463 0.00307240435827 -0.0303812266602
-0.010163806748 0.00112883492353 -0.0291581184032
-0.0107873046316 -0.000631325045133 -0.0278251634509
-0.0112161980355 -0.00214929179159 -0.0263550623441
-0.0114720277965 -0.00344071472264 -0.0248069818017
-0.0115966303248 -0.00455432037936 -0.0232293227546
-0.0116102205604 -0.00551845092668 -0.0216304012008
-0.0115663269801 -0.00640479514911 -0.0200348575726
-0.0114849571628 -0.00724458656401 -0.0184347482767
-0.0114049951781 -0.00809220714716 -0.0168327564365
-0.0113128359771 -0.0089332434229 -0.015204108831
-0.0111842404598 -0.00973711194386 -0.0135275398162
-0.0109980309738 -0.0104756233914 -0.0117900859728
-0.0107829947616 -0.011183811039 -0.0100012003211
-0.0105532096128 -0.0118755687107 -0.00816389071726
-0.0140008438365 0.0204074571845 -0.00536141767558
-0.0140250883945 0.0199012592617 -0.0047955157435
-0.0134362044227 0.0188208168284 -0.00451113308775
-0.0130175382775 0.0179094653723 -0.00415523492553
-0.01289201134 0.0172206822875 -0.00365302205328
-0.0128630245382 0.0165708983347 -0.00309174619837
-0.0128950024862 0.015927181279 -0.00248331679053
-0.0129570334105 0.0152670042122 -0.001839687064
-0.0130297320446 0.0145795122198 -0.00116830818328
-0.0130708534541 0.01384034869 -0.00049541859197
-0.0130586465742 0.0130389384375 0.000160477306397
-0.0129902999249 0.012175397514 0.000790656524438
-0.0128807775908 0.0112596124042 0.00139969025905
-0.012750290387 0.0103041514587 0.00199939037548
-0.0126329641489 0.00933298986371 0.00262250057102
-0.0124992317261 0.00832421072947 0.00323746892057
-0.0123476760009 0.00727358400843 0.00383574739781
-0.01217625098 0.00617326517986 0.00440257774693
-0.012025035068 0.0050585642132 0.00499503502801
-0.01465429806 0.0209578872042 -0.00763858106935
-0.0144853681047 0.0199380635411 -0.00713185155941
-0.0141885904224 0.0188608450399 -0.00666560371956
-0.0139274682853 0.0178534028057 -0.00618569023968
-0.0139155269102 0.0170400070611 -0.00560289147848
-0.0139878683082 0.0162740332921 -0.00496917812607
-0.0141151731078 0.0155262645547 -0.00428966612882
-0.0142782179704 0.0147807087306 -0.00356659527181
-0.0144533062814 0.014023106896 -0.00280572092833
-0.0145897250251 0.0132279675138 -0.00203023891491
-0.0146573005794 0.0123836186717 -0.00125822679022
-0.0146421209665 0.0114867943142 -0.000502801814661
-0.0145645863672 0.0105504753115 0.000243312543057
-0.014470379536 0.00959955883926 0.00101025774422
-0.0143878855555 0.00865085593422 0.00182541724607
-0.014218227912 0.00765217205331 0.00260666671824
-0.013935208583 0.00658391119876 0.00331037674544
-0.0136138008604 0.00548314936294 0.00399235042377
-0.0132718192713 0.00435664803483 0.00466370532981
-0.0148271900819 0.0210322781702 -0.00999103611807
-0.0147628648925 0.0198372248827 -0.00939971225208
-0.0147407322344 0.0187498343916 -0.0087922628928
-0.0147495244564 0.0177340411145 -0.00816656158495
-0.0148570649199 0.0168115601885 -0.00749770803005
-0.0150289185933 0.0159390600697 -0.00678764867692
-0.0152641075697 0.0151025017548 -0.00602923922308
-0.0155452199747 0.014283824773 -0.00522080383545
-0.0158185300944 0.0134535294616 -0.00437636458211
-0.0160420115314 0.0125945007886 -0.00351018614581
-0.0161911825537 0.0117006678171 -0.00263309747106
-0.0162303084377 0.0107624389924 -0.00176521914412
-0.0161165102453 0.0097679181108 -0.000937167256166
-0.0159772269779 0.00876950757245 -8.55583023322e-05
-0.0158841553149 0.00779486301647 0.000840502300262
-0.0157234400647 0.00680176496037 0.00177567281617
-0.0153220214237 0.0057225784237 0.00257814662107
-0.0148321413903 0.00461188802701 0.00333521156377
-0.0143602261803 0.00351071912103 0.00413397957756
-0.0146598316918 0.0208205809772 -0.0122750525291
-0.0147403985441 0.0195239177978 -0.0115923225456
-0.0150798727181 0.0184994824481 -0.0108616406334
-0.0153830021203 0.0174916297119 -0.0101171433806
-0.0156887684777 0.0165165428742 -0.00934929985468
-0.0159904996789 0.0155609933709 -0.00855584644328
-0.0163227193734 0.0146338665882 -0.00772426016905
-0.0166881385527 0.0137272303712 -0.00684743746169
-0.0170400633303 0.0128166218127 -0.00593278240878
-0.0173451716344 0.0118898578114 -0.00498733315893
-0.0175201961763 0.0109228950008 -0.0040397892677
-0.0175094298683 0.00990707186642 -0.00311789460243
-0.0173252285793 0.00885495818991 -0.00222818523224
-0.0170848730081 0.00780335198555 -0.00132760965352
-0.0169210153006 0.00678536683505 -0.00034770838464
-0.0167804011516 0.00578442884498 0.000699968912139
-0.0163995714314 0.00473631150225 0.0016658935174
-0.0157886024521 0.00364466266366 0.00252580450728
-0.0152141293358 0.00257326823267 0.00344417169073
-0.0145128219391 0.0206410696978 -0.0144134300504
-0.0147279530758 0.0192411276979 -0.0136423194723
-0.0153558029603 0.0182193111758 -0.0128339403017
-0.0159459999927 0.0172065197555 -0.0120022079122
-0.0164429503868 0.0161716922051 -0.0111527342971
-0.0168607382078 0.0151275942629 -0.0102851995768
-0.0172331049812 0.0140903504193 -0.00939431147748
-0.0175938382745 0.0130695300428 -0.00847152397999
-0.0179078636857 0.0120490152445 -0.00752068173268
-0.0181640701626 0.0110253115404 -0.00654265116286
-0.0183008283072 0.00998455740801 -0.00555327354991
-0.0182813550018 0.00892486435355 -0.0045672214634
-0.0181356085835 0.00785915385856 -0.0035813356809
-0.0179151122231 0.00679973832327 -0.0025817138381
-0.0177065187073 0.00575948538835 -0.00153403811559
-0.0174884043683 0.00473165715511 -0.000438576016067
-0.0171245031962 0.00369793437992 0.000647243186836
-0.0164844469231 0.00264637191594 0.00164506330181
-0.0158559416543 0.00161190932025 0.00269097671411
-0.0139667116301 0.0201515741408 -0.0164158432684
-0.0146755569368 0.0189393107318 -0.0155778446965
-0.0155753177608 0.0179073018857 -0.0147205527008
-0.0163901082708 0.0168491494048 -0.0138329579525
-0.0170668767992 0.0157485233691 -0.0129196319729
-0.0175526575058 0.0146004663774 -0.011989811554
-0.0179085436379 0.0134458103265 -0.0110447453498
-0.0182077622478 0.0123126638217 -0.010078151825
-0.018473074864 0.0112029155839 -0.00908480817249
-0.0186898241182 0.0101081715212 -0.00806402787803
-0.0188173395431 0.00901892188334 -0.00702159543765
-0.0188034667769 0.00792985014552 -0.0059696488401
-0.018676605108 0.00684969218765 -0.00490536160908
-0.0184690364606 0.00578349683557 -0.00382216940657
-0.0182210137429 0.00473336255464 -0.00270764810102
-0.0179290514325 0.00369660526516 -0.00155916388294
-0.0175407073849 0.00267041641946 -0.000392092495062
-0.0169389703203 0.00165517154062 0.000744720267734
-0.0162994726533 0.000655004731336 0.0019149110194
-0.0134477301395 0.0196935857129 -0.0182602734739
-0.0145117788024 0.0185652599422 -0.0174059886694
-0.0156783557092 0.0175246549693 -0.0165298363646
-0.0167470790724 0.0164357755269 -0.0156100548966
-0.0175036031969 0.0152259424011 -0.0146479128808
-0.0180254720929 0.0139732097694 -0.0136602509946
-0.0183798175145 0.0127235434435 -0.0126549094331
-0.0186503050619 0.0115069090393 -0.0116315998873
-0.0188937442949 0.0103305246111 -0.010584597606
-0.019094526438 0.00918279633949 -0.0095111613388
-0.0191883016075 0.00805164137053 -0.00841647079547
-0.0191438215213 0.00693702089163 -0.00730634114274
-0.0189826427541 0.00584404849026 -0.00618011042192
-0.0187544314198 0.00477458837118 -0.00502960203577
-0.018487489685 0.00372557839832 -0.00384669612435
-0.0181753667671 0.00269342762453 -0.00262897497612
-0.0177940570214 0.00167704516895 -0.00137912789009
-0.0172144472084 0.000686701004232 -0.000134796671976
-0.0165824383821 -0.000286680908181 0.001144463789
-0.0132059223594 0.01944192267 -0.020024265749
-0.0143296075963 0.0181777224472 -0.0191388353568
-0.0156459604075 0.0170625111089 -0.0182582840644
-0.016901082306 0.0159127178333 -0.0173293937668
-0.0178246839609 0.0146370103715 -0.0163319349412
-0.0183677147589 0.0132822291431 -0.0152853730347
-0.018720118281 0.0119476620313 -0.0142163653368
-0.0189705777884 0.0106612902347 -0.0131308133725
-0.0191761131872 0.00942683302795 -0.0120267330877
-0.0193355962196 0.00823402908373 -0.0108999760094
-0.0193993203906 0.00707320970294 -0.00975018038522
-0.0193241007492 0.00594355008854 -0.00858087603767
-0.0191210367011 0.00484800151954 -0.00739328666693
-0.0188446764012 0.0037844034888 -0.00618190584482
-0.018545796065 0.00274455028961 -0.00493709677655
-0.0182240930841 0.00172203220644 -0.00365373309736
-0.0178702861137 0.000712998918812 -0.00232815876204
-0.017339335384 -0.000261956511566 -0.000988131097837
-0.0167206520674 -0.00121419383106 0.000383733662515
-0.0130349065483 0.0192293877989 -0.0217364874558
-0.0140946768179 0.0177503200092 -0.020785769294
-0.0155180936235 0.0165430702212 -0.0199098626326
-0.0168925705569 0.0153049516205 -0.0189830266211
-0.0178939715476 0.0139360477094 -0.0179577816656
-0.0185090353652 0.0125077985611 -0.0168611411462
-0.0188905674656 0.0111069687349 -0.0157308926399
-0.0191467749354 0.00976588940284 -0.0145826049101
-0.0193039793661 0.00848480099458 -0.0134173485504
-0.0194024947375 0.00725914146537 -0.0122340456303
-0.0194391948555 0.00607971644513 -0.0110287855926
-0.019347129922 0.00494422529572 -0.00980040894555
-0.0191147003129 0.00385510161435 -0.00855070337117
-0.0187969640022 0.002806557722 -0.00727752204314
-0.0184745384671 0.00178160076517 -0.00597181344955
-0.0181493114982 0.000770808983823 -0.0046270163678
-0.0177821735626 -0.000224677895032 -0.0032418911645
-0.017282491679 -0.00118644704766 -0.00182644172828
-0.0167199950301 -0.00213004229691 -0.000369340667214
-0.012872352463 0.0190089711647 -0.0234175447557
-0.0138195782808 0.0172881943182 -0.0223625215013
-0.0152898252321 0.0159625911368 -0.0214884968557
-0.016741412995 0.0146230828242 -0.0205704907899
-0.017822793533 0.0131665818589 -0.0195281329894
-0.0184734336897 0.0116607703289 -0.0183831487929
-0.0188701472926 0.0101999584033 -0.017193795065
-0.0191262908346 0.00881380564115 -0.0159847140968
-0.0192721284223 0.00750145944057 -0.0147590933577
-0.0193286336315 0.00625644996457 -0.0135165594826
-0.0193196430084 0.00506914241197 -0.0122553028613
-0.0192010113097 0.00393688334714 -0.0109703036632
-0.0189653332839 0.00285858837903 -0.00966083794158
-0.0186524094267 0.00182456547996 -0.00832604808381
-0.0183159371867 0.000817171047135 -0.00696145896204
-0.0179677984662 -0.00017494478934 -0.00556103501066
-0.0175857407198 -0.00115269049443 -0.0041206350229
-0.0170784611893 -0.00209194923716 -0.00264460892037
-0.0165691146399 -0.00303138081303 -0.00111907974817
-0.0122047247916 0.0184071519373 -0.0248382709235
-0.0134647172058 0.0167662813983 -0.0238694813634
-0.0149843586173 0.0153300070124 -0.0230089729097
-0.0164897433686 0.0138813419301 -0.0221058211514
-0.017623221536 0.0123296127494 -0.0210496762351
-0.0183084669453 0.0107498112731 -0.0198601468958
-0.0187016314467 0.00923309994049 -0.018609281953
-0.0189457601255 0.00780949432269 -0.0173385689381
-0.0190722460245 0.0064753285636 -0.0160527280838
-0.0190900330734 0.00522311799103 -0.0147503982345
-0.0190355692834 0.00404020613609 -0.0134325582154
-0.0189043977991 0.00291754003313 -0.0120941774539
-0.0186832429632 0.00185077257068 -0.0107308494617
-0.0183959152055 0.000828326140072 -0.00934101476334
-0.0180875197877 -0.000169985689927 -0.00792179207795
-0.0177168408573 -0.00113879033844 -0.00646777278294
-0.0172656483953 -0.00207527194797 -0.00497644137925
-0.0167783587606 -0.00299800754481 -0.00344400020927
-0.0163169353729 -0.00393498741608 -0.00186237127329
-0.0113490517887 0.0176549882076 -0.0260483222821
-0.0130358983627 0.0161876554429 -0.0253206143977
-0.0145866909108 0.014635470769 -0.0244794055675
-0.0161454772828 0.0130767923146 -0.0236051977085
-0.0172614186742 0.0114148145581 -0.0225176961827
-0.0179757872282 0.00976563626604 -0.0212878834327
-0.0183804288053 0.00820239076606 -0.0199802375133
-0.0186316548903 0.00674883766512 -0.0186525295553
-0.0187145916272 0.00540446815747 -0.0173009418192
-0.0187031676805 0.00415525431782 -0.0159398009262
-0.0186235857535 0.00298389752088 -0.0145677475382
-0.0184897828692 0.00187418790821 -0.01318017746
-0.0182673963597 0.000825730695248 -0.0117672553623
-0.0180158936739 -0.000188256642628 -0.0103308235573
-0.0177717109358 -0.00119164258478 -0.00886688217861
-0.0173936558628 -0.00213702111592 -0.00736200038987
-0.0168923862193 -0.00302737129805 -0.00581747161004
-0.016415212204 -0.00392841295993 -0.00423455609369
-0.0159978627124 -0.00486307636569 -0.00260575426529
-0.0103707596034 0.016793903123 -0.0270320979005
-0.0125153570024 0.0155422297452 -0.0267221552439
-0.0140518934227 0.0138588024731 -0.0258885627094
-0.0156109795735 0.0121785403152 -0.0250364846154
-0.0167467449682 0.0104225410221 -0.0239383157984
-0.0174640132467 0.0087069155429 -0.0226630847841
-0.0179079286677 0.00710319218077 -0.0213117744165
-0.0181561083668 0.00562724333713 -0.0199258010322
-0.0182308751806 0.00427915098704 -0.0185150255674
-0.018204564066 0.00303875316117 -0.0170973826975
-0.0180947362326 0.00188871693071 -0.0156700851885
-0.017935608724 0.000804928323254 -0.0142326157876
-0.0177198880578 -0.000222931556579 -0.0127757559884
-0.0175083249122 -0.00123091197269 -0.0113012967685
-0.0173127657371 -0.00223726980504 -0.00980145344558
-0.0169541852804 -0.00316523998056 -0.00825205590025
-0.0164756762545 -0.00403289147553 -0.00665901049266
-0.0160416444553 -0.00492580602217 -0.0050311999759
-0.0156660609693 -0.00585745213724 -0.0033613575977
-0.00944275003493 0.01594742584 -0.0279034051123
-0.0118964157177 0.0148267096493 -0.0280890100786
-0.0134144804848 0.0130116385542 -0.0272684659829
-0.014968778132 0.0112054940383 -0.0264473400278
-0.0161164289103 0.00935067879871 -0.02534042032
-0.016849766418 0.00756889546962 -0.0240247734225
-0.0172851776377 0.00592842131789 -0.0226114407682
-0.0175372703596 0.00443593271094 -0.0211692648345
-0.0176062498984 0.00309180565914 -0.0196995025897
-0.0175705290297 0.00186755811274 -0.0182268949258
-0.0174260007513 0.000752145007623 -0.0167422230611
-0.0172284049498 -0.000289214276181 -0.0152526319198
-0.0170311010062 -0.00129663862068 -0.0137594024471
-0.0168701502311 -0.00230491419896 -0.012257001864
-0.016707503871 -0.00330806801305 -0.0107272021234
-0.0163836328639 -0.00422297003802 -0.00914104933341
-0.0159974415324 -0.00510411587931 -0.00751312845576
-0.0156387253498 -0.00600729008031 -0.00584958621039
-0.0152977391793 -0.00692956608575 -0.00414321977453
-0.00867075316251 0.0152034045695 -0.0288473403509
-0.0109902851033 0.0139427362257 -0.0292333672132
-0.0126044102997 0.0120677347388 -0.0285815091522
-0.0141508207563 0.0101381575442 -0.0278121154235
-0.0153138781701 0.00818545405124 -0.0267105146957
-0.0160926352248 0.00633595289099 -0.025376009593
-0.0165387588704 0.00466065387956 -0.0239048713628
-0.0167780281261 0.00316168265859 -0.0223948317718
-0.0168634382619 0.00182153802066 -0.020872883771
-0.0168032996809 0.000628933940497 -0.0193372281564
-0.0166462174497 -0.000448466173356 -0.0177991369774
-0.0164371673456 -0.0014480939647 -0.0162623789393
-0.0162465324418 -0.00242623040529 -0.0147333096207
-0.0161164489103 -0.00342663734039 -0.0132058966136
-0.015978337124 -0.00442092176951 -0.011650322253
-0.0157283619818 -0.00534635637492 -0.0100402704801
-0.0154092816073 -0.00623067576967 -0.00838329448019
-0.0150888017942 -0.00712078192612 -0.00668724582775
-0.0147578993458 -0.008010570106 -0.00494645622782
-0.00794580382062 0.0144949736155 -0.02988742193
-0.00995322590775 0.0129765080018 -0.030249390576
-0.011540299016 0.0110100546082 -0.029722255696
-0.0130059619484 0.00897067036608 -0.0289783832868
-0.0141657310114 0.00694311512692 -0.0279056457246
-0.014988834528 0.00504257076524 -0.0265836796944
-0.015514830598 0.00333070629536 -0.025114899272
-0.0157814694784 0.00182926085361 -0.0235615401646
-0.0158954381383 0.000499226789637 -0.0219982214826
-0.0158589592268 -0.000668699889087 -0.0204194145395
-0.0157351465995 -0.00172146369626 -0.0188454707204
-0.0155437054184 -0.00268598567746 -0.0172706339765
-0.0153557530251 -0.00362513696825 -0.0157055664036
-0.0152194478779 -0.00458971748658 -0.0141472522726
-0.015090849438 -0.00556030153626 -0.0125670855273
-0.0149093817489 -0.00649628546697 -0.0109414287503
-0.0146452048176 -0.0073748842984 -0.00926107529156
-0.0143322905822 -0.00822156384559 -0.00753211904589
-0.0140158834533 -0.00907030097711 -0.00576061715591
-0.00715169836575 0.0137466446537 -0.0309862487585
-0.00883438235801 0.0119535196806 -0.0312020337665
-0.0102891298761 0.00987066046607 -0.0306988661627
-0.0116757326636 0.00773803047993 -0.0300166290755
-0.0127879607337 0.00564937594358 -0.028958713882
-0.0136319707434 0.00370731978533 -0.0276636156934
-0.0142436182299 0.00195120256058 -0.0262363435098
-0.0145813387806 0.000432260740179 -0.024680678387
-0.0147180916143 -0.000875302678745 -0.0230766928196
-0.0147216116697 -0.00201945334223 -0.0214676421469
-0.014616897244 -0.00302899617219 -0.0198558640613
-0.0144589164268 -0.00395929895122 -0.0182537886983
-0.0142843505536 -0.00485455358589 -0.0166590292498
-0.0141733310146 -0.00579702340847 -0.015082571843
-0.0140785220739 -0.00675683811992 -0.0134881643951
-0.0139218436051 -0.00766813428294 -0.0118421899135
-0.0136897675969 -0.00851805578428 -0.010139090531
-0.0133914912149 -0.00931320047575 -0.00838076478603
-0.0130719197126 -0.0100918191557 -0.00657677291641
-0.00623689899065 0.0129418521776 -0.0322111102605
-0.00761107988162 0.0108618990908 -0.0320727198111
-0.00887701031774 0.00867009157002 -0.0314703519297
-0.0100946789048 0.00647955731964 -0.0307500271306
-0.0111560260805 0.00435498917327 -0.0297646066231
-0.0119951230515 0.00239095710092 -0.0285247708753
-0.0126281179198 0.000623150987998 -0.0271355405848
-0.0130490792643 -0.000921673144548 -0.0256332768439
-0.0132498000307 -0.00222298572818 -0.0240386516095
-0.0132921957493 -0.00333074186362 -0.0224135231342
-0.0132470638124 -0.0043178748924 -0.0207973339024
-0.0131207376179 -0.00520098476157 -0.0191758511359
-0.0129944763294 -0.0060721929973 -0.0175737866514
-0.0129128175625 -0.00698880328149 -0.0159876528574
-0.0128227756526 -0.0079024335368 -0.0143752466924
-0.0126782849101 -0.00876593940663 -0.0127106404727
-0.01247267021 -0.00957145600992 -0.0109890482727
-0.0122084568788 -0.0103197719379 -0.00921023948626
-0.0119223283409 -0.011046761493 -0.00738402393815
-0.00508923902237 0.0119410474211 -0.0330996299058
-0.00626848503413 0.00969453093224 -0.0328009331707
-0.00739010450708 0.00742404400728 -0.032163902959
-0.00845662815226 0.00519187624902 -0.0314028263368
-0.00939129939463 0.00307240435827 -0.0303812266602
-0.010163806748 0.00112883492353 -0.0291581184032
-0.0107873046316 -0.000631325045133 -0.0278251634509
-0.0112161980355 -0.00214929179159 -0.0263550623441
-0.0114720277965 -0.00344071472264 -0.0248069818017
-0.0115966303248 -0.00455432037936 -0.0232293227546
-0.0116102205604 -0.00551845092668 -0.0216304012008
-0.0115663269801 -0.00640479514911 -0.0200348575726
-0.0114849571628 -0.00724458656401 -0.0184347482767
-0.0114049951781 -0.00809220714716 -0.0168327564365
-0.0113128359771 -0.0089332434229 -0.015204108831
-0.0111842404598 -0.00973711194386 -0.0135275398162
-0.0109980309738 -0.0104756233914 -0.0117900859728
-0.0107829947616 -0.011183811039 -0.0100012003211
-0.0105532096128 -0.0118755687107 -0.00816389071726
0.00129603769385 -0.0180576782512 0.00604916028364
-0.000202802104073 -0.017221373606 0.00721897189958
-0.00176670651969 -0.0162744346384 0.00825373398599
-0.00343487550357 -0.0153115049945 0.00919518131969
-0.00513986562467 -0.014147534054 0.00997267599666
-0.00696195351756 -0.0129523595456 0.0106590512321
-0.00880571771153 -0.0115461707135 0.0111690259505
-0.0107049960566 -0.0100073289565 0.011537621556
-0.0126249432623 -0.00830961283247 0.0117519702615
0.00138501314683 -0.018205374 0.00534021496003
-0.00025777270398 -0.0174209733955 0.00657117233412
-0.00195314523602 -0.0164745794377 0.00765897283888
-0.00374379680351 -0.0154650811407 0.00863583693356
-0.00550237146663 -0.0141427022976 0.0094072058434
-0.00748910953942 -0.0129499522322 0.010152874112
-0.00941061186508 -0.0114241611956 0.0106739477698
-0.0113671247066 -0.00974348007103 0.011043775545
-0.0132587798047 -0.00782999590441 0.0112230680701
0.00144090475448 -0.0182660634904 0.00459479618654
-0.000332606698236 -0.017538631567 0.00586062811192
-0.00215846702308 -0.0166189180081 0.00698866345232
-0.00404985072285 -0.0155538323313 0.00798660960011
-0.00582618871563 -0.0140788006859 0.00875320295409
-0.00799017009495 -0.0129206321214 0.00956366308292
-0.00996517794156 -0.0112865232687 0.0101055966142
-0.0119240134133 -0.00945274203124 0.0104807349654
-0.0137870832607 -0.00737408591386 0.0106657469862
0.0014507691797 -0.0182889671752 0.00382576360415
-0.000438638164109 -0.0176166211015 0.00510308211512
-0.00238826598495 -0.0167415906882 0.00625782874385
-0.00436312415569 -0.0156269704182 0.00727133342366
-0.00614645432207 -0.0140284538525 0.0080441149097
-0.00844591546681 -0.0128724163231 0.00889991335813
-0.0104791619518 -0.0111655985076 0.00948149168391
-0.0124023414808 -0.00917998838051 0.00987221033547
-0.0142412131575 -0.0069725123943 0.0100957159175
0.00140844990879 -0.0183122325973 0.00303595419545
-0.000595044698128 -0.0177174377035 0.0043089302452
-0.00264158246329 -0.0168511435651 0.00547081313541
-0.00466994142079 -0.0156749669135 0.00649088308812
-0.00646162286867 -0.0139889648029 0.00727934002681
-0.00883125415769 -0.0127980288637 0.0081633678941
-0.0109497412803 -0.01106929782 0.00880641335593
-0.0128340134168 -0.00895700744957 0.00923387556866
-0.0146230434725 -0.00662740609441 0.00951439277446
0.00131410611035 -0.0183454494587 0.00221920591926
-0.000800117382997 -0.0178411944043 0.00347202701928
-0.00291629422459 -0.0169507864858 0.00462982336033
-0.00495628254596 -0.0156821567758 0.00564534528025
-0.00680060702388 -0.0139940454114 0.00646926956203
-0.00916982894967 -0.0127306972703 0.00737008751672
-0.0113688656619 -0.0109977690874 0.00808156937282
-0.0132616253341 -0.00881261762879 0.00857706871504
-0.0149589011506 -0.00635400707767 0.00892817802491
0.00117646658592 -0.0183331057694 0.00137168843665
-0.00102313107585 -0.017891878445 0.00258424256218
-0.00320029646269 -0.0170194809485 0.0037336289978
-0.00524742800576 -0.01568658043 0.00474660141354
-0.00714271333871 -0.0140165810188 0.00560440728677
-0.00947934338736 -0.0126870365875 0.00652695512183
-0.0117257628354 -0.0109471307579 0.0073067946526
-0.0136328772286 -0.00870810794642 0.00788360139558
-0.0152307492162 -0.00613836092051 0.00832974892668
0.000998314341254 -0.0182485406291 0.000500407515968
-0.00126625238578 -0.0178704649496 0.00165375990706
-0.00348501753322 -0.0170348450007 0.00278329333556
-0.0055513202416 -0.0156961639364 0.0037963713231
-0.00749669295939 -0.0140684097991 0.00468800932496
-0.00975721898151 -0.0126597431954 0.00563151274007
-0.0120013699336 -0.01090416378 0.00647907843626
-0.0139354191465 -0.00863838932544 0.00715203981243
-0.0154074083482 -0.00596629723769 0.00771528618337
0.000783907729982 -0.0180562286024 -0.000374440021855
-0.00153194963299 -0.0177717551958 0.000689265441166
-0.00376657249103 -0.0169674725438 0.00178094831971
-0.00585822504644 -0.0156842157408 0.00278915529799
-0.00784149439025 -0.0141208646349 0.00371216868244
-0.010003210999 -0.0126399658014 0.00468072092847
-0.0121981855752 -0.0108682605978 0.0056004802458
-0.0141492779362 -0.00859463662184 0.00638154772259
-0.0155062340533 -0.00584924584766 0.00709046090248
