0.00950337264163 -0.0105264540018 0.0124228949213
-0.00472589400644 0.000479079026259 0.0185921137095
0.015271916191 -0.000720610580885 -0.0194058121554
-0.0136060891993 0.0205234140334 -0.00710933742998
0.0211556669435 0.00693025377406 0.0122107134822
0.00870252615449 0.0164750451422 0.0180295710992
0.0231120950021 0.00501718822884 0.0165932279416
0.00970454834958 0.0151892390838 0.0231362894647
0.0237488839053 0.00379472714096 0.0202648408666
0.010489734199 0.0135166041725 0.027563293761
0.024564242481 0.00277035573524 0.0240819423649
0.0114783028294 0.0123447998738 0.0303905720559
0.0241607562137 0.00186884256556 0.0271169606784
0.0124996991164 0.0111995263014 0.0333951685683
0.0312879638395 0.00584324949403 0.0323002655469
0.017777205542 0.0164701337914 0.0385066421788
0.0244006795569 0.000597593297968 0.0392722931984
0.0165749778763 0.00573794808425 0.0418272265616
0.0219677355847 0.00162251495323 0.0409762470224
0.019268470481 0.00384749617289 0.0416722869352
-0.00674407270119 0.00941741212135 -0.0311999798326
0.0187070124243 0.00454590842471 -0.0146272335681
-0.00644950643497 0.0235320841826 -0.00364365482923
0.020042994219 0.00752481605705 0.0117451577613
0.0207343341008 0.00670973690621 0.0133379618181
0.0223831467832 0.00618901345849 0.01282116332
0.0217479046424 0.00715491726918 0.0112358006286
0.00955106509815 0.0154249462249 0.0170739989828
0.00948480289384 0.0153059394924 0.0185965343397
0.00809779153219 0.0171757185511 0.0194220508435
0.00857029983527 0.0168049639874 0.0176120062742
0.0213818619806 0.00568999643177 0.0157196646749
0.021953079747 0.00500952680251 0.0179522692665
0.0242183193162 0.00438359664844 0.0168488353751
0.0233509107636 0.00523485845926 0.0149545857255
0.0100566838 0.0143845325852 0.0215160291849
0.0103056940302 0.0136911457555 0.0238387424718
0.00897862502239 0.0161168286395 0.0243400910148
0.00869481396582 0.0161657096992 0.0223503946696
0.0222052213984 0.00417646543844 0.0196054532309
0.0227541361156 0.00372324945977 0.0216042351829
0.025476407991 0.00314956218416 0.0209924319936
0.0247013501098 0.00385964820945 0.0192196019015
0.0108115123142 0.0131741884013 0.025593085111
0.0111664162848 0.0125352192897 0.0275971331134
0.00995618367056 0.0149073330649 0.0283348872012
0.010061578317 0.0151505064221 0.0265547813621
0.0231799941479 0.0030184042783 0.0245193243212
0.0258781655084 0.00264313524844 0.0233578592627
0.0121709807574 0.0112488011733 0.0302691038855
0.0106025558087 0.0135836763718 0.0306598775096
0.0233197830775 0.00219017200966 0.0274079901745
0.0249497418775 0.001597545015 0.0268397736209
0.0129938921632 0.0104003268038 0.032933063298
0.0120063759289 0.0118140171268 0.0337913462517
0.0222682759523 -0.00389396306717 0.0339940581667
0.011936300245 0.00467463297458 0.0393492984224
0.0218684279759 -0.00413683818713 0.0356414416061
0.0122658406314 0.00282370583143 0.0402598623437
0.0216882523289 -0.00137896205232 0.0380529780661
0.0156720132586 0.00317861053232 0.0406130032834
0.0198055298621 0.00526984494749 0.00921178935505
0.0224198105209 0.00266223350851 0.0132837262663
0.0235273279669 0.00110561556518 0.0172658197882
0.0239023746348 -0.000379923538515 0.0213663376972
0.0247483246582 -0.00018998886823 0.025247742776
0.0249401209665 -0.00127881133174 0.027798377068
0.00633857193007 0.0156832303411 0.015596459988
0.0055514881893 0.0150710674039 0.0215014328972
0.0074274668977 0.0139540503911 0.0256823360334
0.00861603023493 0.0123343403141 0.029233121101
0.0087644094361 0.0113186630184 0.0315763163297
0.00916248674694 0.00979685569055 0.0349002191211
0.011264248783 0.00746925435383 -0.00782281636525
0.000508048903289 0.0158400050092 -0.00263998291976
0.014040385189 0.00569423353052 -0.0205760827862
-0.00953862124872 0.0223661785376 -0.0100273546449
0.0211041571856 -0.000739547471483 -0.0128945036541
-0.00985089344164 0.0232017235231 0.00107425695859
0.0136820720615 0.00460662532006 -0.0097855721137
-0.0035727303416 0.0171286197191 -0.00202407064306
-0.00255970443813 -0.0158270500151 0.00840996136664
-0.000844585318943 -0.0164154021089 0.00806693262492
0.000432592567308 -0.0172762312571 0.00713892925529
0.00156006147785 -0.0179501000038 0.00614434980844
0.00268788455256 -0.0183632750012 0.00526416814975
0.00389914916249 -0.0185311909042 0.00460109599132
0.0051917187531 -0.0184905996438 0.00417436283032
0.00651707942148 -0.0182630577825 0.00394233697899
0.00783436872851 -0.0178466403537 0.00382499120198
0.00914137594248 -0.0172428599035 0.00384384299295
0.00914137594248 -0.0172428599035 0.00384384299295
0.0102292209237 -0.0163538843974 0.00447750747658
0.0110606479877 -0.0155092938035 0.00540267631852
0.0115101674549 -0.0147538821914 0.00645837668816
0.0116382591775 -0.0140658231285 0.0075019713939
0.0115623739567 -0.0133927030615 0.00849594074787
0.0113590914266 -0.0126811749179 0.00946005696208
0.0110321345355 -0.0118936880769 0.0104237260186
0.010404917077 -0.0111692300837 0.011414623246
0.00950337239499 -0.0105264546746 0.0124228948214
0.00950337239499 -0.0105264546746 0.0124228948214
0.00794865371667 -0.00976905341532 0.0128912709825
0.0064641607566 -0.00912957341581 0.0132739622492
0.00503157134625 -0.00878799317967 0.013467542111
0.00372197137756 -0.00870430196651 0.0134185561349
0.00256186768647 -0.0087486020861 0.0131953990235
0.00152441798394 -0.008859230492 0.0128695940838
0.000533159957008 -0.0089751620873 0.0125200478486
-0.000373596698281 -0.00923218004734 0.0120302565828
-0.00119712096108 -0.00963055506249 0.0113928592878
-0.0106654643427 -0.00966321827004 0.0117697453857
-0.011613102471 -0.0084157078733 0.0125930138011
-0.0129090844432 -0.00719447444486 0.0127033798859
-0.0140186053377 -0.00599132687476 0.0126227281184
-0.0148291794498 -0.0047463011514 0.0125687079201
-0.0153203626139 -0.0034188875218 0.0126626891276
-0.0155135575524 -0.00200040819858 0.0129152592869
-0.01539267598 -0.000520257415251 0.0133873836631
-0.0149843038252 0.000988619239743 0.0139922730448
-0.0142223044802 0.0023825112871 0.014773815195
-0.0142223044802 0.0023825112871 0.014773815195
-0.0133684779075 0.00299084619687 0.0155217402788
-0.0123881642167 0.00323374846174 0.0162497180538
-0.0113913886846 0.00330405207944 0.0168486926332
-0.0103798171342 0.00327940220132 0.017360727546
-0.00932290456951 0.00313979719859 0.0178064887363
-0.00818899816718 0.00288604358315 0.018185884729
-0.00696860430074 0.00243108898549 0.018452639851
-0.00576400907095 0.001622270668 0.0185604775512
-0.00472589400644 0.000479079026259 0.0185921137095
-0.00472589400644 0.000479079026259 0.0185921137095
-0.00378095167902 -0.000740956113538 0.0180936380261
-0.00302217381504 -0.00189676531893 0.01755698364
-0.00255026611934 -0.00300546704119 0.0169806587836
-0.00230622533778 -0.00402034281573 0.0163630980637
-0.00229966917779 -0.00492928740473 0.0157085269126
-0.00246809203229 -0.00572855056453 0.0150194272243
-0.00268042164872 -0.00646674837501 0.0142789909255
-0.00308378843509 -0.00713572496724 0.0134909504
-0.00371284842623 -0.00771701877916 0.0126619456745
0.0312879625408 0.00584324989653 0.0323002660422
0.0305865317009 0.00527924336447 0.0317438753924
0.0299881221921 0.00453013509446 0.0313487007471
0.0293755978809 0.00376419458946 0.0309748431122
0.028690873989 0.00307438713128 0.0305847198738
0.0279332340244 0.00246600253857 0.0301830279842
0.0271011715012 0.00195372510389 0.0297530241842
0.0262446751301 0.00141216202774 0.0294042336136
0.0253100129086 0.000967727725716 0.0290402889325
0.0243375235327 0.000626002534222 0.0285304684022
0.0312879625408 0.00584324989653 0.0323002660422
0.0306293234623 0.00540624768051 0.032645783131
0.0306346932438 0.00340178519049 0.0331925681234
0.0301790317352 0.00210433107208 0.0332621025585
0.0296484964754 0.000931408363822 0.0333177108157
0.0290623960247 -0.000221009125563 0.0332977385732
0.0283907397101 -0.00134161720541 0.0331254117972
0.0276158889051 -0.00240545869083 0.0327735216671
0.026775459003 -0.00344819799757 0.0323178185237
0.0258394919456 -0.0044277100324 0.031709281175
0.0312879625408 0.00584324989653 0.0323002660422
0.0304660785972 0.00522811799866 0.0327869189294
0.0299839023477 0.00389880980672 0.0333100757319
0.0292958532342 0.00289919957181 0.0335202638511
0.0285922986265 0.00195323837174 0.0336881459317
0.0278803883376 0.00100946816809 0.0337712793967
0.0271346689063 8.19416171108e-05 0.0336777083848
0.0263506266231 -0.000816442016956 0.0333601610706
0.025560165693 -0.00171010032352 0.0329637769019
0.0247496823303 -0.0025979043875 0.0324999412286
0.0312879625408 0.00584324989653 0.0323002660422
0.0303963300198 0.00510310338434 0.0329091881736
0.0296007185983 0.00416128967165 0.0333306662606
0.0287359834026 0.00337438510141 0.0336132060635
0.0278765316225 0.00260606941382 0.0338327033131
0.0270190148864 0.00183510711896 0.0339571316612
0.0261771800599 0.00102946157925 0.0337582043892
0.0253650903959 0.000222031903053 0.0333814071862
0.0245527753234 -0.000566964674544 0.032977458965
0.0236242155614 -0.00130532263645 0.0325700608022
0.0177772069011 0.0164701348687 0.0385066420485
0.0170936356418 0.0159414867857 0.0378618676867
0.0160776870529 0.0151603270561 0.0374988748005
0.0151714863718 0.014447744839 0.0372028984018
0.0143936267238 0.0137970011893 0.0368927934734
0.0137528443296 0.0132030159407 0.0364810451198
0.0132362188326 0.0126710006031 0.0359695279405
0.0128069284756 0.0121920840123 0.0354698835606
0.012348928498 0.0115960981493 0.0351445115796
0.012076177254 0.0111612839932 0.0346493633518
0.0177772069011 0.0164701348687 0.0385066420485
0.0174951217723 0.0157151760498 0.0392164670344
0.0164984463998 0.0146396767549 0.0397305544487
0.0156445525719 0.013697105515 0.0400397183523
0.0147968327039 0.0127480046993 0.0402877064506
0.0138689004091 0.0117529877655 0.0404763013757
0.0127912873887 0.010757650098 0.0404152702312
0.011614151641 0.00974036391106 0.0402206438918
0.0103319723944 0.00871457872726 0.0398496549547
0.00900829091579 0.00772101029785 0.0392005845354
0.0177772069011 0.0164701348687 0.0385066420485
0.0175935406621 0.0154357948934 0.0389723793812
0.0169355560373 0.0142465939834 0.0393126935408
0.0163370939038 0.0131783057323 0.0395088061339
0.0156958425907 0.0121357894608 0.0396361058556
0.0149474406339 0.0111301120153 0.0396218590531
0.0141044596979 0.0101613728697 0.0394769157005
0.0131692099202 0.00922493376328 0.0392115083907
0.0121557143751 0.00829941148062 0.0388721821781
0.011089444838 0.00736799600789 0.0385033223084
0.0177772069011 0.0164701348687 0.0385066420485
0.0176179424623 0.0153861862947 0.0388089410269
0.0171641320925 0.0142833323141 0.0389912521042
0.0167610600403 0.0132558860142 0.0390438002856
0.0163855146926 0.0122075805574 0.039044624566
0.0159494527759 0.0111075959998 0.0390022003491
0.0152192275122 0.010089630462 0.0387528792794
0.0143740051364 0.00911506875436 0.0383668582466
0.0134413328074 0.00817930439262 0.0378536470785
0.0125151263171 0.00706351514265 0.0374227818638
0.00210768601755 -0.0176634317787 -0.00189004602079
0.00364375668471 -0.0179437955188 -0.00179377230692
0.00508788128294 -0.0181490482235 -0.00165910938352
0.00646751437149 -0.018343113259 -0.00153618846238
0.00777810283282 -0.0183832634369 -0.00134819801039
0.00895940213373 -0.018170895057 -0.00100788442497
0.0100678344556 -0.0178965717335 -0.000648244724533
0.0110834130987 -0.0175071172243 -0.000230062045791
0.0121187560778 -0.0171103806422 0.000125944157093
0.0130592165015 -0.0165563169078 0.00056469728186
0.0130592165015 -0.0165563169078 0.00056469728186
0.0144054500269 -0.0158147445046 0.00151787955074
0.0155136516299 -0.014955852755 0.00250244619298
0.0164032715278 -0.0141123629324 0.00346152318857
0.0170538141873 -0.0133191447624 0.00441698365499
0.0177365746769 -0.0125753978334 0.00518399586098
0.0184608986673 -0.0118479084245 0.00576471761661
0.0192708801023 -0.0111673746707 0.00608182918391
0.0200397196011 -0.0105304298732 0.00623748140473
0.0207728469961 -0.0100548173391 0.00612764504334
0.0207728469961 -0.0100548173391 0.00612764504334
0.0214626246761 -0.00976247339166 0.00582785730488
0.0220409374626 -0.00946000253499 0.0054416886137
0.0225302687813 -0.00920043935873 0.00490444708628
0.0229366309541 -0.0089821441578 0.00420967439671
0.0232120314773 -0.00888374010909 0.00333201482673
0.0233567480336 -0.00889211812997 0.0022908157934
0.0234252006808 -0.00892394105435 0.00110308331911
0.0233967557926 -0.00901514274297 -0.000241782582871
0.0233157823568 -0.00906421507206 -0.00174494675907
0.0233157823568 -0.00906421507206 -0.00174494675907
0.0231151080152 -0.00891846182572 -0.00407113394102
0.0225830083962 -0.00898589471702 -0.00650677251017
0.022141903171 -0.00838380992377 -0.00871235704959
0.0216453928788 -0.00729527408093 -0.0105594050935
0.0208627322921 -0.00605317596744 -0.012173467207
0.0196661794062 -0.00473974299909 -0.0136324560343
0.0180947344105 -0.00388387125338 -0.0154071570121
0.0164136544697 -0.00322251566617 -0.0173527272976
0.0150905269098 -0.00273935011397 -0.0194425460638
-0.0172985219327 -0.00284272644157 0.0061987016115
-0.0177213797702 -0.00189500036972 0.00708416625617
-0.0181075244515 -0.000973196488751 0.00791740296394
-0.0184028102827 -4.86316376027e-05 0.0087057289914
-0.0185506644761 0.000894837956654 0.00944971655023
-0.0185428034863 0.00185612844976 0.0101479865033
-0.0183908751076 0.00283283199043 0.0108003896254
-0.0180847797965 0.00382144249387 0.0114055321188
-0.0176229996639 0.00481517850971 0.0119623375326
-0.0170289147628 0.00581917327511 0.0124731791138
-0.0170289147628 0.00581917327511 0.0124731791138
-0.016637004752 0.00618594545872 0.013246512681
-0.0161847340224 0.00668054848653 0.0140275282849
-0.0155904013184 0.00724432842397 0.0148023463891
-0.0148274760009 0.00783778593087 0.0155611690995
-0.013868328576 0.00842444926359 0.016297415983
-0.0126042476032 0.00891318141747 0.0170002309725
-0.0111364181059 0.00949190515305 0.0177199144886
-0.00982599763961 0.0104586793709 0.018492017238
-0.00896903027718 0.0117722021929 0.0192457365634
-0.00896903027718 0.0117722021929 0.0192457365634
-0.0085332068667 0.0129259114241 0.0190821951254
-0.00855198839554 0.0141135934595 0.0188405716948
-0.0089165817518 0.0151077416409 0.0185079814667
-0.00927182380209 0.0159087889858 0.0181137846412
-0.0095447928174 0.0166078424848 0.0176642341125
-0.00994904043757 0.0171438041007 0.0171480103798
-0.0104377373857 0.0175351008991 0.0165707102877
-0.010970738354 0.0178134125474 0.0159299890169
-0.0114719609276 0.0180441690795 0.0151977350584
-0.0114719609276 0.0180441690795 0.0151977350584
-0.012808248159 0.0188763175098 0.0129046857085
-0.0142418896871 0.0195785927793 0.0104874559604
-0.0147229862232 0.0203722458468 0.00804202351962
-0.0147936164562 0.0208841935188 0.00563539156082
-0.0145206782632 0.021028788001 0.0032366865098
-0.0119475551968 0.0200922707284 0.000956003552415
-0.0134118426726 0.02005480253 -0.00184876915913
-0.0142583333565 0.0199565575228 -0.00455781753765
-0.0148011191845 0.0199190099412 -0.0070987531869
0.00847233567103 -0.00853065425903 0.0262651901042
0.00955066184589 -0.00868414037832 0.0261993780689
0.010602908618 -0.00874199913702 0.0265296781107
0.0117255674733 -0.00849354386983 0.0271440763103
0.0128901585298 -0.00803505152081 0.028076792492
0.0139349341428 -0.00751174261752 0.029499352913
0.0150732661045 -0.00671682662581 0.0311967993871
0.0162135501734 -0.00575971831827 0.0332953919219
0.0174284412889 -0.00456788159345 0.0356839017965
0.0186725321719 -0.00303769448634 0.0382012558345
0.00504701120565 -0.00631452629036 0.0278476459541
0.00476260676867 -0.00551271994627 0.0285449870697
0.00502381372097 -0.00418758945846 0.0291109205724
0.00533274348709 -0.00408357880547 0.0304195931676
0.00613097100404 -0.00312749424979 0.0315070342587
0.00723395339295 -0.00242184607226 0.0328596786499
0.00866896944258 -0.00181315153386 0.0344115958438
0.0104657118852 -0.00149573384822 0.0363138979145
0.0125574628305 -0.00104188061531 0.0383417683342
0.01496948362 -0.00035959717869 0.0401731365229
0.0141513963639 -0.00236857717148 0.0349113213752
0.0141218390623 -0.0028530715352 0.0354225121114
0.014196214332 -0.00323840912709 0.0361013686506
0.0146005667593 -0.00306526984117 0.0367441476636
0.0151278212015 -0.0026467172932 0.0371937812911
0.0156676041324 -0.00227572330209 0.0377617461602
0.0162974001892 -0.00182652012223 0.03846994236
0.0170750400564 -0.00113179092553 0.0391162064998
0.0179963990361 -0.000145185288969 0.0395573109385
0.0190252176448 0.00104310852504 0.0398901028186
0.0212584183309 -0.00508054893278 0.00953945091287
0.0220203753675 -0.00588352061553 0.00855112691027
0.0228457585017 -0.00648578519358 0.00760485117484
0.0236243372253 -0.00688139081361 0.00659976148374
0.0242504707529 -0.00708565820752 0.00547159395948
0.0247707151756 -0.00707446599022 0.00424222391376
0.0250822595784 -0.0068876998387 0.00286843135394
0.0251413513601 -0.00657304277134 0.00134351398501
0.0250124420483 -0.00612094772756 -0.000300793058531
0.0247797329354 -0.00546528235876 -0.00203832003793
0.0247797329354 -0.00546528235876 -0.00203832003793
0.0247588565441 -0.00549747253411 -0.00337835149545
0.0244410823441 -0.00560926369141 -0.00471715946247
0.0240688790633 -0.0055145733764 -0.0060037881111
0.0237797535845 -0.00511637136302 -0.00724679105626
0.023362665991 -0.00459609559668 -0.00845234941162
0.0227523195387 -0.00397207615881 -0.00961056449005
0.0219805165951 -0.00319538138009 -0.0107201172273
0.0213943650508 -0.00210774424556 -0.0118115050154
0.0211041556074 -0.000739547831515 -0.012894503272
-0.00418596604048 0.0140068004578 0.0202872542209
-0.00513522907494 0.0153779673519 0.0197888792415
-0.00596679000007 0.0166281893838 0.0191952734615
-0.00679673266186 0.0175960568249 0.0184324708828
-0.00751490681102 0.0184414043312 0.0176585791045
-0.00814792286687 0.0191207921423 0.0168449517505
-0.00870186816638 0.0196162747286 0.0159913605161
-0.00909911007567 0.0200461094945 0.0151085481732
-0.00927554582445 0.0205481993578 0.0141810747933
-0.00939368755808 0.0208518104348 0.0131910623456
-0.00939368755808 0.0208518104348 0.0131910623456
-0.0101071992971 0.0211061918212 0.0121355817358
-0.010654244271 0.0213706791294 0.0110056820062
-0.0109859419988 0.0217288804233 0.00980603154052
-0.0111602612308 0.0220679655766 0.00853615420599
-0.011257504585 0.0222425768123 0.00718171215348
-0.0112688327004 0.0222559685991 0.00572900853983
-0.0111364572158 0.0221900222579 0.00417508758399
-0.0106361854711 0.0225230982484 0.00261119925458
-0.00985089393492 0.0232017221774 0.00107425675871
0.00839668299993 0.0123193701464 -0.0172830577817
0.00882452940399 0.01260211695 -0.0164526402583
0.00900067713303 0.0128295728093 -0.015609544235
0.00899904716516 0.0130033567963 -0.0147835606255
0.00887029401363 0.0131463748773 -0.0139443570519
0.00858273446593 0.0132639709892 -0.0130722763205
0.00807912154528 0.0133383111554 -0.0121864133953
0.00709369996284 0.0132156714526 -0.0114388663432
0.0059586582709 0.0130358398731 -0.0106793098247
0.00507748403778 0.0131188430638 -0.00965169993214
-0.000732607741187 0.0180871692018 -0.0146669408341
-0.000194037892102 0.0185366962854 -0.0137610201816
0.00034428740575 0.0189430040326 -0.0129513670597
0.000924432905434 0.0189726400937 -0.0122241409997
0.00153334981164 0.0187026894176 -0.0115847532822
0.00223025165903 0.0182856946847 -0.0109882760749
0.00300340972249 0.0175931044025 -0.0104515349752
0.00371358177393 0.0164169252704 -0.0100701050538
0.0041213151311 0.0146229020081 -0.00998025914432
0.00507748403778 0.0131188430638 -0.00965169993214
0.00950337239499 -0.0105264546746 0.0124228948214
0.00754430211247 -0.00961809096668 0.0133543094195
0.00549144856903 -0.00891133910282 0.014085611685
0.00342682976817 -0.00853274606321 0.0150084358072
0.00142794121416 -0.00830533126766 0.0162127787968
-0.000191118933364 -0.00721309702942 0.0169829069799
-0.0012670092987 -0.00511028749957 0.0171575289088
-0.00221118713897 -0.0030804014952 0.0175472494012
-0.00330824136287 -0.00128779391128 0.018155883746
-0.00472589400644 0.000479079026259 0.0185921137095
0.00847233567103 -0.00853065425903 0.0262651901042
0.00829412875286 -0.00617362648247 0.0259220088823
0.00797327990497 -0.00616239198761 0.0262135545218
0.0076157705683 -0.00625683200896 0.0264799782117
0.00661230519844 -0.00787636144111 0.0271166366241
0.00622421554399 -0.00764805070069 0.0272973652651
0.00588855028571 -0.00734931644629 0.027451043346
0.00558146710567 -0.00702984860457 0.0275924543796
0.00530557641252 -0.00668128622479 0.0277201485617
0.00504701120565 -0.00631452629036 0.0278476459541
0.000517787519563 -0.00800261621285 0.0167550521549
0.00123925567898 -0.00778631219666 0.0176340581351
0.00194115183364 -0.00762767650906 0.0186066619526
0.0026347966504 -0.00749682038034 0.0196473906831
0.00326806245718 -0.00752024526266 0.0207683033525
0.00386118522348 -0.00764316706157 0.021946456816
0.00444377978615 -0.00779262096883 0.0231831778477
0.00503598123588 -0.00792225099903 0.0244874960828
0.00569877311275 -0.00789688358769 0.025839896382
0.00641120098776 -0.0077735123122 0.0272107224906
0.00881244853052 -0.00823044751193 0.0190019613835
0.00746805368404 -0.00813927171712 0.0195750687086
0.00619414014981 -0.00827441815233 0.0201209495536
0.00509471409282 -0.0080044679158 0.0206270088646
0.00407459075705 -0.00770947403779 0.0211089935325
0.00313980127946 -0.00724885729685 0.0215743514293
0.00251127508898 -0.00621864972167 0.021957389404
0.00192726343694 -0.00515663725039 0.0223318330385
0.00148289175027 -0.00387211539123 0.022670413362
0.00101096037662 -0.00243943877031 0.0230483226067
-0.00119712096108 -0.00963055506249 0.0113928592878
-0.00189551628237 -0.00999503309255 0.0130176787824
-0.00256499988977 -0.00976324263683 0.0137547470597
-0.00317517379816 -0.0090179267716 0.0136577361868
-0.00371284842623 -0.00771701877916 0.0126619456745
-0.00217345986434 -0.0104746748441 0.0106156898195
-0.00287238265358 -0.0110454021283 0.012408993719
-0.00359989054109 -0.0107259926356 0.013030784292
-0.00422741500219 -0.010031613201 0.0131355651127
-0.00473597273382 -0.00856839346614 0.0120202545131
-0.00278724479295 -0.0117484099464 0.00987764552401
-0.00355121226378 -0.0121853515046 0.0117912352366
-0.00450762964771 -0.0117079300656 0.0125281312195
-0.00539414755619 -0.0107961300314 0.0126821217915
-0.00616663182025 -0.00923793330382 0.0116066429633
-0.00350473960684 -0.0135026455159 0.00887805692069
-0.00406219913112 -0.0132334573838 0.0108998935839
-0.00529980101559 -0.0125271598159 0.011967951658
-0.006669477772 -0.0112814730713 0.0121190905155
-0.00816796668602 -0.00998966696901 0.0107409039997
-0.00255970443813 -0.0158270500151 0.00840996136664
-0.00413842053754 -0.0144320663969 0.0096862056795
-0.00597230741612 -0.0132134165036 0.0113943164549
-0.00823465102742 -0.0113034835115 0.0115476024006
-0.0106654643427 -0.00966321827004 0.0117697453857
0.0212584183309 -0.00508054893278 0.00953945091287
0.0203887978941 -0.00351054818525 0.0112452114389
0.0206301087336 -0.00219536943664 0.0136700863851
0.0212312813338 -0.00163583396732 0.0159829754587
0.0220245254653 -0.00163097109564 0.0181075825906
0.0229141042245 -0.00169329716193 0.0202346017078
0.0238591248889 -0.00153676239003 0.0225535857335
0.0246433471238 -0.0011765955026 0.0251475976717
0.0249401212131 -0.00127881065892 0.0277983771679
0.0198068827679 -0.0062113429002 0.0102068453751
0.0188920138446 -0.00473717858419 0.0117802600343
0.0189541982534 -0.00356856284537 0.0140157541983
0.0193726029563 -0.00288858778006 0.0162558706847
0.0200946173453 -0.00272302726129 0.0183797912762
0.0210105881022 -0.00284416809957 0.0204334545995
0.0220732504027 -0.00303861972178 0.0225371753415
0.0232771547583 -0.00320055217764 0.024784838855
0.0244155769592 -0.00330261773741 0.0272666801916
0.0179823385779 -0.0071601005 0.0105048506275
0.0173143303509 -0.00574586765355 0.0122171297193
0.0173510394865 -0.00472397225375 0.0143486352328
0.0176446538437 -0.00404493446223 0.0164895340754
0.0182607866331 -0.00380201469713 0.0185751327933
0.0191194653941 -0.00390409772865 0.0205925858993
0.0200954685669 -0.00416097660075 0.0226380608713
0.0213062131946 -0.00463566458464 0.0247057534627
0.0224712878852 -0.00509045838425 0.0269769723563
0.0164262880837 -0.00797597341981 0.0109124707805
0.0158644712314 -0.00665078105412 0.0126384781573
0.0159541365719 -0.00581485687938 0.014680129793
0.0161843346004 -0.00521644964833 0.0166857850314
0.0166894808568 -0.00496303417462 0.0186757181718
0.0173982026651 -0.00498754558789 0.0206512807203
0.0182978380195 -0.00526344589895 0.0226352547651
0.0193755250556 -0.00576161777661 0.024656149055
0.0205084644256 -0.00632504374303 0.0268204619319
0.0151845286138 -0.00881713246 0.0115052724085
0.0147454719599 -0.00764368905651 0.0131594216249
0.0147230343345 -0.00687634358476 0.0150083244718
0.0148959675101 -0.00636408341095 0.0168634463124
0.0152871694513 -0.00613217155726 0.0187291993196
0.0158265904102 -0.00609926520243 0.0206293379156
0.0166290535927 -0.00641383849721 0.0225249663982
0.0175434985521 -0.00686652069979 0.0245004146001
0.0185598450844 -0.00737909932333 0.0266064472039
0.0139578330397 -0.00970781926881 0.0120877974135
0.0136467413024 -0.00868589263731 0.013652188231
0.0134350533735 -0.00781106776403 0.0152827107248
0.0135677747886 -0.00738752529231 0.017023736957
0.013928799525 -0.00729862102619 0.018767793701
0.0144103275662 -0.00741000752084 0.0205321326593
0.0149839203007 -0.00765894698512 0.0223647736873
0.0156457067898 -0.00797315920842 0.0243105751538
0.0163826573116 -0.0081213949377 0.0264445100052
0.0124763456628 -0.0104686586129 0.0124202083909
0.0122132794316 -0.00946294061013 0.0139097481683
0.0119744487111 -0.0084790643251 0.0154604105308
0.0120327690878 -0.0080997957625 0.0171527304508
0.0122662586546 -0.00804499235246 0.0188578918311
0.0126205948609 -0.00823103417161 0.0205808687045
0.0130256575702 -0.00849702579427 0.0223701805881
0.0134354755747 -0.00857552015817 0.0242986093382
0.0139725269636 -0.00853136606744 0.0263369976264
0.0108275860953 -0.0108485710568 0.0124689657148
0.0106369671166 -0.00987334415422 0.0139862897365
0.0104648961683 -0.00866263127785 0.0155459469459
0.0104044302223 -0.00830334230792 0.0172394646728
0.0104752685449 -0.00835124566971 0.0189518758635
0.0106093527564 -0.00844428156131 0.0207005451369
0.0107870459004 -0.00853827686221 0.0225091118529
0.0110204676236 -0.00863451161636 0.0243745933229
0.0113403481766 -0.00867997965694 0.0262703372037
0.00950337239499 -0.0105264546746 0.0124228948214
0.00924989661803 -0.00983664039397 0.0140060111161
0.00921895294598 -0.00866582828068 0.0156275279322
0.00899361260751 -0.00834308793791 0.0172935051594
0.00881244853052 -0.00823044751193 0.0190019613835
0.00867411925538 -0.00829632463617 0.0207664000908
0.00857099677506 -0.00850226467561 0.0225980762768
0.00849906117916 -0.00869539742464 0.0244776344841
0.00847233567103 -0.00853065425903 0.0262651901042
-0.00418596604048 0.0140068004578 0.0202872542209
-0.00105106726744 0.012553091609 0.020647353727
0.002019346638 0.0118615824417 0.0223901972665
0.0040686431286 0.0114036704713 0.0245334837268
0.00524115947221 0.0110847615303 0.0267416605175
0.00617057493927 0.0108559778341 0.0288655206852
0.00711204891651 0.0107244346901 0.030972435283
0.00828745342401 0.0104162071516 0.032970582104
0.00916248674694 0.00979685569055 0.0349002191211
-0.00392869324221 0.0121539494717 0.020699851404
-0.00118831945945 0.0109626925766 0.020786167535
0.00131982531275 0.0104060954582 0.0224132218861
0.00328678942678 0.00991573217399 0.0242016635185
0.00454987527184 0.0095725198533 0.0262139849434
0.0054229150092 0.0092863838949 0.0282775831766
0.00605632414835 0.00906534933456 0.0304273210417
0.00680449055691 0.00871584682099 0.0325713164887
0.00746409806695 0.00817615125193 0.0347458322598
-0.0038393354494 0.0101525079433 0.0204551521811
-0.00135660975443 0.00939285993679 0.0209121178882
0.000733693528338 0.00894775825134 0.0224169931721
0.00254723022935 0.00843821046017 0.0239231563873
0.00381956584862 0.0080377982753 0.0257369937507
0.00472401977349 0.00765411235259 0.0276872038582
0.00531779604384 0.00728369418751 0.0297872486649
0.00588536064021 0.0067985469276 0.0319575504003
0.00633252583973 0.0062085488224 0.0342409447934
-0.0037686185559 0.00833042507363 0.02028972032
-0.00158207204027 0.00783965530775 0.0210271028001
0.000217386571736 0.0074461856361 0.0223596740382
0.00182212552276 0.00696343316259 0.0237113137169
0.00305921975055 0.00650274840768 0.025335137239
0.00388377434826 0.00607011506482 0.0272030372497
0.00458980088965 0.00553935206313 0.029169772613
0.00504225144315 0.00497518782926 0.0313318324417
0.00535595451332 0.00433886050833 0.033648615357
-0.00380730816819 0.00664924995454 0.0203399407378
-0.00189352645647 0.00628152277787 0.0211197913777
-0.000293638852489 0.00590182598541 0.0222737940489
0.00112297630343 0.0054435930005 0.0235305953305
0.00227812533711 0.00494397101236 0.0250115498399
0.00304938328011 0.0044412755113 0.0267659817432
0.00379197590652 0.00380860094834 0.02860270853
0.0041588590135 0.00315776259494 0.0307045544298
0.00459857428991 0.0023957248722 0.0328953041022
-0.00407924442337 0.00497640310252 0.0205046480464
-0.00237697848265 0.00468243247856 0.0212328843691
-0.000843520264643 0.00428987554464 0.0221608781422
0.000452012257273 0.00382411776446 0.0233404777904
0.00142190761622 0.00331265901214 0.0247894332262
0.00214122455533 0.00272387549357 0.0264230564632
0.00279173821134 0.00201092913471 0.0281605014506
0.00335010630366 0.00119715499634 0.0300434358698
0.00422870721339 0.000340170716471 0.0319232818536
-0.00452579377317 0.00322335803282 0.0202857707109
-0.00294340339789 0.00294900084781 0.0210747529928
-0.00142702820074 0.00255729123248 0.021952408097
-0.000181970158248 0.00205095340097 0.0230927784708
0.000887032702968 0.00144794144889 0.0243896473582
0.00164454242933 0.000753287207243 0.0259137328081
0.00231797325492 -5.92634393076e-05 0.0275333959199
0.00309991599826 -0.000961279312148 0.0291728990002
0.00418921845314 -0.00179758118825 0.0307550289336
-0.00488086936236 0.00157109141784 0.019523442449
-0.00318613599322 0.00125139479904 0.0203926611418
-0.00122708809196 0.000885472803721 0.0211421672891
-0.000122649396848 0.000206291940704 0.0223957778364
0.000752232998291 -0.000541272746638 0.023785717475
0.00158918553494 -0.00135887066992 0.0252145678303
0.00236809528611 -0.00227247255335 0.0266977879185
0.00340342717993 -0.00317696956804 0.0280557163854
0.0044051881203 -0.00404517562385 0.0294310641865
-0.00472589400644 0.000479079026259 0.0185921137095
-0.0030723063499 -0.000123052719742 0.0196621809075
-0.00108656890116 -0.000576848487821 0.0206163166458
1.86959594311e-05 -0.0014960301889 0.0217971505991
0.00101096037662 -0.00243943877031 0.0230483226067
0.00200337024737 -0.00339640712757 0.0243108008374
0.00285744447526 -0.00445800009886 0.0256493958861
0.00381980298318 -0.00551137819936 0.0269012812678
0.00504701120565 -0.00631452629036 0.0278476459541
0.0148989134606 0.00541186795358 0.00960002499925
0.0113539099396 0.00569587586805 0.0091112792091
0.00885824222583 0.00669276698276 0.00964317251647
0.00752071109879 0.00852495479825 0.0111397659703
0.00702912468948 0.01098400264 0.0137643025787
0.0157330383535 0.00370219914784 0.0132230809874
0.0122675667967 0.0038845138218 0.0134095048497
0.00979967120128 0.00540035106155 0.0141586779746
0.00804506600588 0.00690437482744 0.0153439222989
0.00687828207631 0.00900224460678 0.0170553325248
0.0168000099475 0.00186481462302 0.0178853221425
0.0132723411332 0.00186899145579 0.0182489818487
0.0106976324656 0.00344482686449 0.0192231694945
0.00875803720659 0.00500241702632 0.0202767952466
0.00769240913023 0.00713475372047 0.0215864966995
0.0180237280171 -0.000117306580791 0.0237426824315
0.0142831604174 -0.000549209099416 0.0233675082134
0.0118378001705 0.00138085474587 0.0245002327189
0.00958845211257 0.00279246856309 0.0255817553605
0.00927773206392 0.00529605760096 0.0274290001145
0.0188925118732 -0.000993047115663 0.0312164459166
0.0159791370773 -0.000678896703437 0.0305380722349
0.0139804968443 2.75096502385e-05 0.0307041831775
0.0130633889517 0.0014933964068 0.0320164332734
0.0129842970642 0.00349388599238 0.0342722894424
0.00678665643144 0.0100063745823 -0.012256697265
0.00610469837065 0.0116033783512 -0.0106835532928
0.00507748403778 0.0131188430638 -0.00965169993214
0.0032578917927 0.0142592079122 -0.00938584174508
0.000892540109043 0.0152134258445 -0.00972957311026
0.00662844375235 0.00978607670305 -0.0103303689054
0.0055934999999 0.0110736588191 -0.00933985640683
0.00497164164965 0.0125482631185 -0.00834862105391
0.00308684875233 0.0129752899158 -0.00824982874307
0.00157554547642 0.0136337319774 -0.00816751594058
0.00664683428003 0.00913931229268 -0.00814176692879
0.00559710674553 0.0103662530903 -0.00747398574044
0.004811742143 0.011550605137 -0.00671687152273
0.00336403571439 0.0119719532137 -0.00638841915693
0.00218462996412 0.0124796281448 -0.00593449199277
0.00621535925793 0.00756306213478 -0.00605167569589
0.00566536569929 0.00925752482038 -0.00523084972917
0.00472530292381 0.0102323369958 -0.00464737165285
0.00360306211246 0.0108037165572 -0.00420135219137
0.00230418992054 0.0109045274107 -0.00385562594423
0.00641208139087 0.00623258810023 -0.00337583646056
0.00523457050474 0.00723211345036 -0.00304751494758
0.00426791191829 0.00822651937692 -0.00249994744169
0.0031616451995 0.00883041421106 -0.00210111826375
0.00212881570386 0.00926344547125 -0.00162291066598
0.00758637063103 0.00244030330973 -0.0293525568424
-0.000268923754262 0.00599087375363 -0.0313286827274
-0.00674407291495 0.00941741153823 -0.0311999799192
-0.0112698804032 0.0136000946609 -0.0268660598924
-0.0148113399356 0.0182236138523 -0.0197890404696
0.00739075559974 0.0064964868567 -0.0277717180117
0.000888512090758 0.00917792257087 -0.0298656091731
-0.00436061429475 0.0122053341106 -0.0290916022059
-0.00839420802951 0.0156800614204 -0.0257012923403
-0.0112245651081 0.0196098228993 -0.0195949514593
0.0072901927903 0.00923842610791 -0.0248870225821
0.00203209664876 0.0114480299125 -0.0266669588154
-0.00211787401747 0.0141019837011 -0.026316751418
-0.00535977373185 0.016813233086 -0.0235164801701
-0.00762869808994 0.0197023202931 -0.0183673453201
0.00756762733483 0.0112096536852 -0.0213991344656
0.00312394832913 0.0132021416977 -0.0234537691628
-0.000150799351201 0.0152547478666 -0.0234787532343
-0.00261759386711 0.0169745125068 -0.0211774790927
-0.00414455166379 0.0192527115593 -0.0167950826115
0.00839668299993 0.0123193701464 -0.0172830577817
0.00098605594175 0.0139729807364 -0.018212049469
0.00179976636991 0.016080325129 -0.0205540768816
1.15749814682e-05 0.017461556121 -0.0187496279961
-0.000732607741187 0.0180871692018 -0.0146669408341
0.0150905269098 -0.00273935011397 -0.0194425460638
0.0149171695399 -0.00314162643914 -0.0188919461027
0.0145579951663 -0.00342903309789 -0.018242496105
0.0141986407875 -0.00372756869951 -0.0175882049043
0.0139907131244 -0.00414734617089 -0.0169769711322
0.0138814909344 -0.00465499029899 -0.0163681515083
0.0137903081119 -0.00519375914341 -0.0157238757131
0.0136499534555 -0.0057147536122 -0.0150240494525
0.0134730930677 -0.00622607314665 -0.0142733773655
0.0132486664043 -0.00671914002607 -0.0134717283336
0.0129542318124 -0.00717794860422 -0.0126206712572
0.0126032765197 -0.0076124022381 -0.0117263657788
0.0122097817492 -0.00803265444524 -0.0107923344139
0.0117593760102 -0.00842974489186 -0.00982244034518
0.011285269776 -0.00882640600567 -0.00881587654637
0.0108124073823 -0.00923794940223 -0.00776628670586
0.0103465522622 -0.00966588223537 -0.00666678410112
0.00979373273157 -0.0100537712498 -0.00554350214287
0.00912017821684 -0.0103879396708 -0.00442141163791
0.0146953542802 -0.00232300540951 -0.0210105289601
0.0144401711793 -0.00291768062563 -0.020348594922
0.0140384436182 -0.00339200777031 -0.0195970906049
0.0136212541138 -0.00384035689972 -0.0188429346895
0.0133833348941 -0.00442056557869 -0.0181742017685
0.0132625971517 -0.00509450108666 -0.0175333088661
0.0131458275952 -0.00577456382016 -0.0168579698958
0.0129679916575 -0.00640623747748 -0.0161243319116
0.0127575622209 -0.00701139064963 -0.0153454964039
0.0125110084689 -0.00758603571779 -0.0145222184713
0.0122104740147 -0.00811428379298 -0.0136539656873
0.0118673999483 -0.00860532129135 -0.0127466467928
0.0115166529876 -0.00908821592911 -0.0118044612314
0.0111206983808 -0.00953129583852 -0.0108256640693
0.010696482038 -0.00994878633146 -0.00981251513401
0.0102548665025 -0.0103494426632 -0.00876427188416
0.00982958439099 -0.0107592691717 -0.00767287531487
0.0094185272882 -0.011173985552 -0.00653127891044
0.00886505370147 -0.0114745866321 -0.00538400191366
0.0142801916566 -0.00193966401748 -0.0225660565494
0.0138246349102 -0.002617330619 -0.0216851494755
0.0134078666129 -0.00328116196846 -0.02085231585
0.0129946641403 -0.00391109374076 -0.0200329085791
0.0127415687177 -0.00465186692594 -0.0193151199928
0.0126014889231 -0.0054780302884 -0.0186418572102
0.0124634313891 -0.00629453687758 -0.0179374870582
0.0122503739841 -0.00702673109053 -0.017166533045
0.0119993001 -0.00770656438937 -0.0163523156903
0.0117221398802 -0.00834430618056 -0.0155019268554
0.0113998612698 -0.00891984064957 -0.0146120366613
0.0110522318951 -0.00945221961168 -0.0136910176875
0.0106988702079 -0.00996122098029 -0.0127426758351
0.010332498356 -0.0104392672212 -0.0117642591591
0.00994371037286 -0.0108764296276 -0.0107546473282
0.00953224780485 -0.011272192938 -0.00971451322622
0.0091212623466 -0.0116496407095 -0.00864202021775
0.00879206082328 -0.0120882272502 -0.00751931443301
0.00839403388997 -0.0124356356611 -0.00636249585276
0.0136041346788 -0.00141302034489 -0.023903803465
0.0130944436111 -0.00225159280771 -0.0228985703095
0.0126610963355 -0.00308578417122 -0.0219908259696
0.0122995010602 -0.00393011646322 -0.0211565818461
0.0120519416317 -0.00484251416832 -0.0204092842152
0.0118819623669 -0.00580308094871 -0.0196989390038
0.0116982531233 -0.0067227803255 -0.0189521699736
0.0114373647312 -0.00752864321832 -0.018134366824
0.0111478832513 -0.00826960941399 -0.0172815405282
0.0108123576976 -0.00892320697557 -0.0163890639025
0.0104634169471 -0.00952628044277 -0.0154750131173
0.0101197240193 -0.0101018752224 -0.0145452113487
0.00977869628511 -0.010647746336 -0.0135956681549
0.00941632070176 -0.0111341239012 -0.0126189479993
0.00904397245894 -0.0115749062058 -0.0116179503979
0.00865532509199 -0.0119618672097 -0.0105916049974
0.0082782096233 -0.0123301064747 -0.00954051133211
0.00795108533354 -0.0127277911527 -0.0084574758748
0.00765516680136 -0.0131290750061 -0.00733216013127
0.0128038486944 -0.000832399214297 -0.0250954457107
0.0122484110326 -0.00181204080553 -0.0239690422525
0.0118567134236 -0.00285477790491 -0.0230559879459
0.0115225616339 -0.00388877731069 -0.0222090244867
0.011283458657 -0.00497221398155 -0.0214472748017
0.0110782190467 -0.0060514304885 -0.0206963736543
0.0108174605479 -0.00701998112758 -0.019878107474
0.0105035895565 -0.00787224487561 -0.019004207709
0.0101697643894 -0.00864641736507 -0.0181051737117
0.00981768631893 -0.00934336391103 -0.0171842115917
0.00947199389417 -0.00999782162995 -0.0162559527566
0.00913567771426 -0.010616122586 -0.0153189124736
0.00878998892385 -0.0111715631916 -0.0143623616862
0.00842876687553 -0.0116543971913 -0.0133844508918
0.00806716247977 -0.0120878124274 -0.0123905840138
0.00770571359307 -0.0124730952047 -0.0113793723435
0.00735997039139 -0.0128355030634 -0.0103514273779
0.00703352549253 -0.0131813599285 -0.00930239256755
0.00674746934105 -0.0135448138913 -0.00822709069087
0.0119228936629 -0.000229336229152 -0.0261776255185
0.0113490679003 -0.00135147063765 -0.0249569911123
0.0109807850759 -0.00257948919153 -0.024043198014
0.0106658143772 -0.00379213269349 -0.02319590168
0.0104037147388 -0.00500536425861 -0.0224002615255
0.0101395002699 -0.00615679858888 -0.0215849222645
0.00982562601894 -0.00717569045573 -0.0207031965606
0.00948891161225 -0.00809261194206 -0.019789831453
0.00914057609122 -0.00892165615394 -0.0188582956465
0.00878414374867 -0.00966740156816 -0.0179128393811
0.00842986199705 -0.0103473015513 -0.0169614343341
0.00808172105371 -0.0109699524907 -0.0160053640116
0.00773461411111 -0.0115276604632 -0.0150397065626
0.00738579802475 -0.0120159962314 -0.0140621283022
0.00704251818386 -0.0124495640263 -0.0130755115843
0.00671246899689 -0.0128450803559 -0.0120811471359
0.00639997436347 -0.0132133265199 -0.0110773630384
0.00610001277372 -0.0135457714656 -0.0100589218049
0.00581274665335 -0.0138436818099 -0.00902283582951
0.0109234094079 0.000435384749464 -0.0270823995774
0.010397959771 -0.000877895572365 -0.0258809394007
0.0100361563308 -0.00226797024999 -0.0249648159166
0.00973297547276 -0.00365111076763 -0.0241303007013
0.00944131713124 -0.00497639371949 -0.023295718686
0.00913477185059 -0.0062034876727 -0.0224237566236
0.00879955108902 -0.00730229985786 -0.0215014754046
0.00844197666707 -0.00827484080511 -0.0205432717198
0.00807282986542 -0.00913526978626 -0.0195660228821
0.00769808020074 -0.00989258033511 -0.0185782292964
0.00733250025673 -0.0105773787121 -0.0175949811948
0.00698458415811 -0.0112116329331 -0.0166218163656
0.00664602803619 -0.0117807168754 -0.0156484253599
0.00630704132398 -0.0122631291629 -0.0146656376038
0.00598169776807 -0.0126941597802 -0.0136835103272
0.00567710814412 -0.0130955567653 -0.0127043510373
0.00538952356906 -0.0134620561579 -0.0117226393175
0.00511791536366 -0.0137944815294 -0.0107353137813
0.00485890551977 -0.0140865218075 -0.00973854328621
0.00985495723448 0.00112112929912 -0.0278711402572
0.00937873717625 -0.000380837655845 -0.0267329657228
0.00903604030171 -0.00194951360987 -0.0258628686754
0.00873453858033 -0.00349644006939 -0.0250497134508
0.00842406229699 -0.00494690395809 -0.024194868771
0.00808263453699 -0.00624966150825 -0.0232658229088
0.00771630382354 -0.00740039109612 -0.0222819108562
0.00733496228977 -0.0084080186577 -0.0212654544491
0.00694640028084 -0.00928276771905 -0.0202320485327
0.00655973785618 -0.0100431186419 -0.019196369491
0.00619065883284 -0.0107312156345 -0.0181789792211
0.0058431809259 -0.0113644609164 -0.0171818539334
0.00551056931243 -0.0119296662042 -0.0161935751828
0.00518774506613 -0.0124148673034 -0.0152064746417
0.00487691634187 -0.0128295614827 -0.0142220397512
0.00458828905083 -0.0132128684329 -0.013249771295
0.00432001751686 -0.0135661746538 -0.0122856961357
0.00407585693533 -0.0139118912883 -0.0113320809302
0.00384691756013 -0.0142249133451 -0.0103795393803
0.00874691755431 0.00179004942557 -0.0286215408392
0.00829082886939 0.000131862939772 -0.0275302944901
0.0079595225462 -0.00161658574808 -0.0267362415726
0.0076462245765 -0.00331644618341 -0.02594822919
0.00731241342524 -0.00488577026621 -0.0250761205432
0.00694448881079 -0.00626990877903 -0.0240987699649
0.00654770162382 -0.00745337121994 -0.0230387965213
0.00614669489272 -0.00848301995151 -0.0219557555842
0.00574600966922 -0.00936367276451 -0.0208608717886
0.00535593259732 -0.0101239408602 -0.019774808645
0.00498870502445 -0.0108094295985 -0.0187191958194
0.00464585339456 -0.0114355547551 -0.0176936853606
0.00431999914125 -0.01198191387 -0.0166822447337
0.0040106024055 -0.0124514853099 -0.0156824494582
0.00372108068901 -0.012866392222 -0.0146992413698
0.0034508121272 -0.0132329588354 -0.0137308466513
0.00320226245843 -0.0135755318252 -0.0127817543347
0.0029770980918 -0.0139201842463 -0.0118564446222
0.00277143921323 -0.0142648827864 -0.0109514639504
0.00758637063103 0.00244030330973 -0.0293525568424
0.00712951321259 0.000651387449995 -0.0282938392501
0.00677957502642 -0.00124231083465 -0.027552841596
0.00643990422198 -0.00307863689498 -0.0267911923123
0.0060775408527 -0.00475721660515 -0.0259065055956
0.00568314300265 -0.00620991359062 -0.0248787224067
0.00526914271893 -0.00743388860198 -0.0237546936306
0.00485476264444 -0.00847005219507 -0.022596853882
0.00445321992799 -0.00935977261074 -0.0214448242456
0.00406984780805 -0.0101255721277 -0.0203125208842
0.00371184635384 -0.0108098459424 -0.0192190818607
0.00337775107347 -0.0114171596816 -0.0181581666907
0.00306448130802 -0.0119398208948 -0.017119308087
0.00277278962076 -0.0123929912853 -0.0161042949764
0.00250339682649 -0.012796531169 -0.0151162362364
0.00225554797768 -0.0131642176015 -0.0141555204968
0.0020286664768 -0.0135174673625 -0.0132258434861
0.00182025397773 -0.0138661133827 -0.0123275101196
0.00162648980284 -0.0142083130207 -0.0114586233159
0.00629957748433 0.00319718106288 -0.0297993847007
0.00588134626092 0.00117626199868 -0.0290332119053
0.0054852801548 -0.000814541989828 -0.0282954584287
0.00510155690488 -0.00275371000627 -0.0275413564778
0.00470445719587 -0.00452562011663 -0.026647300059
0.00428878283988 -0.00604946167204 -0.025586488791
0.00386570400788 -0.00731521395904 -0.0244090625323
0.00345008751732 -0.0083591977598 -0.0231827291879
0.00305597774652 -0.00925361335284 -0.0219744931319
0.00268697513209 -0.0100282233328 -0.0208007478916
0.00234434314129 -0.0107066346114 -0.01966809349
0.00202693120269 -0.0112939015841 -0.0185707694343
0.00173408436058 -0.011801927459 -0.0175074937415
0.00146534900927 -0.012253798448 -0.016482220732
0.00121867068523 -0.0126528139849 -0.0154897800201
0.000992593063861 -0.0130276322305 -0.014537079108
0.00078425011219 -0.0133966080215 -0.0136270645272
0.000589906970892 -0.0137628777544 -0.0127584222141
0.000405968030389 -0.0140989493619 -0.0119207973666
0.00495461859232 0.00396598673575 -0.0301564959522
0.00452200769099 0.00174113009856 -0.0296899354317
0.00407469555252 -0.000343986505612 -0.028979405389
0.00363492988663 -0.00235005902929 -0.0282059083279
0.00319467880361 -0.00417576609917 -0.0272778002007
0.00275760888609 -0.00575924507714 -0.0261916578055
0.00233148972529 -0.00707160197263 -0.0249792721593
0.00192565739006 -0.00813554459618 -0.0237025921599
0.00154777505981 -0.00903716831839 -0.0224453188308
0.00119915607304 -0.00981838461083 -0.0212326296947
0.000879017379452 -0.0104951588816 -0.0200652831544
0.000586178563495 -0.0110777589638 -0.0189400027841
0.000319248086946 -0.011576869902 -0.0178542297657
7.55703921856e-05 -0.0120298258202 -0.0168188397405
-0.000147666518329 -0.0124462798336 -0.0158303853284
-0.000354076616424 -0.0128439494251 -0.0148909318035
-0.000548230415072 -0.0132424468351 -0.0140050213005
-0.000732995881436 -0.013628671788 -0.0131655673503
-0.000908023026482 -0.013959675573 -0.0123561404382
0.0035555988318 0.00468589572844 -0.0305753935768
0.00305028557365 0.00231291439944 -0.0303263139927
0.00253790643166 0.000185595790848 -0.02957933133
0.00203855426904 -0.00186792695107 -0.0287829918363
0.00155551680787 -0.00371503521276 -0.0278020799338
0.00109701868438 -0.00531949635151 -0.0266703603343
0.000670095916154 -0.00666778797342 -0.0254316226584
0.00027969016682 -0.00776626068605 -0.0241299598202
-7.49225801818e-05 -0.00868089186235 -0.0228365387926
-0.000396768881745 -0.00946508808609 -0.021588546608
-0.000688095818481 -0.0101411351796 -0.0203912107462
-0.000952299848668 -0.0107356757187 -0.0192500387778
-0.00119058470649 -0.0112491003026 -0.0181548837349
-0.00140872702607 -0.0117193448255 -0.0171173555345
-0.00161127021914 -0.0121647770178 -0.0161383517341
-0.00180107734222 -0.0125870410339 -0.0152126518685
-0.00198512595994 -0.0130125658183 -0.0143496890654
-0.0021625309771 -0.013412510556 -0.0135357686766
-0.0023253559591 -0.0137238995995 -0.0127446975738
0.00207148663259 0.00544048092636 -0.0308665451466
0.00144789295615 0.00291660341691 -0.0308968913235
0.000874018577366 0.000799577816972 -0.0300516510839
0.000313291411949 -0.00128064577732 -0.0292337565333
-0.000209445767077 -0.00314741287418 -0.028221811675
-0.000682567979353 -0.00474775802806 -0.0270359805628
-0.00110882291907 -0.00612138677432 -0.0257780047677
-0.00148068552363 -0.00723866540164 -0.0244520115348
-0.00180457838141 -0.00815147678244 -0.0231218276051
-0.00209242227533 -0.00893289164827 -0.0218429058992
-0.00235428454371 -0.00963607769072 -0.0206396624039
-0.00258961194484 -0.0102546741695 -0.0194937698806
-0.00279814410212 -0.0107849507662 -0.0183930474165
-0.00299227425606 -0.0112816649493 -0.0173599047939
-0.00318090081193 -0.0117759799001 -0.0164021453712
-0.00335367936027 -0.0122122271068 -0.0154851105374
-0.00351460959539 -0.0126001696202 -0.0146126749659
-0.00367151248559 -0.012961753631 -0.0137968085507
-0.00381796592509 -0.0132607307071 -0.0130225228183
0.000507235099225 0.00622049435075 -0.0310507644396
-0.00026206374677 0.00366593743704 -0.0311677140764
-0.000903228253193 0.0015197763989 -0.0303544352765
-0.00151963650879 -0.000542692644862 -0.029488645925
-0.0020709610901 -0.00237900284722 -0.0284190584977
-0.00255030402715 -0.00396174935679 -0.0271968164715
-0.00298203776913 -0.00537456166293 -0.0259604754326
-0.00333656991208 -0.00651787865275 -0.0246358037228
-0.00363287788291 -0.00746052456041 -0.0233067435137
-0.00388474506898 -0.00825298326979 -0.022014521233
-0.00411063365604 -0.00895952908793 -0.0207958028608
-0.00431788756709 -0.00960477290066 -0.0196523196085
-0.00449834930505 -0.0101618639544 -0.0185554456828
-0.00466382799648 -0.0106677716075 -0.0175193689428
-0.00481671062863 -0.0111272205618 -0.0165396430856
-0.00495680796637 -0.0115359918522 -0.0156095881639
-0.0050866862603 -0.0118973132792 -0.0147293013935
-0.00521635081305 -0.0122339108125 -0.0139120188475
-0.00534733878897 -0.0125411806808 -0.0131591406996
-0.00113323194693 0.00702790830869 -0.0311223930749
-0.00202023614802 0.00456446234113 -0.0311131156254
-0.00273711440887 0.00242138772468 -0.0303500554682
-0.00341718042625 0.000370092331626 -0.0295031134606
-0.0039921362688 -0.00142931181938 -0.0284070673439
-0.00447597904541 -0.00299226096567 -0.0271766390481
-0.0048904919 -0.0043615513202 -0.0259065722524
-0.0052296307334 -0.00552128069592 -0.024602012145
-0.00550607925529 -0.00650124105635 -0.0233021822525
-0.00573493189154 -0.00733901023579 -0.0220378153741
-0.00592950283171 -0.00806874861747 -0.0208270318213
-0.00610512089734 -0.0087289497627 -0.0196856757039
-0.00624673291761 -0.00928594278778 -0.0185814181234
-0.00636810436064 -0.00977308263097 -0.0175287348007
-0.00648818017991 -0.0102336866724 -0.0165470966327
-0.00660805692999 -0.0106677696265 -0.0156314809315
-0.00672349371313 -0.0110622176385 -0.0147727563484
-0.00683984802214 -0.0114241555797 -0.0139769361293
-0.00695410933223 -0.0117409576815 -0.0132414194332
-0.00292622463662 0.00776416285977 -0.0313452539234
-0.00377291322178 0.00558627803428 -0.0307733486906
-0.00453203159994 0.00353849338215 -0.0299624932397
-0.00529714042824 0.00150269565583 -0.0291982184496
-0.00591719548083 -0.000282304482736 -0.0281555451884
-0.00640862362414 -0.00181879055742 -0.026944105607
-0.00679889930604 -0.00313926323168 -0.0256600349966
-0.00711198066719 -0.00427951518004 -0.0243648338277
-0.00737112653928 -0.00527956259124 -0.0231005567131
-0.00757947440677 -0.00614686687852 -0.021869293709
-0.00774689234658 -0.00690124072584 -0.0206804579532
-0.00786405828239 -0.00752860389673 -0.0195170497122
-0.00793308518072 -0.00803514537218 -0.0183781000685
-0.00800559047773 -0.00851482647068 -0.0173187058088
-0.00812099272171 -0.00903751544764 -0.0163744023332
-0.00825169928005 -0.00955220659874 -0.0155074721387
-0.00837564393753 -0.0100174525446 -0.0146922029648
-0.00850802636162 -0.0104554664559 -0.013946663245
-0.00863539514858 -0.0108380897376 -0.0132597504203
-0.00492679058437 0.00845392449235 -0.0316635290743
-0.00546481476085 0.0067157695879 -0.0301738711941
-0.00619038284239 0.00485188262938 -0.0292087090925
-0.00703775112057 0.00288360251567 -0.0285139017149
-0.00773247025522 0.00111602682905 -0.027580510998
-0.00825399988442 -0.000401011033107 -0.0264406593212
-0.00865558532966 -0.00171685651762 -0.0252198116143
-0.00894396059673 -0.00283283857331 -0.0239492282746
-0.00919600527774 -0.00384865690501 -0.0227339398046
-0.00941334403781 -0.00476943758712 -0.0215689479699
-0.00954445866421 -0.00552664220154 -0.0203937382064
-0.00961428298952 -0.00615568372349 -0.0192356317379
-0.00963427216486 -0.00667470108853 -0.0181029648027
-0.00966158305962 -0.00716547298053 -0.0170460003443
-0.00977025856439 -0.00773151814184 -0.0161274049841
-0.00992914468837 -0.00832767958973 -0.0153123997772
-0.0100449418198 -0.00882356354777 -0.0145139736616
-0.0101839715105 -0.00930620560183 -0.0137974076715
-0.0103556524178 -0.00978164523155 -0.0131779498508
-0.00674407291495 0.00941741153823 -0.0311999799192
-0.00717121758766 0.00783688528298 -0.0295681653163
-0.00783648438812 0.00614650581004 -0.0284724208393
-0.0086721723269 0.00435028095229 -0.0276868692758
-0.00941377723437 0.00266546476335 -0.0268001748556
-0.0100145695457 0.00114938224004 -0.0257843083324
-0.0104696450857 -0.000179519545277 -0.0246665916861
-0.0108221688065 -0.0013560117204 -0.0235165367719
-0.0110752148154 -0.00237984724753 -0.0223470166446
-0.0112553481631 -0.00327783623354 -0.0211883890333
-0.0113721627197 -0.00406108862325 -0.0200489534496
-0.0114367197299 -0.00474319913871 -0.0189359035095
-0.0114850890428 -0.00536554570998 -0.0178755021109
-0.0115570548711 -0.00597347340706 -0.0168948630636
-0.0116619732221 -0.00657771087542 -0.015997025592
-0.0117610140233 -0.00713514204356 -0.0151493447409
-0.0118655624643 -0.00765622234885 -0.0143623510324
-0.0120093530676 -0.0081729887839 -0.0136677358941
-0.0121395239948 -0.0086246443304 -0.0130285373724
-0.0148011191845 0.0199190099412 -0.0070987531869
-0.0148604453867 0.0193983468988 -0.00667813219855
-0.0148163238874 0.0187468244428 -0.00630039710785
-0.0148251141122 0.018121227075 -0.00590089326105
-0.0149805259569 0.0176095075013 -0.00541828457732
-0.0152204779799 0.0171454302657 -0.00486656442466
-0.0154887506017 0.0166709241679 -0.00426876454611
-0.0157320912582 0.0161348771902 -0.00365623773581
-0.0159290050072 0.0155189251514 -0.00304650528139
-0.0160883482892 0.0148325604468 -0.00243750122868
-0.0162188473863 0.0140845204405 -0.00182561930548
-0.0163147062401 0.0132719853387 -0.00121744024557
-0.0163670561707 0.012391361241 -0.000622441667013
-0.0163782658019 0.0114483283969 -4.1072398622e-05
-0.0163837354236 0.010468155273 0.000555646232795
-0.0164088973691 0.00946379371965 0.00119095549399
-0.0164145744356 0.0084112294151 0.0018311631507
-0.0164188412397 0.00731936981784 0.00249254822146
-0.0163797364077 0.00617090275372 0.00313643840875
-0.0152290704709 0.0201079066157 -0.00856602165461
-0.0153348608448 0.0193651104751 -0.00812354662822
-0.0153949052418 0.0185852891484 -0.00769123967353
-0.0155410046739 0.0178821932628 -0.00722599789968
-0.0158639354803 0.0173192142746 -0.00667962928441
-0.0162405494984 0.0167807046084 -0.0060803642933
-0.0166235524651 0.0162231925578 -0.00544165505294
-0.0169358655362 0.0155884528195 -0.00479855291913
-0.0171792619096 0.0148821831994 -0.00415558107635
-0.017374903171 0.0141223448035 -0.00350598279569
-0.0175131570695 0.0133056242342 -0.00285789774146
-0.0175759444489 0.0124257250046 -0.00222550684404
-0.0175861784023 0.0115005109266 -0.00159866955298
-0.0175786175246 0.0105498844449 -0.000956631667057
-0.0175497664612 0.00957161196489 -0.000301217492507
-0.0174893051476 0.00856143378969 0.000360533765187
-0.0173672986273 0.00751036322207 0.00100625751091
-0.0172313042466 0.00643749997165 0.00166948304882
-0.0171075275781 0.00534791700825 0.00237133091898
-0.0155869983427 0.0202317905754 -0.0100204909445
-0.0157223077209 0.0192780270137 -0.00954224884035
-0.0159053209209 0.0183965072345 -0.00905480273886
-0.0162055851027 0.0176266181751 -0.00853354641715
-0.0166513109512 0.0169675812065 -0.00795542233832
-0.0171444070801 0.0163322835961 -0.00733011861854
-0.0175932959548 0.0156548643789 -0.00667883113432
-0.0179415908298 0.0149048265776 -0.00602239091174
-0.018180895024 0.0140860868887 -0.00537039266399
-0.0183393151718 0.0132215151936 -0.00471839147018
-0.0184500248825 0.0123315881877 -0.00405620080372
-0.0185147325594 0.0114185175552 -0.0033841504022
-0.0185361079185 0.0104845767002 -0.00270187344868
-0.0185189216201 0.00953231182427 -0.00200759367791
-0.0184417614244 0.00855579701884 -0.00131315651994
-0.0183059617425 0.00755827106208 -0.000619782900771
-0.0181190318001 0.00654412268184 7.51555293867e-05
-0.0178939934354 0.00551759165102 0.00077849516053
-0.0176642002582 0.0044837036502 0.00151155191852
-0.0157672590012 0.0201976592999 -0.0114704963992
-0.0159421431586 0.0190707341562 -0.0109450770396
-0.0162913322473 0.0181299661908 -0.010409476308
-0.0167251748516 0.0172784289691 -0.00985126147371
-0.0172770310416 0.0165154605919 -0.00925364693932
-0.017825752302 0.0157509350191 -0.00862246582122
-0.0182899237452 0.0149395178836 -0.00797061246472
-0.01861144809 0.0140614270281 -0.0073151256996
-0.0188349887234 0.0131489118837 -0.00665325945229
-0.0189931241705 0.0122212239513 -0.00598037700005
-0.0190938097126 0.0112836636828 -0.005295765313
-0.0191556036459 0.0103432594769 -0.00459420877313
-0.0191774799568 0.00939909889754 -0.00387559373902
-0.0191358028667 0.00844542812927 -0.00314880017802
-0.0190100539582 0.00748045119081 -0.00242401915269
-0.0188468044218 0.00651533480088 -0.00168364900493
-0.0186424979389 0.00554882847255 -0.000928796717668
-0.0183787434073 0.00457895368041 -0.000168501784851
-0.0180817325734 0.00360847580262 0.000609923559145
-0.0158308741242 0.0200649894831 -0.0128990527295
-0.0160532589946 0.0187955466252 -0.0123189104412
-0.0165528554157 0.0177889399001 -0.0117507212633
-0.0170939418432 0.0168442343007 -0.0111668621992
-0.0177003211017 0.0159573506876 -0.0105580231299
-0.0182772382933 0.0150666542058 -0.00992120505071
-0.0187184658371 0.0141271728308 -0.00926552076773
-0.0190445609492 0.013160166885 -0.00859550604256
-0.0192845573051 0.0121842885913 -0.00791186624437
-0.0194381432362 0.0112041374513 -0.00721738361611
-0.0195160243309 0.0102264549142 -0.00651252834974
-0.0195402272466 0.00925816976051 -0.00579391575835
-0.0195323524234 0.00830271188276 -0.00505589431866
-0.0194767642485 0.00735580411438 -0.00430130572868
-0.0193460778815 0.00641431861748 -0.00353846591957
-0.0191534198399 0.00548118540374 -0.00276470055379
-0.018934687421 0.00455831460385 -0.00196722385989
-0.0186723979818 0.00364318885111 -0.00115080345845
-0.0183603611206 0.00273516170485 -0.00031727607927
-0.0158248309508 0.0198700391033 -0.0143102057773
-0.0161154720331 0.0184903587004 -0.0136725843079
-0.0167177914715 0.0173918031174 -0.0130779086595
-0.0173772344716 0.0163651422612 -0.0124745223175
-0.0180302854733 0.0153613216052 -0.0118500137577
-0.0185957186291 0.014342430828 -0.0111993921912
-0.0190400989472 0.0133045244825 -0.0105258731862
-0.019361786145 0.012258086024 -0.00983469153119
-0.0195811296684 0.0112174798552 -0.00912952475748
-0.0197235586347 0.0101932487583 -0.00841128701896
-0.0197817329955 0.0091862230163 -0.00768222160398
-0.0197578972405 0.00819915532576 -0.00694394048442
-0.0197239807399 0.00723955478461 -0.00618549652459
-0.0196401594756 0.00630027405569 -0.00541101177607
-0.0194754037677 0.00537983943942 -0.00462690576741
-0.0192589361698 0.00447957456379 -0.00382736228444
-0.0190312708235 0.00359692748145 -0.00299987751295
-0.0187875435724 0.00272837280447 -0.00214156739498
-0.0184841181951 0.00187487391128 -0.00126359777399
-0.0156402287462 0.0195349464899 -0.015685553817
-0.0160894923611 0.0181219432553 -0.0150123417502
-0.0168327172435 0.0169589165515 -0.014402848869
-0.017612104978 0.0158507131977 -0.013786521015
-0.0182942824542 0.0147305929275 -0.013139735118
-0.0188563983069 0.0136009396185 -0.0124638094041
-0.0192634088891 0.0124645967624 -0.0117615200549
-0.019540652587 0.0113418071777 -0.0110410506609
-0.0197352124916 0.0102490772927 -0.0103077292182
-0.0198610153794 0.00918968544496 -0.0095625499578
-0.0199127274249 0.00816303929362 -0.00880596851745
-0.0198699674379 0.00716880846355 -0.0080401477349
-0.0197863770499 0.00620945633579 -0.00726204086297
-0.0196403846701 0.0052825825432 -0.00647248047624
-0.0194498036646 0.00438639424411 -0.00566853571053
-0.0192357422759 0.00351698827583 -0.0048446469246
-0.0190127819491 0.00266939238153 -0.00399404930895
-0.0187594975254 0.00184261608417 -0.00311676014677
-0.018460999615 0.00103708420239 -0.00221326181874
-0.0153203303712 0.0190985705108 -0.0170208646937
-0.0159471248174 0.0176722768274 -0.0163344415875
-0.0168565190446 0.0164603476675 -0.0157290462103
-0.0177377547854 0.0152649423723 -0.0151042916486
-0.0184598851596 0.0140433558373 -0.0144333557174
-0.0190140603246 0.0128152468813 -0.0137234823925
-0.0193896920261 0.0115981461312 -0.0129819132821
-0.019609094916 0.0104126788581 -0.0122197906903
-0.0197474006389 0.00927658822059 -0.0114493902051
-0.01985101902 0.00819155193459 -0.0106735956227
-0.019900624923 0.0071518856148 -0.00988908530838
-0.019822297736 0.00615751278472 -0.00909491781376
-0.019691275548 0.00520827984309 -0.00829333332794
-0.0195065066465 0.004301588461 -0.00748312050047
-0.0192955779836 0.00343173177908 -0.00666074989392
-0.0190944395494 0.00258931978916 -0.00581863417021
-0.0189015791105 0.00176889241936 -0.00495018939789
-0.018650129776 0.000978861910584 -0.00405982911687
-0.0183358111384 0.000220250612626 -0.0031469380914
-0.0150803110304 0.0186897301139 -0.0183919841465
-0.0157221252331 0.0171588940047 -0.0176485559455
-0.0167472329728 0.0158756028828 -0.0170477492082
-0.0177271022261 0.0145972615228 -0.0164217857899
-0.0184793120388 0.0132826380078 -0.0157239950455
-0.0190405563098 0.0119742543197 -0.0149778024173
-0.0193949571507 0.0106934755156 -0.0141907901144
-0.0195708199669 0.00946341660635 -0.013378722662
-0.0196501914097 0.00829866048293 -0.0125610677459
-0.0197300252253 0.00719676242527 -0.0117499967395
-0.0197564430144 0.00615018186095 -0.0109348354911
-0.0196477163358 0.00516374012857 -0.0101090981535
-0.0194838072993 0.004231480121 -0.0092802001338
-0.019280183014 0.00334773309219 -0.00844688337266
-0.0190477284677 0.00250655611112 -0.00760640933323
-0.0188676286089 0.00168672376779 -0.00675147856677
-0.0187168218175 0.00088539041756 -0.00587343753566
-0.018500409066 0.000121306859728 -0.00497316706971
-0.0181920083006 -0.000597638005056 -0.00405298692635
-0.0148113397712 0.0182236143009 -0.019789040403
-0.0154428546347 0.0165890981401 -0.0189720796256
-0.0165198174611 0.0152120895334 -0.0183611040119
-0.0175681339524 0.0138465066485 -0.0177320805042
-0.0183568328 0.012451714117 -0.017009573857
-0.0189096630372 0.0110738527689 -0.0162199189047
-0.0192278681252 0.00974399335423 -0.0153785704386
-0.0193940805434 0.0084864390436 -0.0145177324995
-0.0194557435537 0.00730692676563 -0.0136524995179
-0.0195125211991 0.00619640541163 -0.0128015706236
-0.0195145945101 0.00515025176275 -0.0119515980375
-0.0193810450079 0.00417790798206 -0.0110910348865
-0.0191914212264 0.00326757223614 -0.0102318020559
-0.0189680360691 0.00241059063882 -0.00937386666429
-0.0187518931647 0.00159197880317 -0.00851580214718
-0.0186075058053 0.000787702463646 -0.00765228977337
-0.0184923307754 1.52341874128e-06 -0.00677212635915
-0.0182942722965 -0.000736356413803 -0.00587084263608
-0.0180299273658 -0.00142927197428 -0.0049474081666
-0.0142652790064 0.0175742891142 -0.0210934454263
-0.0151371670538 0.0159621796995 -0.0203312263541
-0.016219534752 0.0144805521621 -0.0196901885857
-0.017284097451 0.0130197751995 -0.0190409342538
-0.0181186707253 0.0115537909819 -0.0182987567448
-0.0186581337827 0.0101182729209 -0.0174592045386
-0.0189300772528 0.00875434059441 -0.0165528896689
-0.0190732278326 0.00748069355281 -0.0156363021229
-0.0191361236963 0.00629500023572 -0.0147252326052
-0.0191551759305 0.0051878130005 -0.0138272357745
-0.0191028525161 0.00415742993781 -0.0129332323903
-0.0189837835344 0.00319954152336 -0.012043066993
-0.0188066454813 0.00230862586411 -0.0111569253576
-0.0186111552178 0.00146972387425 -0.0102782650769
-0.0184602981231 0.000657511918228 -0.00940915181242
-0.0183345641392 -0.000129771093612 -0.00853910208351
-0.0181662027389 -0.000873543478278 -0.00765694519358
-0.0179751601202 -0.00158141489576 -0.00676055160513
-0.0177395953087 -0.00224569193905 -0.00584543664966
-0.0136184845109 0.016843369607 -0.0223729257503
-0.0147714175146 0.0152504909751 -0.0217271770906
-0.0158406255166 0.0136687218899 -0.0210433552101
-0.0169041503641 0.0121174131209 -0.0203645423054
-0.0177288849604 0.0105816013969 -0.0195804808722
-0.0182849666068 0.00910177802551 -0.0186998365334
-0.0184892861931 0.0077220332834 -0.0177119002196
-0.0186030308892 0.00644624194007 -0.016732962393
-0.0186570982297 0.00526508394396 -0.015772015896
-0.0186591401341 0.00416990293263 -0.0148281180568
-0.0185589069444 0.00316751116233 -0.0138848494704
-0.0184595859956 0.00222630236846 -0.0129675751163
-0.0183126910597 0.00135244777075 -0.0120594949497
-0.0181581300433 0.000527704769422 -0.0111655575703
-0.0180323677292 -0.00026753348873 -0.0102866264149
-0.0178750837489 -0.00101613412918 -0.00940686931987
-0.0176786966913 -0.00171680071758 -0.00852235411288
-0.0174751955628 -0.00238356659629 -0.00763358528138
-0.0172820010634 -0.00302461275981 -0.00673698339037
-0.0129219432249 0.0160481361262 -0.0236632461209
-0.0143128533103 0.0144322835878 -0.0231542224628
-0.0152994677197 0.012754769159 -0.0223818551653
-0.0163221357849 0.0111257901677 -0.0216528777945
-0.0170960536535 0.00953942882512 -0.0208063325048
-0.0176610515647 0.00803138824801 -0.0198856121815
-0.0178617802591 0.00665253544746 -0.0188374127549
-0.017961320195 0.00538796616767 -0.0177983648617
-0.0180267879606 0.00421767221314 -0.0167935463686
-0.0180192693324 0.00314323270708 -0.0158033524749
-0.0179333199853 0.00216219692346 -0.0148240863455
-0.0178762994555 0.00123162135652 -0.0138862808864
-0.0177686428447 0.000371447920218 -0.0129595547312
-0.0176285715277 -0.000429453266478 -0.012046122742
-0.0174492357942 -0.00117198126136 -0.0111411915858
-0.0172737543919 -0.0018783775049 -0.0102511080601
-0.0170945403187 -0.00254861953679 -0.00936953376718
-0.0169278242894 -0.00319217330156 -0.0084949663703
-0.0167750065657 -0.00381027611709 -0.00762265526366
-0.0121822710675 0.0151786641448 -0.0249841925502
-0.0137518918682 0.0134947899179 -0.0246167272957
-0.0146148462642 0.0117439570625 -0.0237129310301
-0.0155751287081 0.0100556630624 -0.0229165784981
-0.0163652035681 0.00843007484065 -0.0220422558997
-0.0168834992693 0.00691073881317 -0.0210498101082
-0.0171132282273 0.00553722843098 -0.0199560247341
-0.0172088506335 0.00429264682815 -0.0188570576843
-0.017266706493 0.00314623091237 -0.0177985262236
-0.0172723807216 0.0020938647997 -0.0167680273152
-0.017228063101 0.00112816984602 -0.0157622113113
-0.0171617458468 0.000231065738293 -0.0147873941211
-0.0170412198545 -0.000589063977039 -0.013827638659
-0.0168764727162 -0.00134045142941 -0.0128837980883
-0.0167164199341 -0.00205130459991 -0.0119676113185
-0.0165944515421 -0.00274373839975 -0.0110832306786
-0.0164635866294 -0.00339672607415 -0.0102126217456
-0.0163411485972 -0.00402037681747 -0.00935706973898
-0.0162224252351 -0.00461168675857 -0.00851228455061
-0.0113308427953 0.0142096217332 -0.0262903577395
-0.012882151479 0.012422379971 -0.0259464504736
-0.0137515822618 0.0106386531452 -0.0250079001274
-0.0146537605608 0.00891307440185 -0.0241438428052
-0.0153888308106 0.00727225999392 -0.0232004538333
-0.0158642718577 0.00576521537966 -0.0221364824363
-0.0161533331366 0.00439813585502 -0.0210217393427
-0.0162912979928 0.0031707871998 -0.0198876995508
-0.016355991749 0.00205489749774 -0.0187800192765
-0.0163704740032 0.00103492597689 -0.017706526886
-0.0163436382668 0.000100135430775 -0.0166664004872
-0.01626780963 -0.000751354000337 -0.0156515845705
-0.0161379771147 -0.00152114511941 -0.0146565922472
-0.0159960338298 -0.00223658550763 -0.0136948468231
-0.0158877499203 -0.00292933184489 -0.0127784741808
-0.0158295633639 -0.00361421095293 -0.0119073189554
-0.0157565364488 -0.00425497666489 -0.0110544860435
-0.0156847679076 -0.00486119105238 -0.0102237984414
-0.0156176088046 -0.00543342967187 -0.00941511042869
-0.0103590002399 0.0131424671377 -0.0275701398544
-0.0117068656137 0.0112715592307 -0.0270842368719
-0.0125851817491 0.00947569751113 -0.0261390916924
-0.0135066027175 0.00772127216413 -0.0252821765857
-0.0142035484625 0.00608307120172 -0.0242831664323
-0.0146526401624 0.0046036071856 -0.0231573154002
-0.0149781536549 0.00325423641584 -0.0220177605948
-0.0151891714372 0.00203513354019 -0.0208753352689
-0.0153127768022 0.000933721457538 -0.019748736783
-0.0153618088597 -5.90104458884e-05 -0.0186439782202
-0.0153527622855 -0.000955900331568 -0.0175673339655
-0.0152855984914 -0.00176081185818 -0.0165151820792
-0.015179122011 -0.00248935137481 -0.0154934340427
-0.0150530742692 -0.00315854863642 -0.0145073564741
-0.0149814716142 -0.0038223880871 -0.0135858210399
-0.014975331801 -0.00449303186574 -0.0127275791339
-0.0149636187203 -0.00512361179925 -0.0118984929674
-0.0149492065404 -0.00571512247438 -0.0110995245275
-0.0149325910253 -0.00626550089541 -0.0103317222771
-0.00946621493063 0.0119477496638 -0.0290764282113
-0.0103231150487 0.0100977461373 -0.0280576989691
-0.011175001499 0.00830628630868 -0.0270991500016
-0.0121296873088 0.00651682267698 -0.0262954953131
-0.0128295404809 0.00487920030041 -0.0252857931946
-0.0133169797533 0.00340876944929 -0.0241535779066
-0.0137001707806 0.00206386764342 -0.0230126133888
-0.0139711192848 0.000853223054587 -0.0218616924774
-0.0141386212184 -0.000225860158376 -0.0207111934307
-0.0142194645904 -0.00118406805787 -0.019573837333
-0.0142241857526 -0.00203011292823 -0.0184552180662
-0.0141761805904 -0.00278356961274 -0.0173669857145
-0.0140817868545 -0.00345264972996 -0.0163087828675
-0.0139934484152 -0.00408123582928 -0.0153058080595
-0.0139592291937 -0.00471103137867 -0.0143786140364
-0.0139968574221 -0.00535910210459 -0.0135316881591
-0.014052817294 -0.00598381852924 -0.012734553565
-0.0140956620074 -0.0065585747751 -0.0119718220802
-0.0141275391329 -0.00708191008065 -0.0112475163683
-0.00828219222301 0.0106522620375 -0.0303705372984
-0.00877129008459 0.00895294340414 -0.0288492241587
-0.00953120067981 0.00720393948283 -0.0278246162848
-0.0104511638745 0.00540127024474 -0.0270489755107
-0.0111970992613 0.00373849170794 -0.0261080199221
-0.0117440770219 0.00225850984396 -0.0250172131982
-0.0121681152909 0.000924109393025 -0.0238820978579
-0.0124841136607 -0.000269349780791 -0.0227279962788
-0.012687498165 -0.00131433472814 -0.0215577634432
-0.0128048421276 -0.00223122883942 -0.0203966209092
-0.012855800032 -0.00303787830258 -0.0192586983236
-0.0128550276102 -0.00374948541858 -0.0181514012482
-0.0128367410767 -0.00439973445958 -0.0170940151002
-0.0128243183837 -0.00501314831525 -0.0160966996094
-0.012872009973 -0.0056418111876 -0.0151903681644
-0.0129593784492 -0.00626789731806 -0.0143583292621
-0.0130658919718 -0.00687127117333 -0.0135876020482
-0.0131512317109 -0.00741258289015 -0.0128547136778
-0.0132230530317 -0.00789528675361 -0.0121690467879
-0.00674407291495 0.00941741153823 -0.0311999799192
-0.00717121758766 0.00783688528298 -0.0295681653163
-0.00783648438812 0.00614650581004 -0.0284724208393
-0.0086721723269 0.00435028095229 -0.0276868692758
-0.00941377723437 0.00266546476335 -0.0268001748556
-0.0100145695457 0.00114938224004 -0.0257843083324
-0.0104696450857 -0.000179519545277 -0.0246665916861
-0.0108221688065 -0.0013560117204 -0.0235165367719
-0.0110752148154 -0.00237984724753 -0.0223470166446
-0.0112553481631 -0.00327783623354 -0.0211883890333
-0.0113721627197 -0.00406108862325 -0.0200489534496
-0.0114367197299 -0.00474319913871 -0.0189359035095
-0.0114850890428 -0.00536554570998 -0.0178755021109
-0.0115570548711 -0.00597347340706 -0.0168948630636
-0.0116619732221 -0.00657771087542 -0.015997025592
-0.0117610140233 -0.00713514204356 -0.0151493447409
-0.0118655624643 -0.00765622234885 -0.0143623510324
-0.0120093530676 -0.0081729887839 -0.0136677358941
-0.0121395239948 -0.0086246443304 -0.0130285373724
-0.000462974929052 -0.0187422638026 0.00513814285237
-0.00238630343915 -0.0179931463163 0.00642213454187
-0.00421628687609 -0.017027254519 0.00752128975178
-0.00595868890493 -0.0159016048657 0.00840563607423
-0.00766606976687 -0.0148359713745 0.00929497919814
-0.00922728503756 -0.0134748865069 0.00983870498676
-0.0107305120123 -0.0120980364747 0.010350922801
-0.0122338948145 -0.0107139951705 0.0108366236255
-0.0136917073433 -0.00921664579346 0.0111476528722
0.000176818548871 -0.0189664573482 0.00439589814976
-0.00210096829543 -0.0182738602978 0.00547460833858
-0.00427516991297 -0.0174446863276 0.00652820537994
-0.00628994499765 -0.0163289282155 0.00746350709638
-0.00821127659185 -0.0151290872653 0.00834687002982
-0.00990379401113 -0.013628572733 0.00902422812075
-0.0115177426476 -0.0120935706802 0.00968940594464
-0.013001271694 -0.0104320793492 0.0102880387626
-0.0143275277236 -0.00862328740539 0.0108158747782
0.000727392002554 -0.0190785555235 0.00360618821349
-0.00186588052506 -0.0184202590647 0.00450529657133
-0.00437542302734 -0.0177063413896 0.00544679130868
-0.00663115226089 -0.01654876709 0.00635607101349
-0.0085745698226 -0.0150273132854 0.00716708867802
-0.0105646804028 -0.0136518582879 0.00806688321615
-0.0123096844797 -0.0120045464226 0.00890582967625
-0.013689986351 -0.0100462971081 0.00964791281012
-0.0149201589763 -0.00798092164466 0.0104084268183
0.00119517954977 -0.0190492946577 0.0027840377706
-0.00167273441842 -0.0184452759384 0.00355075335873
-0.00447299691342 -0.0178199253752 0.00437562858168
-0.00687469617546 -0.0165393562061 0.00525452403985
-0.00886301006837 -0.0148533108996 0.00611208207468
-0.0110803015702 -0.0134958589042 0.0070739254007
-0.0130217907061 -0.0118059398826 0.00805641130139
-0.0143255701329 -0.00959840829824 0.00896587144345
-0.015466273075 -0.00728299000903 0.00991952953347
0.00157287226318 -0.0189136861644 0.00193363695411
-0.0015324528932 -0.0183917753692 0.00262147985728
-0.00453912237315 -0.0177795101536 0.00337392712181
-0.00706819954176 -0.0164338136805 0.00425752366306
-0.00912723961134 -0.0146534619726 0.00517550766949
-0.0114844586922 -0.0132406221667 0.00614980533426
-0.0135250543314 -0.0114381542768 0.00719570588674
-0.0149138189149 -0.00909871925378 0.00825402063396
-0.0159588328534 -0.00652399295574 0.00934565161821
0.00185151529435 -0.0187138717126 0.00104260055591
-0.00144399291975 -0.0182555042372 0.00171843692083
-0.00458036523496 -0.0176115144705 0.0024655996574
-0.00723096149687 -0.0162560493955 0.00336729770242
-0.00935353871728 -0.0143941309663 0.00433190827833
-0.0118047105785 -0.0129146723772 0.00531155497264
-0.0139003284284 -0.0109826179309 0.00638434262102
-0.0153471502338 -0.00849003671075 0.00751172247796
-0.0163803192586 -0.00569619371023 0.00868497322101
0.00203077159994 -0.0184520044433 0.00010453294187
-0.00139941421529 -0.0180109063677 0.000847564511052
-0.00463100432823 -0.0173672064735 0.00163867788392
-0.00738145267875 -0.016017826204 0.00257035315275
-0.00965950209959 -0.0141926353548 0.00355421097586
-0.0120659538918 -0.0125314574114 0.0045512481793
-0.0141836608876 -0.0104625512611 0.00562546071038
-0.0156560480952 -0.00779704058589 0.00675708071945
-0.0167250671896 -0.0047991711717 0.00793979646172
0.00211636920739 -0.0181006979622 -0.000872673690899
-0.00142356594793 -0.0177177195806 -1.17969469302e-05
-0.00472863452815 -0.0171026472489 0.000867798887993
-0.00754675469577 -0.0157427673243 0.00184757446647
-0.00998146447728 -0.0139823149794 0.00283996119784
-0.012328022348 -0.0121354193254 0.00385325990051
-0.0144306004213 -0.00991028122965 0.00490895650915
-0.0159008544425 -0.00705157548641 0.00599143515524
-0.0170117394607 -0.00384125449803 0.0071123350763
0.00210768601755 -0.0176634317787 -0.00189004602079
-0.00152612703876 -0.0174086808898 -0.000870933685983
-0.00487976717493 -0.0168329636122 0.000144802563294
-0.00774980036322 -0.0154615065116 0.00118656549632
-0.0103207605228 -0.0137820756422 0.00220056494168
-0.0126180292211 -0.011755643031 0.00321360787758
-0.0146729588692 -0.00934618183556 0.00422682427047
-0.0161132202348 -0.00626733015796 0.00520896902303
-0.0172985219327 -0.00284272644157 0.0061987016115
