0.00737675246222 -0.0106738509891 0.00800747915085
-0.00597382016513 -0.00127212115953 0.0129299750743
0.0132969895972 -0.00146744913104 -0.018412487011
-0.0128245225771 0.0163530852955 -0.00900461995309
0.019757688377 0.00670354582276 0.0166357663826
0.00837725757376 0.0137331937312 0.0206527317412
0.0215542386854 0.00601261659715 0.0209143398436
0.00924357451145 0.0138205050203 0.0253694424751
0.0229385007388 0.0056397026691 0.0249172652047
0.0103045211963 0.0135568800104 0.0293505138538
0.0238961583594 0.00534492194768 0.0285220061542
0.0115598371126 0.0129314651132 0.0330325401318
0.0246579673481 0.00464944538121 0.0315411638585
0.0123989819507 0.012616207765 0.0359996840108
0.0324874683637 0.0119590576638 0.037797823425
0.019210624753 0.0213805910517 0.0424202881881
0.0260165155652 0.00282946067326 0.0444348967193
0.0182405263984 0.00791232079709 0.0478015269021
0.0243680729213 0.00501012448318 0.0462210359487
0.021120739813 0.00656479354422 0.0477712606221
-0.00688355904193 0.00608712407193 -0.0316448469169
0.0163898106122 0.00237303629675 -0.0111245275745
-0.00710422918904 0.0187753826369 -0.00243720089564
0.0186506399598 0.0078156541107 0.0160738584844
0.0203041069916 0.00702980706121 0.0157280981704
0.0210180985309 0.00681959746339 0.0172983466165
0.0194833826612 0.00738546956984 0.0182330676051
0.00929749985734 0.0138070395274 0.0195779528972
0.00796423171568 0.0147544476004 0.0199984565981
0.00812025428211 0.0148910843119 0.0218095075939
0.009720568616 0.0133533151557 0.0216139679052
0.0200838825195 0.00674072808821 0.0203769905159
0.0207017224234 0.00623818900328 0.0224402315706
0.0228491292264 0.00573752831706 0.0215204959107
0.0220664539335 0.0062207667146 0.0197357896527
0.0100058659365 0.0129749119413 0.0241121733841
0.010128071338 0.0128632051314 0.025798740095
0.00872101397657 0.0146591019752 0.0264022016315
0.00853596051677 0.0147866247313 0.0244578578574
0.0214605729027 0.00598987877125 0.0246803780956
0.0218985753746 0.00560960660231 0.0262210308157
0.0241901354486 0.00538229641022 0.0254606176739
0.0234512595652 0.00585630084443 0.0237666914182
0.0108979832296 0.0125734896659 0.028367609977
0.0111433363178 0.0124377917679 0.0301079481747
0.00996989190996 0.0142791092728 0.0306109963156
0.0095911188813 0.0144632019274 0.0284893174801
0.0232825048812 0.00568178344965 0.0288594668736
0.0247211720127 0.00499564356066 0.0281168606027
0.0122301200114 0.0120163115143 0.0327614264129
0.0108179207074 0.0136731885638 0.0333116191365
0.0237633319823 0.00475689360706 0.0317995501954
0.0257557083157 0.00443751544711 0.0311707951231
0.0129492005597 0.011830183713 0.0356797702773
0.0119862611883 0.0131311250768 0.0364952393872
0.0236603234071 -0.00104327255791 0.0402849953168
0.0129964472527 0.00543481514351 0.0448350299325
0.0237419316038 -0.000846316142167 0.0420822461082
0.0138802194811 0.00478696420449 0.045489625949
0.0231293447773 0.000665479266597 0.0438222855251
0.0167597837651 0.00455089494932 0.0465008590518
0.0188740072317 0.00488849380596 0.0138126258208
0.021502670805 0.00348180609997 0.0182965141443
0.022869008444 0.00261535269701 0.0222679307531
0.0237642270183 0.00254204325575 0.0260121747818
0.0245368564881 0.00202780904004 0.0295311914237
0.0251719182201 0.000349231737295 0.0324375535455
0.00550077855522 0.0130621468594 0.0187927485107
0.00562082894226 0.0130768048605 0.0236401945235
0.00671732192093 0.0127271352255 0.0280342118964
0.00819542631641 0.0121406123414 0.0317994959157
0.00918963423406 0.011771607504 0.0349149165641
0.00909211046444 0.0103613987854 0.0383956290768
0.010598749884 0.00627428265488 -0.00473301425196
0.000944887292083 0.0127993544992 -0.00119067164667
0.0125358515032 0.00588580586657 -0.0155390620428
-0.00598733822775 0.0178407977757 -0.00944101028456
0.0189757940154 -0.000823146400114 -0.0092719093773
-0.00972478629413 0.0182245779207 0.00169570497558
0.0116042363745 0.00285202102013 -0.00570291757139
-0.00351224591345 0.0119769524433 1.31255789566e-05
-0.00148326013591 -0.0158510444802 0.00440508959443
-0.00056197078179 -0.0164885039136 0.00398342636097
0.000246519155487 -0.017027772943 0.00346836056345
0.00106982012427 -0.0173677643517 0.00298515754353
0.00194131335354 -0.0175109937218 0.00259617522846
0.00283774290295 -0.0174695760038 0.00227209473659
0.00375149563182 -0.0172447533918 0.00198790729882
0.00468980573077 -0.0168386477161 0.0017366027648
0.00566018819872 -0.0162561447179 0.00155439068061
0.00661272372795 -0.0154791097126 0.00156373674287
0.00661272372795 -0.0154791097126 0.00156373674287
0.00712145276207 -0.0150166291479 0.00188850435998
0.00751690323092 -0.0145349741504 0.00232498803633
0.00780240116424 -0.0140382442339 0.00285808453652
0.00799525148422 -0.0135207548335 0.00347657930906
0.0080769500937 -0.0129883472872 0.00419409642694
0.00805064593107 -0.0124415095718 0.00500717124525
0.0079149366388 -0.0118835233691 0.00591547605152
0.00771892782685 -0.0112679158188 0.00690959846729
0.0073767521014 -0.0106738516552 0.00800747921054
0.0073767521014 -0.0106738516552 0.00800747921054
0.00652568309023 -0.00981582979331 0.00814816290265
0.00562066931526 -0.00914687519828 0.0082708104661
0.00466604768973 -0.00870448307551 0.00830216710399
0.00369063169328 -0.00855058790725 0.00814477745391
0.00276024644028 -0.00839994430286 0.00802276642189
0.00178691248933 -0.00819826739856 0.00801511082271
0.000636324219453 -0.00792105956319 0.00810203199287
-0.000164097911963 -0.00858688601412 0.00746766938976
-0.000958557233003 -0.00920433326272 0.0069935958567
-0.0108732435887 -0.0092158129294 0.00797426019604
-0.0117995625279 -0.00850507346124 0.00824609021229
-0.0126659656818 -0.00783235467578 0.00840677705101
-0.013388332749 -0.00711384390288 0.00849773412697
-0.0139295221512 -0.00631925061487 0.00858760871446
-0.014296030985 -0.00545521406365 0.00868163550243
-0.0144890353958 -0.00452771464225 0.00878867313639
-0.0145082134187 -0.00354379436009 0.00891106940807
-0.0143704018391 -0.0024983730955 0.0090128870239
-0.0140335753425 -0.00141840223606 0.00915736358835
-0.0140335753425 -0.00141840223606 0.00915736358835
-0.0135260416138 -0.000693828555192 0.00958667472632
-0.0128147138155 -0.000222390572229 0.010147197061
-0.012028497338 4.13441346748e-05 0.0106853639256
-0.0111903672981 0.000127526426921 0.0111728076945
-0.0102953515858 0.000102555179386 0.0116013005385
-0.00928429580444 0.000110507473271 0.0119864474037
-0.00814322657021 8.35252068304e-06 0.0123653885655
-0.00696449919414 -0.000403800664239 0.012712639698
-0.00597382016513 -0.00127212115953 0.0129299750743
-0.00597382016513 -0.00127212115953 0.0129299750743
-0.00528678112767 -0.0017729250192 0.0124590258983
-0.00474375074795 -0.00234112472617 0.0119715605586
-0.00434460591315 -0.00295951685177 0.011476858801
-0.00405544316387 -0.0036031827604 0.0109820417764
-0.0038270409509 -0.00425805598488 0.0104820682608
-0.00368721006145 -0.00494492083716 0.00996917281703
-0.00385789986131 -0.00570428116628 0.00949475270074
-0.00401865780725 -0.00646286837066 0.00900091769658
-0.00416666556911 -0.00725071725239 0.00844961341127
0.0324874683637 0.0119590576638 0.037797823425
0.0320017089379 0.0115787169666 0.0374807606689
0.0313034518444 0.0102859994247 0.0371107679201
0.0306086845517 0.00906733537615 0.0367259860392
0.029837896082 0.00787317617156 0.0363048377548
0.0289449996672 0.00667750070324 0.0358341446739
0.0278880428642 0.00547921447152 0.035294891451
0.026693619385 0.00422932133036 0.0347103026295
0.025274367093 0.00304538228391 0.0339853818281
0.023744251745 0.00188146167524 0.0331611070593
0.0324874683637 0.0119590576638 0.037797823425
0.0328920574983 0.0108895793176 0.0380850721445
0.0327779205409 0.00932088229654 0.0381842013861
0.0324243255253 0.00787552349524 0.0381906886082
0.0318824422081 0.0064755367268 0.0381524431628
0.0311628796953 0.00505685894813 0.0380840140721
0.0302232768669 0.00361992815148 0.0379579227798
0.0290977680613 0.00212951886846 0.0377948493253
0.0277450888784 0.000616275111295 0.0375651638056
0.0261006857926 -0.000837245468868 0.037243184473
0.0324874683637 0.0119590576638 0.037797823425
0.0326708760074 0.0108990328149 0.0383146403108
0.0324472283335 0.0094339258321 0.0385700652269
0.0320537667149 0.00810794740123 0.0387935012192
0.0314499769758 0.00678701610152 0.0390039416082
0.0306190083866 0.00542884049291 0.0392005194444
0.0295422807794 0.00402669785314 0.0393181899005
0.0282143642722 0.0026118465311 0.0392637069663
0.0266522411345 0.00116449134061 0.0391667591528
0.0248652742644 -0.000242157896108 0.0388428357866
0.0324874683637 0.0119590576638 0.037797823425
0.0325709990827 0.0109169971843 0.0383504812607
0.032154221403 0.00926371654975 0.0386402698857
0.0315638638429 0.00781335689157 0.0387983584504
0.0307867738563 0.00649197194625 0.0388298520106
0.0298440150082 0.00523939340827 0.0388022497638
0.0287496096332 0.00400504764234 0.0387830950742
0.0274669831367 0.00279599700752 0.0386805381675
0.026012892205 0.00159298486125 0.038551442688
0.0244085621681 0.000471501450601 0.0384990579729
0.019210624753 0.0213805910517 0.0424202881881
0.0185850423073 0.0206498760244 0.0420185851982
0.0176507089805 0.0196088145267 0.0418153435985
0.0167524995394 0.0185295282188 0.041493889399
0.0158318543873 0.0173738951133 0.0411345958994
0.014908921991 0.016130203733 0.0407175504325
0.0139912196791 0.0147716418244 0.0402521250795
0.0131125105251 0.0132821437335 0.039626477142
0.0122517101079 0.0117242337509 0.0387348186948
0.0113286695983 0.010220976588 0.0376362555112
0.019210624753 0.0213805910517 0.0424202881881
0.0186713194252 0.0211588308231 0.0430424372711
0.0167513972229 0.0190997684681 0.0441289849565
0.0154534996697 0.0173605931266 0.0444142745086
0.0144263717872 0.0157913883539 0.0444468569558
0.0135132978297 0.0142451126728 0.0443570784744
0.0126743985233 0.0126712520867 0.0441595302727
0.0119033784364 0.0110525968817 0.043843461663
0.0112003328197 0.00938428885982 0.0434020554675
0.0105557425747 0.00766845370079 0.042860527544
0.019210624753 0.0213805910517 0.0424202881881
0.0188228923669 0.0202678124441 0.0431110084372
0.0175212862688 0.0185770520382 0.0439539606805
0.0163375270057 0.0170841209219 0.0443628455375
0.0155739281434 0.0156306613064 0.0446331693064
0.0149804014462 0.0141092951852 0.044821340445
0.0142872894021 0.0126073869836 0.0447064745777
0.0136979824183 0.0110674666373 0.0444456670724
0.0131625988576 0.00951072658788 0.0439886198187
0.0126920776538 0.00792901083112 0.0433546126956
0.019210624753 0.0213805910517 0.0424202881881
0.0188572479846 0.0201685631017 0.0430266093518
0.0179021749851 0.0186185476926 0.0436587097954
0.0171098540079 0.0172357391827 0.0439810856392
0.0164272858784 0.0159022749716 0.0441230364937
0.0158627781443 0.01456866517 0.0441838134535
0.0152919819307 0.0132637989005 0.0440086185644
0.0147642716704 0.011955012635 0.0436631542286
0.0143176145978 0.0106408096706 0.0432326900902
0.0139744780827 0.00942589318799 0.0427752728542
-0.00186416183493 -0.0127673111989 -0.00886875233417
-0.000960960050535 -0.013441987025 -0.00808105521679
-7.91658913219e-05 -0.0140934992592 -0.00734711924087
0.00081881969112 -0.0146913229124 -0.00667324480538
0.00175302116441 -0.0151693430424 -0.00604352357567
0.00271068547795 -0.0154618847117 -0.00541775268892
0.00367123981809 -0.0156573982335 -0.00481899310941
0.00467079851789 -0.0158464988108 -0.00432393799932
0.00580436063941 -0.0160206300425 -0.00403287789065
0.00676622432863 -0.0158967304963 -0.00348562549236
0.00676622432863 -0.0158967304963 -0.00348562549236
0.00796073842684 -0.0153321834168 -0.0025372108761
0.00926060326854 -0.0148050318208 -0.00181025900113
0.0105168091015 -0.0142672011999 -0.00111061208926
0.0116487900495 -0.0137013936382 -0.000350677286818
0.0126538147411 -0.0131041698987 0.00046543156824
0.0135499883727 -0.0124718595985 0.00131493955346
0.0143996884441 -0.0118215439423 0.00213469123335
0.0152613402327 -0.0111926467329 0.00286929051424
0.0161445393882 -0.0106264127395 0.00351078092004
0.0161445393882 -0.0106264127395 0.00351078092004
0.0164846180386 -0.0103876219102 0.00361294408135
0.0167869469061 -0.0101525658465 0.00364406747344
0.0170558270404 -0.0099201747289 0.00362967893348
0.0173041293776 -0.0096868255428 0.00358680407384
0.01755284317 -0.00945277795184 0.00350052742539
0.0178095480965 -0.00925481331414 0.00327838203028
0.0180554557198 -0.00909332106889 0.00293234547321
0.0182778100852 -0.0089675044306 0.00248600415668
0.0184626767462 -0.00888758991342 0.00195602626635
0.0184626767462 -0.00888758991342 0.00195602626635
0.0188945433069 -0.00791414483196 -0.00116480063719
0.0186991808576 -0.00772490764251 -0.00442294592918
0.018479043338 -0.00716287812999 -0.00728506679189
0.0180632077739 -0.00633137274479 -0.009800046307
0.0173743974435 -0.00536953943165 -0.0120287726491
0.0164175152777 -0.00443966544971 -0.014044602378
0.0152296003482 -0.00357802353693 -0.0158662452942
0.0137766333423 -0.00263528692592 -0.0174195835835
0.0123463433763 -0.00212037439128 -0.0189850686585
-0.0147834043815 -0.00372944356274 -0.00386907528275
-0.0151110419817 -0.00358710589043 -0.00276895197819
-0.0154406329766 -0.00342932499098 -0.00169747471352
-0.0157514826255 -0.00320593124581 -0.000653534330474
-0.0160973134369 -0.00293064382481 0.000356970586756
-0.0163581314204 -0.00253451497035 0.00134773778427
-0.0165281294107 -0.00203737436395 0.00231874639414
-0.0166895693486 -0.00146466929755 0.00326159503539
-0.0168946240432 -0.000802546055282 0.00417397513867
-0.0169172417115 -5.93147313806e-05 0.00507137390543
-0.0169172417115 -5.93147313806e-05 0.00507137390543
-0.0166790936192 0.000805618796947 0.00605066210066
-0.016186930141 0.00165392032299 0.00704525110027
-0.0156364462669 0.0025403234642 0.00804421822108
-0.0150866787351 0.00353693560811 0.00902954091198
-0.0144106772702 0.00454966868678 0.0100241871913
-0.0135720767172 0.00554166973509 0.0110479882667
-0.0125560700651 0.00652676546888 0.0121169004205
-0.0114909026428 0.00764228124501 0.0131808361983
-0.0108558823068 0.00907795648978 0.0140140269802
-0.0108558823068 0.00907795648978 0.0140140269802
-0.0107153012171 0.0095587239264 0.0140181485755
-0.0106744384649 0.0100691353533 0.0139394608078
-0.0107459763929 0.0105202944597 0.0137893953015
-0.0108896227237 0.010868189354 0.0135868343472
-0.0110421935251 0.0111421665062 0.0133472603191
-0.0111590389754 0.0114028574903 0.0130795924391
-0.0112508815051 0.01166505694 0.0127808684821
-0.0113040487446 0.0119547825913 0.0124634745591
-0.0113618401271 0.0122212829239 0.012119001322
-0.0113618401271 0.0122212829239 0.012119001322
-0.0120960890981 0.0133737681491 0.0108159059833
-0.0127900664035 0.0142512208015 0.00922868782088
-0.0134179271455 0.0149439613034 0.00741609012657
-0.0137750563064 0.0154900385064 0.00537060014249
-0.0140647820854 0.0158536846605 0.00309681749816
-0.0141684382004 0.0160385555881 0.000580440492255
-0.0137858683653 0.0159516728967 -0.00223543188846
-0.0137413292203 0.0158012073804 -0.00520138770202
-0.0134456243456 0.0154503486161 -0.00842775860795
0.0123089912156 -0.00579342404114 0.0348485455793
0.0134621564811 -0.00585510787826 0.0356749923908
0.014530081965 -0.00588296162774 0.0366316998121
0.0154076947192 -0.00574236623108 0.0377980929744
0.0163533644195 -0.00532589163438 0.0389567385904
0.0174577600971 -0.00471442723685 0.0399793690563
0.0183610167488 -0.00390764241652 0.0412857756153
0.0191556767537 -0.00288526702202 0.0431165735234
0.0202737464908 -0.00174679880699 0.0443766158939
0.0211392465379 -0.000344509479646 0.0452452488995
0.00898740072272 -0.00335059565732 0.036417878354
0.0090838569252 -0.00293176873237 0.0374212008677
0.00934975293617 -0.00262340937042 0.0385518994865
0.00986331107331 -0.00229768933497 0.039695539026
0.0105838465495 -0.00179546572338 0.0408345340604
0.0114964681544 -0.00115755234577 0.0419863934127
0.0125354152719 -0.000286408808089 0.0430887744406
0.0141341316218 6.46525031121e-05 0.0445831834757
0.0157484686294 0.000928949289155 0.046131410361
0.0172869814877 0.00212652331156 0.0468296302766
0.0177292529361 -0.000493025443735 0.0450061146326
0.0180334589127 -0.000293972256107 0.0452744594674
0.0183548178764 -9.03754742843e-06 0.0454863013596
0.018684635491 0.000333235655314 0.0456524603969
0.0190211033171 0.000713889022124 0.0457986866368
0.0193660066274 0.00113611700353 0.0459266604773
0.0197195993917 0.00160435303794 0.0460301871677
0.0200830819256 0.00211844531522 0.0461126052353
0.0204743391985 0.00267315760192 0.0462210250288
0.0208368825379 0.00328922131834 0.0461977771796
0.0186818079083 -0.00674784863476 0.00952654897681
0.0190921354931 -0.00667595320219 0.00874369279096
0.0194883093811 -0.00663263329941 0.00778232458804
0.0198242761103 -0.006583086842 0.00662762284959
0.0202926830986 -0.0064372402303 0.00537036686538
0.0207771392081 -0.00619285811212 0.00393485654949
0.021101498037 -0.00595157260463 0.00223627127399
0.0212779890645 -0.00573484150352 0.000290354051694
0.0212163069094 -0.00558343512025 -0.00189328053593
0.021008688767 -0.00542235890063 -0.00425485094515
0.021008688767 -0.00542235890063 -0.00425485094515
0.0209918776165 -0.00548898370542 -0.0049345749562
0.020886695709 -0.0054196646513 -0.00558029888263
0.0207434877561 -0.0052014798421 -0.00619557135757
0.0206046288516 -0.00482765345732 -0.00678787771178
0.020412855587 -0.00430952366458 -0.00734976312471
0.020080548583 -0.00366650481748 -0.00787042111054
0.0196203167076 -0.0029049742664 -0.00835894610552
0.0192748729949 -0.00195831874834 -0.00883427754614
0.0189757939408 -0.000823146784486 -0.00927190938727
-0.00546249841276 0.00991831643337 0.0188752001151
-0.00611685716833 0.0106422536276 0.0180980096996
-0.00686459887625 0.0114538972488 0.017373090709
-0.00758756405858 0.0122916088169 0.0165525157652
-0.00824745530782 0.0132484608809 0.0156848466352
-0.00885595597553 0.0141663250546 0.0146021124774
-0.0094448434118 0.0149960392443 0.013284439075
-0.0100269247955 0.0157321200466 0.011751152201
-0.0106195260703 0.0162180884124 0.00996790828869
-0.0111565552591 0.0168414476353 0.00809925473893
-0.0111565552591 0.0168414476353 0.00809925473893
-0.0114682320212 0.0169828779891 0.00744371965432
-0.0116613122005 0.0171608641531 0.0067817237392
-0.0117363726481 0.0173512520682 0.00610642774543
-0.0116935220847 0.0175290668239 0.00541372519588
-0.0115385068352 0.0176348380522 0.00469424730675
-0.01127301038 0.0177165166501 0.00395443811789
-0.0108986999259 0.0177917315332 0.00319509012432
-0.0103868874767 0.0179743465978 0.00244146804669
-0.00972478629413 0.0182245779207 0.00169570497558
0.00538157319773 0.0108419816561 -0.0162251690793
0.00601984057992 0.010914152397 -0.0155953620739
0.00647221138511 0.0109490076347 -0.0149292311622
0.00673876303599 0.0109863543583 -0.0142471865909
0.00686262305217 0.0112860117804 -0.0136345062475
0.00677788169717 0.0114725848505 -0.0129961298522
0.00646880819192 0.0114726779854 -0.0123013457429
0.00589395993152 0.0112317329752 -0.0115577747596
0.00513326788609 0.0110720330018 -0.010851438001
0.00435975095551 0.011248332446 -0.0101344177756
0.000429652532909 0.0137618439454 -0.0140836798781
0.000915149495438 0.0143698496575 -0.0134194964799
0.00129179374244 0.0146686087371 -0.0127289245284
0.00153100906636 0.014528460681 -0.0120255492499
0.00199185982474 0.0144959350193 -0.0115365479285
0.00248554501036 0.0143192512722 -0.0111222181823
0.00293789355194 0.0138516276577 -0.01075793462
0.00315978768145 0.0127160103267 -0.0104504478556
0.00361802166955 0.0118347106417 -0.0102731533507
0.00435975095551 0.011248332446 -0.0101344177756
0.0073767521014 -0.0106738516552 0.00800747921054
0.0059790430922 -0.00973096988643 0.00950024110794
0.0043648963988 -0.00882447907237 0.010643926077
0.0027804269988 -0.00774937468623 0.0115112571335
0.000811527814122 -0.0079940610079 0.012730394949
-0.000758097494211 -0.00723722828473 0.013404152902
-0.00150903229418 -0.00443376979428 0.0133042311724
-0.00297730939589 -0.00368841982982 0.0136511675518
-0.00425644129638 -0.00237031199384 0.0135706585107
-0.00597382016513 -0.00127212115953 0.0129299750743
0.0123089912156 -0.00579342404114 0.0348485455793
0.0119021088545 -0.00568025750483 0.0349667069382
0.0114986648602 -0.00555301803443 0.0351073150728
0.01110648936 -0.00537997722081 0.0352591010422
0.0107177826917 -0.00518758743752 0.035433157854
0.0103313247892 -0.00497462770526 0.0356327717262
0.00997936407975 -0.00463605696773 0.0358104149845
0.00964005063529 -0.00424762401643 0.0359969415766
0.00932302180232 -0.00378455109908 0.0361752606968
0.00898740072272 -0.00335059565732 0.036417878354
-0.000207084087689 -0.00831361007852 0.0133462211026
0.000920829479286 -0.00788451638897 0.0157744718889
0.00201687653175 -0.00758560011348 0.0182565878558
0.00314068765274 -0.00726469421505 0.0207341722422
0.00432711776653 -0.00687241080412 0.0231823968575
0.00555365739059 -0.00645337996701 0.0256193537727
0.00679869904648 -0.00603819518727 0.0280598375989
0.00798745239436 -0.00577472423934 0.030573195282
0.00922310233079 -0.00548200221169 0.0330740376696
0.0105223480817 -0.0050905438769 0.0355324200636
0.0102695586579 -0.00995514805445 0.0229208070481
0.009322098119 -0.0085507553383 0.0230465066918
0.00910632732368 -0.00594479188067 0.0226269835888
0.00745515022257 -0.00625380133783 0.0232155686954
0.00555866084877 -0.00690864426587 0.0241577240008
0.00448770187232 -0.00613154340163 0.0245194137875
0.00413422603609 -0.00408549944169 0.0243977787089
0.00356753232737 -0.00230917171168 0.0246096031097
0.0018384701102 -0.00298152427165 0.0256253632367
0.000481404458088 -0.00323625312855 0.026292529323
-0.000958557233003 -0.00920433326272 0.0069935958567
-0.00183296695111 -0.00947576870479 0.00877904619019
-0.00257647407339 -0.00945199414551 0.00967159712332
-0.00334442794513 -0.00861838042025 0.00950458725331
-0.00416666556911 -0.00725071725239 0.00844961341127
-0.00176851130343 -0.00975601638612 0.00623511775021
-0.00259863191504 -0.0101509017634 0.00813816047867
-0.00326206292077 -0.0100098091917 0.00893270963873
-0.0038327294241 -0.00953471463593 0.00894863760063
-0.00453293669187 -0.00842407142237 0.00811175193711
-0.00250258436778 -0.0106530097337 0.00569924165124
-0.00316963666807 -0.0109967359391 0.00743472318652
-0.00397848219723 -0.0107162226445 0.00826686173979
-0.00470244307552 -0.0101338986402 0.00831064195967
-0.00546998447179 -0.00920765604612 0.00770968483374
-0.00368414450527 -0.0124233746564 0.00474250301977
-0.00358689855739 -0.0120825276842 0.00647827179311
-0.00472379238509 -0.0115765228165 0.00768559835387
-0.00611042233648 -0.0105255998237 0.00769920957462
-0.00744342910359 -0.0102456087401 0.00657148636324
-0.00148326013591 -0.0158510444802 0.00440508959443
-0.00355524645185 -0.0138806918008 0.00508630267333
-0.00550644387074 -0.0125505754147 0.00713354472527
-0.00819553188673 -0.0106848833008 0.00717467391069
-0.0108732435887 -0.0092158129294 0.00797426019604
0.0186818079083 -0.00674784863476 0.00952654897681
0.0187710089063 -0.00528716108979 0.0118205371793
0.0186499331313 -0.00372440214406 0.0142080202976
0.0188743072066 -0.00238518213606 0.0168582074844
0.0199472036814 -0.00169439283792 0.019600333019
0.0206607870177 -0.000768557022753 0.0226105792656
0.021789253382 -0.000181192962487 0.025754773609
0.023495640327 0.00012029380968 0.028968873296
0.0251719160715 0.000349231402116 0.0324375542293
0.0175613139207 -0.00771334151668 0.00967304396777
0.0180371929623 -0.0061362088749 0.0119848238597
0.0181245443881 -0.00459529598368 0.0144458140605
0.0184591408413 -0.00345667327458 0.0172001910941
0.0191682046856 -0.00269518998142 0.0201307470438
0.0191205376808 -0.00192926192811 0.0233689290693
0.0203215817002 -0.00177305949209 0.0265901538484
0.0222673621007 -0.00207631073923 0.0299092098617
0.0241820396544 -0.00269097660553 0.0336009415624
0.0161646796417 -0.00848365318714 0.009644614246
0.0170523607819 -0.00690920498892 0.0120936224007
0.0174348319143 -0.00545342154159 0.0146759466087
0.0178849974217 -0.00446484686037 0.0175388722015
0.0182807037761 -0.00379944382956 0.0206053371559
0.0180383388951 -0.00331618635612 0.0239036746692
0.0194766618128 -0.00337108600108 0.0271945898012
0.0212598439931 -0.00412041692597 0.0307836342165
0.0216869847955 -0.00507047797956 0.0347548606873
0.014713231317 -0.0090837370253 0.00951345863346
0.0158865726483 -0.00764621361702 0.0121610365015
0.0168034655248 -0.00639277210772 0.0149158869809
0.0172963908163 -0.00546748115285 0.0178696387928
0.0173571749982 -0.00489577926798 0.0210391843296
0.0173846581809 -0.00460318669269 0.0243508348323
0.0190418215105 -0.00486958400978 0.0277689635454
0.0201273853546 -0.00598368243472 0.0316474064915
0.0194707457195 -0.00649048426949 0.0354130313221
0.0132454427499 -0.00941757666699 0.00925517328778
0.0146635314817 -0.00846408327196 0.0122310105206
0.0162027283099 -0.00747409095518 0.0151759636347
0.0167791660632 -0.00651769196395 0.0182006932733
0.0167767053185 -0.00597747449899 0.0214345186261
0.0174333139351 -0.00583414419066 0.0247865256077
0.0188673120615 -0.00642685406817 0.0284244817511
0.0187938776506 -0.00767644358174 0.032453187426
0.017641564319 -0.00694707739075 0.0355747072136
0.0118327817352 -0.00968184946183 0.00897064906696
0.0132543520036 -0.00931902742069 0.0122725709349
0.0152217698514 -0.00877207254896 0.0154445180779
0.0163361703616 -0.00784307145611 0.0185588781779
0.0168582707453 -0.00729983498993 0.0218471659628
0.0177467521813 -0.0073684834061 0.0253324339122
0.0183780915522 -0.00831281309172 0.0292088136222
0.0167924732673 -0.00829903473109 0.0327348518628
0.0161870170368 -0.00662994694082 0.0353635228306
0.0104019802917 -0.0100800745071 0.0087132504782
0.0115537838324 -0.00979132965864 0.0121807908124
0.0131204323676 -0.00987329723657 0.0156282547081
0.0148674052459 -0.0096843323002 0.0189720453376
0.0161932213122 -0.00952440212824 0.0223963747966
0.0166817895935 -0.00962507440299 0.0260093932887
0.0158926206046 -0.00940218240125 0.0295844400356
0.014873626365 -0.00803050395919 0.0325775132965
0.014916712918 -0.00624254177551 0.0351518772944
0.00881119449052 -0.0106516259554 0.00844259818773
0.00995558445241 -0.0100096212862 0.012057246451
0.0107886279375 -0.0101644082197 0.0157032923363
0.0116659751512 -0.0102402743328 0.0192447494507
0.0124770364348 -0.0103346746395 0.0227491510901
0.0129921688185 -0.0100657750742 0.026203529258
0.0131705045165 -0.00913762652572 0.0294618358353
0.0133913741849 -0.00656476530026 0.0320034858592
0.013635322216 -0.00600421051153 0.0350274937124
0.0073767521014 -0.0106738516552 0.00800747921054
0.00866554077399 -0.0100179632699 0.0119564402765
0.00933906513326 -0.00995892524011 0.0157777287372
0.0098317293226 -0.0100005824158 0.0194311244446
0.0102695586579 -0.00995514805445 0.0229208070481
0.0108659357858 -0.00921848489472 0.0261796902816
0.0117704939935 -0.0070708498885 0.0290034383156
0.0122255501653 -0.00588557113126 0.0318021230861
0.0123089912156 -0.00579342404114 0.0348485455793
-0.00546249841276 0.00991831643337 0.0188752001151
-0.00286925555829 0.0094389151323 0.0204529357553
-0.00028024075634 0.0090793385266 0.0220934848163
0.00148957690522 0.0090781856071 0.0246274277781
0.0032558812851 0.00911660661985 0.0271156353437
0.00521925089479 0.00911555812412 0.0294315369315
0.0065438888238 0.00947504778081 0.0323660661933
0.00777954655981 0.0100591983801 0.0354399962493
0.00909211099753 0.0103613979539 0.0383956288244
-0.00596841023497 0.00881611140057 0.0188480951169
-0.00329385638358 0.00861693488898 0.0205850867894
-0.000766249582088 0.00828709788887 0.0224393915904
0.00109242277639 0.00832250740512 0.0250251372785
0.00310674754433 0.00798095484566 0.0273353153734
0.0050513704735 0.00741353139273 0.0296558762945
0.00587223177392 0.00789345318449 0.0331805335483
0.0066660507038 0.00815869338521 0.0367355244349
0.00759527733147 0.0079483912739 0.0401319579874
-0.0063241832695 0.00761249521364 0.0185751312503
-0.0037500209218 0.00769120048113 0.0206654093776
-0.00124153186088 0.00745610047647 0.0226860067229
0.000693555796684 0.00748249274376 0.025306255428
0.00282022266198 0.00666864766596 0.0275150116211
0.0045379247423 0.00601236603886 0.0301073641136
0.00518407691768 0.00657274655425 0.0339618732135
0.00604029012215 0.0058628251984 0.0373762760658
0.00716265891938 0.00446713823069 0.0402818425966
-0.00659723521156 0.00632365341041 0.0181521461094
-0.00426085722734 0.0066287283834 0.0206808034498
-0.00179399699617 0.00664051289875 0.0229171675668
0.000260285166093 0.00657387666463 0.0254995736405
0.00247653354184 0.00528104171073 0.0276133390295
0.00391278392275 0.00502962968799 0.0306503531465
0.00467051346644 0.00514367190095 0.0344547797379
0.00540968624022 0.00379361938711 0.037979875541
0.00686308461839 0.00192795738359 0.0403617290693
-0.00667643019381 0.00497891170862 0.0174578479595
-0.00477756284366 0.005308420282 0.0204983015165
-0.00249303848505 0.0057818383205 0.0231338040411
-0.000274806118799 0.00564407172135 0.0256631120411
0.00194555514471 0.00428111017575 0.0278651259252
0.00320891769435 0.00436046755736 0.0312680348488
0.00403658139612 0.00385736325095 0.0350505782054
0.00482205413143 0.00173326959356 0.0384947738636
0.00701701130218 0.000133835104297 0.0399050443295
-0.00665439521312 0.00355662436503 0.0166008808236
-0.00526997107174 0.00361084271447 0.0200089007092
-0.00340206405226 0.00449284864156 0.0231912003874
-0.00111700402061 0.00469232184209 0.0259234273289
0.00103729138641 0.00385945800777 0.0284969121129
0.00224723787212 0.00374852169744 0.0321459349038
0.00309174167865 0.00237504883767 0.0360168698194
0.00507662739826 -0.000324851708379 0.0377937962218
0.00753658974876 -0.000897388631539 0.0389893313587
-0.00663302144641 0.00196177792045 0.0156082861348
-0.00523213637098 0.00162530048991 0.0189069986269
-0.00400778848174 0.00186631949968 0.0224309683501
-0.00261218498515 0.00258285701522 0.0261374161269
-0.000854353020352 0.00264087364951 0.0297165671399
0.000739517908807 0.00152570955682 0.0333068486608
0.00299852404574 -0.000695999282892 0.035439392391
0.00570098427997 -0.00174526411784 0.0365056237751
0.00814632375992 -0.00150402818886 0.0379166182319
-0.00662997769567 0.000130179521474 0.0143695966637
-0.00479355890072 -0.000147545605713 0.017672241011
-0.00336310245832 -0.00081297939319 0.0209519988783
-0.00192197496215 -0.00152757047812 0.0242830927892
-0.000339211516761 -0.00227451104597 0.0276978597743
0.00167321773536 -0.00274369133018 0.030788574709
0.00398642967275 -0.00276283837311 0.0331915395734
0.00662456472955 -0.00201770013541 0.0347213302535
0.00841882777379 -0.00256413774763 0.0373039840837
-0.00597382016513 -0.00127212115953 0.0129299750743
-0.0042059205557 -0.00143176636703 0.016689143278
-0.00269586677757 -0.00190333640699 0.0200916141993
-0.00121203746632 -0.00265250648309 0.0232643030504
0.000481404458088 -0.00323625312855 0.026292529323
0.00245235063934 -0.00332540149884 0.0291060367959
0.00465406252218 -0.00297686307265 0.0315768465342
0.00686217539135 -0.00294249263395 0.0339010846329
0.00898740072272 -0.00335059565732 0.036417878354
0.0137830306459 0.00507545609661 0.0144038602588
0.0103786611745 0.00562410714472 0.0106549633318
0.00823177221459 0.00644840995022 0.00979754021712
0.00740963690823 0.0077416493584 0.0117918878654
0.00771481910522 0.00928559860346 0.0167339341523
0.0154748123511 0.00335873311923 0.0185006913116
0.0126146561263 0.00423018653402 0.0176497339699
0.01059974297 0.00576799274029 0.0177741315925
0.00887554545506 0.00677097240138 0.0190221613336
0.00794537644891 0.00821335020547 0.0213584700025
0.0172757309912 0.00196786111267 0.0236181397723
0.0146768909912 0.00223384726088 0.0243990910335
0.0124427007716 0.00404079701017 0.0254100493072
0.00999971593247 0.00521896702018 0.0261904568762
0.00853509970084 0.00715686964357 0.0268374247377
0.0188809662409 0.00119232468677 0.0302339828494
0.0166099255662 0.00140676354409 0.0314199488901
0.0146001532403 0.00297738343298 0.0324844628623
0.0123286473568 0.00406397534215 0.0332170729684
0.0109302288434 0.00588193885778 0.0335016570952
0.0202177755385 0.00149649126942 0.038371420802
0.0187448893032 0.00229582133864 0.0385765557907
0.0175448689248 0.00319515032761 0.0390606410841
0.0164450255187 0.00386687300865 0.0399084166122
0.0157571119235 0.00468679721907 0.0409557946391
0.00605879231819 0.00864098390473 -0.0109310373266
0.00549911250023 0.0102811827918 -0.0105576264404
0.00435975050856 0.0112483325287 -0.0101344176196
0.0029623245777 0.0119757986434 -0.00959710776742
0.0010425803174 0.0117976735611 -0.00907716443056
0.00610106637962 0.00816656363194 -0.00895511244863
0.004887494768 0.00876156153407 -0.00847625212276
0.00405030949327 0.00975252869781 -0.00800825066878
0.00278409497429 0.0101370122882 -0.00763870703285
0.00174071477661 0.0107506057565 -0.00731694707828
0.00611594968774 0.0075716349163 -0.00711404523281
0.00496798495927 0.00805019521861 -0.00669805006949
0.00418517834231 0.00892924160596 -0.00627078219615
0.00304251868237 0.0093072298721 -0.00595021906186
0.00232752278878 0.00998717190552 -0.00568145496692
0.00612727732773 0.00695600564735 -0.00532213214829
0.00537106275562 0.00780539442655 -0.00510423077363
0.0045539542932 0.00847585005724 -0.00485488826883
0.0037040499767 0.00903393785078 -0.00453116754604
0.00279810323312 0.00945126173852 -0.00414755258985
0.00592868369551 0.00584360631477 -0.00388777332432
0.00553846856081 0.00720146533032 -0.00390888110696
0.00467924322854 0.00794983766363 -0.00393617089673
0.00384962751891 0.00857467581272 -0.00350561406114
0.00276800340494 0.00873438626412 -0.00290771965545
0.00561540548334 0.00169510444641 -0.0281220565944
-0.00102891163773 0.00423341204791 -0.0296769963516
-0.0068835583306 0.00608712507156 -0.0316448445214
-0.0100948869639 0.00990268168323 -0.0269599793934
-0.0131804997789 0.0138359069876 -0.0211717389543
0.00610360658071 0.00425513311843 -0.0265289595039
0.000858329627478 0.00679070302522 -0.0279151953758
-0.00340218100204 0.00946543428454 -0.0276925401274
-0.00697379112731 0.0118847596029 -0.0249741845571
-0.0100094818161 0.01493579252 -0.0206403158914
0.00611944236548 0.00661443370249 -0.0238394083412
0.00250107170129 0.00934177062808 -0.0246349882483
-0.000668198489485 0.0118826172038 -0.0242701591603
-0.00378261149239 0.0134654465214 -0.0222903723546
-0.00653182215989 0.015010307381 -0.0191346489749
0.00606188387419 0.00907650731168 -0.0205259968386
0.00322802869463 0.0106472341647 -0.0210977173169
0.000965763845081 0.0124193275526 -0.0207834055634
-0.00124188809199 0.0135230799792 -0.0193245650592
-0.0029955604283 0.0149142555832 -0.0170695877049
0.00538157319773 0.0108419816561 -0.0162251690793
0.00367444423292 0.0119655511844 -0.0177140119368
0.00235535458834 0.0130732693447 -0.017837455493
0.00124572539838 0.0135946309496 -0.0166269425634
0.000429652532909 0.0137618439454 -0.0140836798781
0.0123463433763 -0.00212037439128 -0.0189850686585
0.0115749538272 -0.00279973119692 -0.0182461686802
0.0107921931702 -0.00335565718949 -0.0174688813978
0.0101389291574 -0.00402847990857 -0.0167543663678
0.0096056344789 -0.00480182211517 -0.0160714289915
0.00911136772867 -0.0055358294244 -0.0153610965121
0.00861450431614 -0.00616148672131 -0.0146065879738
0.00811868959505 -0.00668836120008 -0.0138175078185
0.00765330052964 -0.00716445779105 -0.0130087355158
0.00724138564294 -0.00762157716078 -0.0121866960708
0.00687829045081 -0.00804872547844 -0.0113481282206
0.00656336759709 -0.00844075744268 -0.0104918725956
0.006300745605 -0.00879771231384 -0.0096180889814
0.00607426472709 -0.00909830256825 -0.00872425210722
0.00584831619669 -0.00931073738103 -0.0078069280135
0.00562890189885 -0.00944974279922 -0.00686872415719
0.00537223041972 -0.00949395970337 -0.0059060188145
0.00502726680453 -0.00943440869343 -0.00491442443747
0.00489709908917 -0.0094532057331 -0.00392333039009
0.0119205582889 -0.00180588026214 -0.0203196990468
0.0110286952827 -0.00241672928588 -0.0194279282064
0.0102178673006 -0.00307319207079 -0.0185956439339
0.00954437542888 -0.0038984119732 -0.0178520986482
0.00897296699345 -0.00480774669638 -0.0171421006431
0.00842609421528 -0.00563125014095 -0.0164006862735
0.00787491977167 -0.00631310180594 -0.0156166783807
0.00734068077358 -0.00690148060806 -0.0148104256635
0.00684689957455 -0.00744267305424 -0.0139962248662
0.00640432157001 -0.00795311749926 -0.0131778335866
0.00601214767177 -0.00842692139382 -0.0123533883647
0.00563502474532 -0.00880986799647 -0.011510939336
0.00531786375805 -0.00916743012259 -0.010665693425
0.00508216161344 -0.0095171999807 -0.00982197361752
0.00490762667445 -0.00982281239885 -0.00897305561455
0.00476634093405 -0.0100502411174 -0.00811253960352
0.0045886366443 -0.0101429154749 -0.00722587294523
0.0044576575713 -0.0101865052073 -0.00633336171976
0.00439307945862 -0.0101909423451 -0.00543934289945
0.0114203643288 -0.00153403206037 -0.0216050321583
0.0104302596962 -0.00198895729846 -0.020536350489
0.00959197111825 -0.00272772603893 -0.0196489865444
0.00890063159798 -0.00371898143334 -0.0188901293925
0.00829487289812 -0.00476858466634 -0.0181633183303
0.00769874411001 -0.00566477401804 -0.0173919032746
0.00710887349407 -0.00640821877902 -0.0165842778343
0.00654640625963 -0.00705968637475 -0.0157644315843
0.00601982995154 -0.00764243919575 -0.0149406890458
0.00553302364369 -0.0081660034116 -0.0141160676331
0.00508583134903 -0.0086302656824 -0.0132905598866
0.00467932918823 -0.00903728297452 -0.0124647278552
0.00432861925075 -0.00941051984434 -0.0116452105838
0.00404415876627 -0.00975849248261 -0.0108351879415
0.00383370514934 -0.0100809906733 -0.0100364636755
0.00369762243804 -0.0103658748884 -0.00924826084812
0.00360462349701 -0.0105687813554 -0.0084587420235
0.00357387968418 -0.010708007949 -0.00767602147061
0.00359419023487 -0.0107685711122 -0.00689673403476
0.0108219309306 -0.00124762110895 -0.0228145039494
0.00978933617141 -0.00154222639329 -0.0215809638466
0.00893106805553 -0.00235752860448 -0.0206430672899
0.00821732372145 -0.00351588777274 -0.0198779972882
0.00757578795282 -0.00469892583236 -0.0191409182684
0.00694172187795 -0.00566941644898 -0.0183463314581
0.00632328698582 -0.00647425047719 -0.0175193818368
0.00573795147974 -0.00718149260185 -0.0166871064137
0.00518392032398 -0.00779234170789 -0.0158510315878
0.00465944479929 -0.0083093856824 -0.0150124097559
0.00417541453087 -0.00876534999017 -0.014181521467
0.00373558268482 -0.00916898743246 -0.0133607287095
0.00335289824678 -0.00954399453243 -0.0125577436714
0.00303250184849 -0.0098913884593 -0.0117738659381
0.00279076181648 -0.0102275453148 -0.0110171457276
0.00263815510913 -0.0105511179262 -0.0102915837337
0.00256011822216 -0.0108238359875 -0.00958763151995
0.00255853077733 -0.0110367865621 -0.00890642195708
0.00263457088555 -0.011180683295 -0.00824911500767
0.0101298560828 -0.000927501109475 -0.0239432601854
0.00910094201673 -0.00106893680639 -0.0225555669105
0.00823451604257 -0.00198369311689 -0.0215847283346
0.00749789285609 -0.00333166980752 -0.0208330078989
0.00681641716065 -0.00462077203768 -0.0200846971514
0.00615058512377 -0.00565527767726 -0.0192698595106
0.00550909704555 -0.0065098664943 -0.0184244258261
0.00490409596545 -0.00725651127014 -0.0175778447213
0.00432955384085 -0.00788255816078 -0.01672638749
0.00378074573397 -0.00838605622354 -0.0158693132653
0.00327040972059 -0.00882080169456 -0.0150249805226
0.00280735061306 -0.00921375925794 -0.0142023116715
0.00240090167847 -0.00958381646894 -0.0134083033625
0.00205773628193 -0.00993574467772 -0.0126460885377
0.00179278917085 -0.0102867141435 -0.0119255886241
0.00161412187123 -0.010631359302 -0.0112500311397
0.00151900155183 -0.0109436319359 -0.0106145775411
0.00151791041753 -0.0112218706665 -0.0100260478149
0.00160101166849 -0.0114337060672 -0.00947617064409
0.00934716214911 -0.000480275597217 -0.0249496929263
0.00836981755734 -0.000637746916744 -0.0234884957413
0.00749166998947 -0.00157361541101 -0.0224586671327
0.00673051740322 -0.00317985886057 -0.0217636469899
0.00600851274234 -0.00453514898917 -0.0209981776634
0.0053150708566 -0.00560706869007 -0.0201597174501
0.00465795813315 -0.00650903780273 -0.0193001944169
0.0040384046255 -0.00727710852931 -0.0184360120978
0.00345079434517 -0.00790141787639 -0.0175638177042
0.00289110149385 -0.00838729359434 -0.0166849106079
0.00236922481996 -0.00879950534027 -0.0158230739973
0.00189498588272 -0.00917944820663 -0.0149936925989
0.0014752201762 -0.0095421706651 -0.0142030788696
0.00111987631059 -0.00990398528175 -0.0134599603312
0.000835412380891 -0.0102623873095 -0.0127670173041
0.000629771988503 -0.0106152141502 -0.0121288048865
0.000508373509608 -0.0109511719823 -0.0115470725359
0.0004770435556 -0.0112592191834 -0.011024728806
0.00054189185085 -0.0115281470615 -0.0105655872344
0.00849997465734 0.000219429891422 -0.0257692131922
0.00758105413491 -0.00019305851916 -0.0243536504163
0.00670373743451 -0.00113721007314 -0.0232670941991
0.00589938940324 -0.00301157301198 -0.0226538037201
0.005142210016 -0.00439779943553 -0.0218664658491
0.00442945465234 -0.00550031778149 -0.0210083799411
0.0037622789207 -0.00644691733088 -0.0201393876219
0.0031356402013 -0.00722238933469 -0.0192547546729
0.00254296168379 -0.00781468475961 -0.018349466009
0.00198464521994 -0.00827959870627 -0.0174454795438
0.00146578735056 -0.00867902129891 -0.0165671143141
0.000991799480317 -0.00904694683638 -0.0157278794651
0.000570906489608 -0.00941340853061 -0.0149414996927
0.00020728754211 -0.00977430999554 -0.0142082787496
-9.12941714598e-05 -0.010136759684 -0.0135353677102
-0.000318056566708 -0.0104971396106 -0.0129266786504
-0.000469457172459 -0.0108392295136 -0.0123807430604
-0.00053818358895 -0.0111585243105 -0.0119032245924
-0.000518976025554 -0.0114431228726 -0.0114967280341
0.00762089389162 0.000977879653597 -0.0264830430434
0.00673853646791 0.000352896279596 -0.0251055677853
0.00586763490726 -0.000727644377449 -0.0240335813836
0.00500236137748 -0.00280063270006 -0.023495016096
0.00421859357671 -0.0042269758637 -0.0226997592406
0.00349466392011 -0.00531804516657 -0.0218095464394
0.00282153084534 -0.00626752847465 -0.0209181748721
0.00219582521412 -0.00702548696227 -0.0200041235465
0.00161246621502 -0.00760730715592 -0.0190739191305
0.00106819104657 -0.00806388965694 -0.0181487238313
0.000562932961216 -0.00844995107314 -0.01725133713
9.97237941431e-05 -0.00880980346004 -0.0164010260724
-0.000315576721096 -0.0091771130145 -0.0156143840644
-0.000677976256451 -0.0095516017055 -0.0148938449874
-0.00098418806153 -0.00991705877439 -0.0142349210146
-0.00122914468309 -0.0102701388455 -0.0136405059544
-0.00140644513863 -0.0106102056272 -0.0131163782708
-0.00150966062214 -0.0109321455559 -0.0126672993335
-0.00153818677934 -0.0112097515582 -0.0122852334488
0.00668243926762 0.00152677495562 -0.027225914384
0.00584162822075 0.00085978603275 -0.0258081329247
0.00497636481338 -0.000315542218116 -0.0247459100874
0.00404661601627 -0.00249210443148 -0.0242617687498
0.00324326176308 -0.00392960498091 -0.0234557317093
0.00251602512345 -0.0050388856167 -0.0225527874614
0.0018468823972 -0.00597016360558 -0.0216324251054
0.0012325648673 -0.00672076018174 -0.0206945840295
0.000668276600691 -0.00729942795849 -0.0197429652052
0.00014737933468 -0.00776078573777 -0.0188022605741
-0.000333883575007 -0.0081491501964 -0.017891973014
-0.000776496604213 -0.00850656667165 -0.0170315023289
-0.0011783630479 -0.00886571338258 -0.0162375973889
-0.00153484132389 -0.00924379155457 -0.0155215658773
-0.00184118581928 -0.00962426985532 -0.0148784746911
-0.00209320608063 -0.00999107400692 -0.0143039881203
-0.00228704639265 -0.0103315159167 -0.0137957861776
-0.00241800669928 -0.0106418306321 -0.0133572943935
-0.00248181634751 -0.0109136500398 -0.0129896893884
0.00561540548334 0.00169510444641 -0.0281220565944
0.00487958651005 0.00132271464991 -0.0264664902463
0.0040266054839 0.000101845922365 -0.0254038965797
0.00304363209184 -0.00208635424054 -0.0249499224636
0.00222511074445 -0.00354485304674 -0.0241491909326
0.00150205240276 -0.00465562577286 -0.023231799762
0.000845352832523 -0.00557958269427 -0.0222906020054
0.000250480133244 -0.00632861302968 -0.0213335916191
-0.00028624689301 -0.00690435810289 -0.0203613657097
-0.000777204116519 -0.00737693028536 -0.0194090082639
-0.00122899817794 -0.0077892257519 -0.0184970405226
-0.00164352912344 -0.00815664264704 -0.0176319927849
-0.00202259465703 -0.00850999100636 -0.016829915423
-0.00236573066794 -0.00888775500557 -0.0161136037551
-0.00266739364882 -0.00928193251771 -0.0154822924505
-0.0029216147214 -0.00966163366969 -0.0149223605801
-0.00312419890506 -0.0100067481952 -0.0144257749685
-0.00327170813619 -0.0103095267534 -0.0139917545862
-0.00336026538424 -0.0105707376561 -0.0136254965961
0.00451147150293 0.00215463669324 -0.0287907238522
0.00388991082969 0.00194231899378 -0.0269563515919
0.003017939082 0.000535663272515 -0.0260024751317
0.00200523305033 -0.00158031588708 -0.025550791117
0.00117118970512 -0.00307156897806 -0.0247762433529
0.000456423085974 -0.00419014590539 -0.0238549540697
-0.000179865623579 -0.00510423758021 -0.0228950902398
-0.000747698779884 -0.00584933186564 -0.0219199474341
-0.00125129325466 -0.00643279283853 -0.0209341423801
-0.00170751292315 -0.00692157763889 -0.0199742120966
-0.00212487400849 -0.00735037344164 -0.0190576994634
-0.00250837972895 -0.0077431133429 -0.0181964233014
-0.00285995007625 -0.00811409789431 -0.0173976771995
-0.00318317724284 -0.00849873702169 -0.0166826910862
-0.00347424892917 -0.00889866030143 -0.0160550866104
-0.0037258076336 -0.00929164927379 -0.0155050947653
-0.0039304776901 -0.00964218352155 -0.0150139226936
-0.00408485350006 -0.00993751988192 -0.0145759532465
-0.00418711318302 -0.0101909502964 -0.0142032976965
0.00333632955095 0.00262128505933 -0.029390077897
0.00285777558407 0.00257515886515 -0.0273435356211
0.0019566268765 0.00100935968903 -0.0265257751143
0.000945086608203 -0.000970097510977 -0.0260506153374
0.000103496301669 -0.0024626337077 -0.025301013851
-0.000604562692385 -0.00360319103166 -0.0243949418291
-0.00121917136416 -0.00452407673235 -0.0234314572178
-0.00175615612662 -0.00527371213803 -0.0224463626705
-0.00222350318322 -0.00587213532345 -0.0214537573371
-0.00264418385567 -0.00638862467003 -0.0204951743299
-0.00302797834168 -0.00685199539816 -0.0195860692389
-0.00337839473349 -0.00727235034491 -0.0187306220794
-0.00370086000821 -0.0076700462573 -0.0179398289986
-0.0040010636406 -0.00807302817962 -0.0172306299786
-0.00427543247887 -0.00847919099109 -0.0166030845422
-0.00451585854137 -0.00886766898612 -0.0160463496385
-0.00471377313959 -0.00920986336633 -0.0155441910836
-0.00486183340884 -0.00947123216189 -0.0150747546107
-0.00496172558736 -0.00966096153856 -0.0146444231024
0.00208997458236 0.00309505202083 -0.0299201219108
0.00170760582759 0.00300398886506 -0.0277940977655
0.000836959289274 0.0014966527047 -0.0269889986448
-0.000126999096724 -0.000270779619973 -0.0264427630688
-0.000959771628822 -0.00172345342548 -0.0257090171825
-0.00165173528799 -0.00285939121207 -0.0248152783475
-0.00224829350112 -0.00380227454839 -0.0238680940653
-0.00276219067806 -0.00458558774508 -0.0228983225826
-0.00319885926371 -0.00522071624654 -0.0219173540287
-0.00358533527541 -0.00577123890256 -0.0209677928659
-0.00393951287142 -0.00627933770081 -0.0200752491183
-0.00426358037192 -0.00674921643177 -0.019240295612
-0.00455812338087 -0.00718207753831 -0.0184621094106
-0.00482970527652 -0.00759763781678 -0.0177523820014
-0.00507805548654 -0.0080001295198 -0.0171138429592
-0.00529225991347 -0.00836245389473 -0.0165295712375
-0.00546461557029 -0.00866278681362 -0.0159856542244
-0.00559269683846 -0.0088925286261 -0.0154762841188
-0.00568102483348 -0.0090688794023 -0.0150134600455
0.00161089693621 0.00557768728256 -0.0282642826672
0.000469951113685 0.0033946098799 -0.0282131339605
-0.000341594369163 0.00199883174223 -0.027391557884
-0.00121405146527 0.000476882259134 -0.0267393862845
-0.00202635609573 -0.000919473429061 -0.0260280558928
-0.00268950039913 -0.00202680336872 -0.0251439855021
-0.00326887747845 -0.00298852899089 -0.0242255574453
-0.00376388253327 -0.00380703006845 -0.0232837834968
-0.00417885991749 -0.00449112047115 -0.0223312731877
-0.00453926246942 -0.00508879111736 -0.0214048931266
-0.00487246340254 -0.00565205381658 -0.0205398094708
-0.00517525368133 -0.00617350931066 -0.0197286808365
-0.005437695739 -0.00663170537738 -0.0189556084275
-0.00566841496326 -0.00704336675635 -0.0182307228162
-0.00587465378765 -0.0074246367741 -0.0175638424463
-0.0060478050661 -0.00775763669476 -0.0169425075822
-0.00618766860292 -0.00804255254105 -0.0163665576112
-0.00630085030413 -0.00829837418822 -0.0158491773237
-0.00638343449055 -0.00852030511667 -0.0153880576179
-0.00028299685043 0.00472673834206 -0.0299118680274
-0.000909804695463 0.00366696297337 -0.0287198093357
-0.00157237239013 0.00252907801114 -0.0277194242995
-0.00233068139409 0.00122928172869 -0.0269647483
-0.0030776439469 -4.0423263918e-05 -0.0262306918225
-0.00371838920302 -0.00113329856789 -0.0253883736129
-0.00428614300815 -0.0021130841402 -0.0245178500248
-0.0047625061091 -0.00295510657812 -0.0236099980906
-0.00515664779332 -0.00367559001496 -0.0226882354449
-0.00549910525322 -0.00432188336576 -0.0217942274603
-0.00581718888738 -0.00493598976729 -0.0209590536535
-0.00610297224806 -0.00550479882295 -0.0201710412975
-0.00632745067457 -0.00597978273167 -0.0193952386485
-0.00650256534224 -0.00637715733852 -0.0186432356437
-0.00665779816326 -0.0067449889148 -0.0179470693248
-0.00679656120663 -0.00709053406657 -0.0173102697682
-0.00692180602451 -0.00742239998139 -0.0167380045234
-0.00702539800701 -0.00772971129874 -0.0162229385992
-0.00709702142893 -0.00799540364846 -0.0157538002771
-0.00189811198508 0.00484872668475 -0.0306121398579
-0.0023850883111 0.00396395933143 -0.0292187759389
-0.00286216906706 0.0030715836323 -0.0279852289448
-0.00349260568823 0.00196303942861 -0.0271391642936
-0.00415569374684 0.000824428041728 -0.0263833697655
-0.00475222966374 -0.000215295368532 -0.0255694874559
-0.00530267335189 -0.00118909473403 -0.0247498623414
-0.00576047062481 -0.00204131256249 -0.0238823314187
-0.00613420583113 -0.00278512996274 -0.0229939268671
-0.00645840912209 -0.003464370184 -0.0221300380826
-0.00675764413449 -0.00410987325455 -0.021316445527
-0.00699853145915 -0.00467806235676 -0.0205185897878
-0.00717844424236 -0.00516323457115 -0.0197341800031
-0.00732573571645 -0.00560065046356 -0.0189893922706
-0.00746080389429 -0.00601772109837 -0.0183020008266
-0.0075900480702 -0.00642542255997 -0.017677644336
-0.00770359083091 -0.00681255187842 -0.0171074356758
-0.00779200061976 -0.00716748112601 -0.0165831778989
-0.00783951089318 -0.00746578228543 -0.01608824147
-0.0034649011286 0.00524272496572 -0.03093325984
-0.00390224913335 0.00436703687398 -0.0296015165991
-0.00424626468368 0.00358792592643 -0.0282561232774
-0.0047548613485 0.00262729627797 -0.0273469727893
-0.00531040796553 0.00162978343719 -0.0265510203966
-0.00583141051041 0.000680943861146 -0.0257368706365
-0.00635863922593 -0.000264073336377 -0.0249685965181
-0.00681351231364 -0.00112720825991 -0.0241612023919
-0.0071885032383 -0.00190268975649 -0.0233260818423
-0.00746821177757 -0.00257483586849 -0.0224625489968
-0.00771724778395 -0.00320910352129 -0.0216381798313
-0.00790803024828 -0.00377595141305 -0.0208285379882
-0.00805900180065 -0.00429319646329 -0.0200498863168
-0.008197571957 -0.00478980593215 -0.0193232631978
-0.00832184079918 -0.00526449309901 -0.018645241935
-0.00843660063796 -0.00572418612786 -0.0180189657595
-0.00852983853597 -0.00615659988619 -0.0174348455767
-0.00859267812333 -0.00655174822683 -0.0168859292981
-0.00860666556344 -0.00688453348305 -0.0163554594051
-0.00515885848801 0.00561686504218 -0.0313680869822
-0.00556134525275 0.00476235273658 -0.0301164591801
-0.00584114023299 0.00401253805806 -0.0287664781872
-0.00621939999943 0.00318624612476 -0.0277510834153
-0.00660460093623 0.00236340566512 -0.0268122495049
-0.00703566962051 0.00151326055849 -0.0259806530364
-0.00753598044603 0.000616355680601 -0.0252560734005
-0.00797222519986 -0.000222547180261 -0.0244844382821
-0.00828435691042 -0.000955332646284 -0.0236340763253
-0.00851997072137 -0.00161909128886 -0.0227719100529
-0.00870959418126 -0.0022376064914 -0.0219309678839
-0.00886387067966 -0.00281889136104 -0.021120620584
-0.00901062123575 -0.00338661116977 -0.020360009295
-0.0091373249829 -0.0039304950745 -0.0196380076115
-0.00924131462016 -0.00444844015732 -0.0189519521006
-0.00932623926582 -0.00494427628101 -0.0183038607686
-0.00939594309176 -0.00542274715372 -0.0176962446978
-0.00942246584588 -0.00585594556564 -0.0171102988618
-0.00939313769388 -0.00622720948707 -0.0165358500132
-0.00688355837854 0.00608712434758 -0.031644844571
-0.00735050481363 0.00523171623626 -0.0307805156943
-0.00776934899523 0.0044063200027 -0.0298006460795
-0.00811185351394 0.00362871813826 -0.0287332236109
-0.00837358191063 0.00290397767152 -0.027627431133
-0.00861487697949 0.00219893476396 -0.0265854137119
-0.00883524671757 0.00151366710948 -0.0255945187249
-0.00905868177851 0.000833227132709 -0.0246697541736
-0.00928370647322 0.000157374688907 -0.0237984139832
-0.00949549638197 -0.000505442076208 -0.0229624592578
-0.00966366535717 -0.00113545712243 -0.0221393489923
-0.00976585015615 -0.00171615700766 -0.0213183002296
-0.00986449577961 -0.00228914474218 -0.0205417312994
-0.00998069517328 -0.00287103395576 -0.0198187241579
-0.0100826320343 -0.00344066630615 -0.0191285054181
-0.0101641600589 -0.00399414121111 -0.0184678068929
-0.0102218300917 -0.00452921944838 -0.0178353309716
-0.0102342703909 -0.00502773468728 -0.0172201561822
-0.0101940094933 -0.00548030236951 -0.0166179498539
-0.0134456243456 0.0154503486161 -0.00842775860795
-0.0134483435871 0.0147492927585 -0.007564902105
-0.0132011829869 0.013947275551 -0.00676438233546
-0.0129030358708 0.0131339231657 -0.00602146904192
-0.0126987946853 0.0123533319467 -0.0052903685428
-0.0125768165957 0.011595137048 -0.00455754669875
-0.0124720756792 0.0108395664343 -0.00384236853527
-0.012328651921 0.0100734699682 -0.00317598596088
-0.012162821144 0.00930172047557 -0.00255612804305
-0.0119676752064 0.0085217585101 -0.00199224509706
-0.0117836189723 0.00774241186271 -0.00145947252603
-0.0116141563637 0.00696365075915 -0.000953859519124
-0.0114782938688 0.00619151214753 -0.000458007462097
-0.0113773816991 0.00542909003104 3.29912812403e-05
-0.0112920433874 0.00467200690376 0.000504840412508
-0.0112052844416 0.00391351330398 0.000942293442168
-0.0110917722426 0.003136219415 0.00131965550106
-0.0109918599139 0.00235954915983 0.00167462808221
-0.0110110382632 0.0016773818285 0.00211648092988
-0.0136159292259 0.0155516288014 -0.00996319012135
-0.0135957204117 0.0146717109498 -0.00917242749852
-0.0134865128325 0.0137842370481 -0.00841312385514
-0.0133741063418 0.012908539512 -0.00767901177166
-0.0133771858481 0.0120619710733 -0.006932005019
-0.013397815684 0.0112281271611 -0.00619032458887
-0.0133968731023 0.010403059347 -0.00546880015156
-0.013332436342 0.00958240796332 -0.00479086566446
-0.0132554955467 0.00877389928388 -0.00413929052684
-0.0131707417968 0.00797852615887 -0.00351308791684
-0.013090051505 0.00719873983712 -0.00290624754969
-0.0130123641083 0.00643531725938 -0.00231905194509
-0.0129487195544 0.00569230071152 -0.00174425890751
-0.012872115068 0.00496454708138 -0.00119895300579
-0.0127813369401 0.00425131719264 -0.000685192209965
-0.0126828002538 0.00355433095615 -0.000199539039962
-0.0125510961178 0.00286111926381 0.000239039329217
-0.0123831115228 0.00216317264289 0.000626833372573
-0.0122465247773 0.0014958116087 0.00101336687352
-0.013888218569 0.01562085117 -0.0114570847117
-0.0136776929441 0.0146084093976 -0.010730055177
-0.0136414946145 0.0136245994596 -0.0100126422385
-0.0137338812284 0.0126645978377 -0.00928601428162
-0.0139367860014 0.0117282092619 -0.00853675022862
-0.0141122372356 0.0108141452771 -0.00779209162438
-0.0141995594887 0.00992205985181 -0.00707626074087
-0.0142100635317 0.0090519855356 -0.00639503362332
-0.0141866561792 0.00820512025092 -0.00573894458496
-0.0141754813797 0.00738491658177 -0.00509131282162
-0.0141640167217 0.00659211461243 -0.00445643239578
-0.0141301624734 0.0058252549426 -0.00384444611694
-0.0140533898379 0.00508049883965 -0.00326653629201
-0.0139660890062 0.00436199544203 -0.00270869927461
-0.0139072466266 0.00368044365424 -0.00215133518147
-0.01382301613 0.00302551950579 -0.00162152326574
-0.0136987779525 0.0023906342525 -0.00112793201871
-0.0135097758498 0.00176044982447 -0.000684633283617
-0.0133517624786 0.00117259259267 -0.000241054070025
-0.0141456359958 0.0155787807629 -0.0129246977657
-0.0136823638154 0.0145443306684 -0.012237348061
-0.0136421719702 0.0134808872033 -0.0115582091967
-0.0139444401723 0.0124089048042 -0.0108452099741
-0.014352603871 0.0113623620272 -0.010105198198
-0.0146496627427 0.0103630570282 -0.00937596221161
-0.0148221940491 0.00940874228889 -0.0086717894318
-0.0149086956466 0.00849349545135 -0.00799271160001
-0.0149304048861 0.00761359966926 -0.00733848605185
-0.0149373099223 0.00676706902567 -0.00669740837081
-0.0149189164624 0.00595393504982 -0.0060730977404
-0.0148568097925 0.00517243074256 -0.00547242245469
-0.0147532422718 0.00442050536754 -0.00489585572009
-0.0146199622028 0.00369733957584 -0.00434003154529
-0.0145010532842 0.00300943479872 -0.00378914609882
-0.0144160430146 0.00236505495128 -0.00323536086966
-0.0143224029566 0.00175985418927 -0.0026941027199
-0.0142066121968 0.00119154756337 -0.00217083009338
-0.0140513099033 0.00065363987402 -0.00167245709707
-0.0142521959652 0.0154388611558 -0.0143730538741
-0.0137056784195 0.0144450007444 -0.013688665678
-0.0135741907841 0.0133495773004 -0.0130321912344
-0.0140890863967 0.01213905713 -0.0123390808695
-0.0146963256067 0.0109655621636 -0.0116203589904
-0.0150786711487 0.00988716122538 -0.0109153355572
-0.015310353418 0.00887860620543 -0.0102284547531
-0.0154448561008 0.00792447507066 -0.00955933674264
-0.0154927122033 0.00701810379942 -0.0089105863887
-0.0154816186163 0.00615300434939 -0.00827976891073
-0.0154257453782 0.0053258518299 -0.00766529895158
-0.0153379977709 0.00453481426416 -0.0070649216984
-0.01521150273 0.00377859192915 -0.00648032111706
-0.0150531657864 0.0030559752086 -0.00590997908562
-0.0149046368685 0.00237057241882 -0.00534370917388
-0.0147777346929 0.00172748471018 -0.00477809480337
-0.0146749972372 0.00113229282877 -0.00421230173155
-0.0145866087009 0.000588775437377 -0.00364899915287
-0.0144931823101 9.71169671801e-05 -0.00309358025272
-0.0140492205446 0.015308077008 -0.015788396778
-0.0136752468488 0.0142926683997 -0.0150936079328
-0.0134267716135 0.0132179325839 -0.0144344412905
-0.0142364437088 0.0118208620071 -0.013770349057
-0.0149946648604 0.0105230474817 -0.0130869873462
-0.0153938241003 0.00938993314141 -0.0124098416491
-0.0156288846326 0.00834598610153 -0.0117424308965
-0.0157885551961 0.00736195328808 -0.0110835853347
-0.0158530383459 0.00643549922873 -0.0104376535658
-0.015826738248 0.00555959776481 -0.00980649499233
-0.0157251948373 0.00472720906467 -0.00918984211156
-0.0155821843842 0.00393258221054 -0.00858416384251
-0.0154314471759 0.00317413105908 -0.00798485174598
-0.0152685954886 0.00245354423879 -0.00739184401487
-0.0151174896253 0.00177347740806 -0.00680139824542
-0.0149930151228 0.00113891181392 -0.00621104572193
-0.014895664386 0.00055523078278 -0.00562062815871
-0.0148228829123 2.77608726002e-05 -0.00503086466614
-0.0147730652309 -0.000437862450352 -0.00444278767536
-0.0135537122605 0.0152736762571 -0.0171376623738
-0.0134303836276 0.0141549309714 -0.0164423000907
-0.0133112418819 0.0130249202647 -0.0157687090241
-0.0143079928944 0.0114559901311 -0.0151541246157
-0.015092467749 0.0100764566523 -0.0145132501489
-0.0155092316104 0.00890048308037 -0.0138570532961
-0.0157712694138 0.00782524494419 -0.0132000428136
-0.0159426311505 0.00682024428511 -0.0125463567189
-0.0160375464942 0.00587560460757 -0.011897757198
-0.0160079133215 0.00499382960816 -0.0112568498518
-0.0158717928582 0.00416357180829 -0.0106247625497
-0.0156836290878 0.00337319349109 -0.0100001553499
-0.0154924829491 0.00261838219776 -0.00938062562752
-0.0153163166247 0.00190154496564 -0.00876456143513
-0.0151634168688 0.001226942782 -0.00815090101219
-0.0150554981869 0.000599954215551 -0.00753819044437
-0.0149674061443 2.5655130425e-05 -0.00692760475736
-0.0149153343407 -0.000490247871145 -0.00631872826524
-0.0149188665859 -0.000939690245361 -0.00571149493673
-0.0130236962017 0.0152317503086 -0.0184159035942
-0.0131347394033 0.0139714544956 -0.0177296873714
-0.0130881295693 0.0128047060212 -0.0170371135699
-0.0141922077124 0.0110924904152 -0.0164821901029
-0.0150845433831 0.00960935756122 -0.0158874834575
-0.0155070777583 0.00840741386078 -0.0152436852356
-0.015771803879 0.00731668079668 -0.014589627504
-0.0159379793042 0.00630243262279 -0.0139332052789
-0.0160226510613 0.00535225588964 -0.0132771256722
-0.0159880771168 0.00446856328816 -0.0126205867295
-0.0158481692457 0.00364072841341 -0.0119654478888
-0.0156590455812 0.00285514496 -0.0113144462589
-0.0154505927674 0.00210831770306 -0.0106682596132
-0.0152642120925 0.00139912494947 -0.010027597038
-0.0151086449446 0.000732274408079 -0.00939200403882
-0.0149871285627 0.000112969254363 -0.00876112437676
-0.014916497146 -0.000453804424045 -0.00813533139024
-0.0148930957553 -0.000962258804846 -0.00751478941152
-0.0149088021961 -0.00140744834175 -0.00689992670993
-0.0127145528502 0.0149508147122 -0.019677865437
-0.01289309008 0.0136529328046 -0.0189786722869
-0.0128462236354 0.0125029458699 -0.0182491834166
-0.013969396421 0.0107062505999 -0.0177485971395
-0.0149056754861 0.009153483968 -0.0171980227686
-0.0153667082686 0.00792038089841 -0.0165644328109
-0.0156374359188 0.00682139506952 -0.015906046272
-0.0158049768823 0.00580367830518 -0.015239688927
-0.0158546659787 0.00486243199359 -0.0145653502112
-0.0157976804636 0.00398597717087 -0.0138859547244
-0.0156631944661 0.00316192491509 -0.0132057192572
-0.015487821205 0.00238121547329 -0.0125287451093
-0.0152981289451 0.00164088450254 -0.0118573491188
-0.0151249071295 0.000940021620575 -0.0111939871767
-0.0149905344501 0.000281069442346 -0.0105401428636
-0.014871537314 -0.000328498815443 -0.00989295872923
-0.0147972456483 -0.000887217287414 -0.00925510625241
-0.0147938810926 -0.00139175363595 -0.00862919162869
-0.0148313037851 -0.00183615429752 -0.0080127728617
-0.0131804997789 0.0138359069876 -0.0211717389543
-0.0127377268908 0.0131347849579 -0.0202270490788
-0.0125649375143 0.0121143340088 -0.0194113037081
-0.0136603630476 0.0102845034896 -0.0189541980722
-0.0146349463844 0.00867755617277 -0.0184481031732
-0.0151019387132 0.00743651404615 -0.0178155452543
-0.0153632813923 0.00634328573595 -0.0171435275909
-0.0155285280837 0.00532967831195 -0.0164608610325
-0.0155733123252 0.00439594752324 -0.0157645867994
-0.0154975197634 0.00353337045367 -0.0150565459056
-0.0153641993269 0.00271895761569 -0.0143492956412
-0.0152142304105 0.00194378206091 -0.0136496167964
-0.0150517087554 0.00121065791168 -0.0129573013926
-0.0148958059991 0.00051951780173 -0.0122747102773
-0.0147989085164 -0.000133766339954 -0.011609496003
-0.014724469945 -0.000738074827238 -0.0109549637958
-0.0146432028348 -0.00128692485841 -0.0103062490497
-0.0146271447263 -0.00178676216129 -0.00967468385534
-0.0146719300046 -0.00223371989887 -0.00905981931453
-0.012778707494 0.0132778603305 -0.0224475603282
-0.0120489067531 0.0129063694735 -0.0212715713026
-0.012101494911 0.0117331789471 -0.0204796327694
-0.013225870912 0.0098487225489 -0.020085288187
-0.0142066115995 0.00821624837587 -0.0196179081705
-0.0147066070638 0.00695971367196 -0.0189908394459
-0.0149793023566 0.00587054792487 -0.0183045299459
-0.0151354411156 0.00487133213172 -0.0175986470122
-0.0151735055102 0.00395248283859 -0.016875751376
-0.0151024501078 0.00310325301341 -0.0161402380006
-0.0149764719756 0.00230260015181 -0.0154063859269
-0.0148522660668 0.0015363151876 -0.0146869267167
-0.0147221569914 0.000811483628387 -0.0139785887459
-0.0145924541719 0.000130342270699 -0.0132817384545
-0.0145127240096 -0.000513976130553 -0.0126062102874
-0.0144885566922 -0.00111763857981 -0.011952098147
-0.0144452485163 -0.00166389058182 -0.0113030160461
-0.0144107704968 -0.00215739357294 -0.0106650212137
-0.0144341653741 -0.0026053055984 -0.0100486051705
-0.0123024486738 0.0126440829605 -0.0236953454602
-0.0112632376633 0.0126508825519 -0.0221837308107
-0.0115842388998 0.0112691769667 -0.0214819581913
-0.0127164763283 0.00936476441711 -0.0211524369635
-0.01363258799 0.00776676765374 -0.0206965595867
-0.0141671139417 0.0064982333601 -0.0200786650475
-0.0144644593427 0.00541152542171 -0.0193813521953
-0.0146219671513 0.00442886380274 -0.0186515202903
-0.0146555354037 0.00353073711874 -0.017899492989
-0.0146118524487 0.00269213194371 -0.0171427830993
-0.0145202084231 0.0019018799748 -0.0163905643165
-0.014429440282 0.00114638464216 -0.0156562085531
-0.0143331418797 0.00043223255089 -0.0149360394487
-0.0142307051326 -0.000237131749613 -0.014228618388
-0.0141632236709 -0.000869710419542 -0.013543964203
-0.0141493047672 -0.00146659940199 -0.0128857578402
-0.0141506159433 -0.00201620915319 -0.0122432134461
-0.0141322231773 -0.00251030704614 -0.0116073482987
-0.0140878782597 -0.00294844012641 -0.0109770446226
-0.0117517211335 0.0119345723404 -0.0249150978476
-0.0105963421474 0.0121510433837 -0.0230759429866
-0.0111989513272 0.0105606285536 -0.02253257835
-0.0121558006633 0.00880968545694 -0.0221699556732
-0.0129573985435 0.00730103823812 -0.0216910209633
-0.0134593358745 0.00606712256762 -0.0210568057286
-0.0137738867626 0.00498979037079 -0.020349037212
-0.0139566460391 0.00401639238399 -0.0196049568361
-0.0140322967758 0.00312413705814 -0.0188407889227
-0.0140456657659 0.00228886449143 -0.0180764228326
-0.0140111085278 0.00150485519465 -0.0173171143016
-0.0139647364639 0.00076033904445 -0.0165746172977
-0.0139126611661 5.63657357128e-05 -0.0158492197803
-0.0138430639287 -0.000600655485612 -0.0151356575277
-0.0137903129522 -0.00121986333756 -0.0144439063507
-0.0137708475926 -0.00180416976392 -0.0137779043207
-0.0137548938691 -0.00234357095594 -0.013127775587
-0.0136952308442 -0.00282468062932 -0.0124793238346
-0.013598725045 -0.00325049429315 -0.01183517779
-0.0111265279709 0.0111493288464 -0.026106808802
-0.0100694174618 0.0113539148404 -0.0240328510418
-0.0108234171933 0.00969221936202 -0.0236236524218
-0.011534891227 0.00818370753959 -0.0231418142221
-0.0121847339777 0.00681183421162 -0.0225983020748
-0.0126595151687 0.00562170867599 -0.0219479442797
-0.0129872236247 0.00456463445788 -0.0212312936942
-0.0132043546397 0.00360294629937 -0.0204810445105
-0.0133400253234 0.00271362052633 -0.0197177983419
-0.0134199080473 0.00188152843736 -0.0189556291707
-0.01345200614 0.00110275764569 -0.0181983453485
-0.0134611654753 0.000367630541346 -0.0174555430174
-0.0134604401659 -0.000327320731271 -0.0167309201856
-0.0134290288273 -0.000972733491101 -0.0160154683683
-0.0133803494774 -0.0015730139848 -0.0153136043072
-0.0133302330716 -0.00213324970665 -0.0146303182414
-0.0132640005275 -0.0026478796241 -0.0139599934363
-0.0131826822202 -0.0031175374396 -0.0133030080363
-0.0130960024775 -0.00354637509709 -0.012662957502
-0.0104268676067 0.0102883526275 -0.0272704864595
-0.0100670236142 0.00988147596596 -0.0255644335871
-0.0103369529337 0.00876818775919 -0.0246970227209
-0.0108297307611 0.007500972931 -0.02405755678
-0.0113467811278 0.00627189968889 -0.0234356983553
-0.0118007275759 0.00513621141194 -0.0227722536793
-0.0121538707824 0.00410382427462 -0.0220578213526
-0.0124173059781 0.00315672531422 -0.0213126491638
-0.012608336748 0.00227910025051 -0.0205541556012
-0.0127491997834 0.00145681680736 -0.0197974309809
-0.0128531742456 0.000682838507867 -0.0190498065412
-0.0129245820173 -4.46811020846e-05 -0.0183131387107
-0.0129616639699 -0.000724724959592 -0.0175863826387
-0.0129410957974 -0.0013471436542 -0.0168598334136
-0.0128803001074 -0.00191951232779 -0.0161410745028
-0.0127964796574 -0.00244880416132 -0.0154366380386
-0.012718575837 -0.00294701390622 -0.014757184553
-0.0126765328922 -0.00342736733491 -0.0141136710287
-0.0126278632504 -0.00387311170985 -0.0134899915098
-0.00940162743879 0.00962030961211 -0.0280142960461
-0.00968845122335 0.00861977707158 -0.0269625877814
-0.00975239606355 0.00778648372375 -0.0257662911405
-0.0100837990331 0.00672730753044 -0.0249589386151
-0.0105016393134 0.00563586893859 -0.0242570274588
-0.0108930896298 0.00459813316572 -0.0235454342879
-0.0112642711498 0.00360672547531 -0.0228346779834
-0.011575276774 0.00268184898535 -0.0221026844132
-0.0118276968035 0.00181824280966 -0.0213585094971
-0.0120439933455 0.00100138316222 -0.0206199386814
-0.0122111831394 0.000236900342407 -0.0198819162335
-0.0123135437329 -0.000468442255453 -0.0191390304527
-0.0123366198039 -0.00110841892239 -0.0183871210854
-0.0123158378932 -0.00170074547167 -0.0176445809066
-0.0122620199701 -0.00225029452584 -0.0169160303258
-0.0122130708006 -0.00277534619627 -0.0162171273471
-0.0121938943711 -0.00328872200639 -0.0155572045164
-0.0122052607484 -0.0037926083916 -0.0149360917865
-0.0121729387277 -0.00425094324599 -0.0143231753528
-0.00857361992973 0.0085641987165 -0.0290493841113
-0.00899243968758 0.00752196892905 -0.0281513448977
-0.00910659344155 0.00672840909586 -0.0268899100099
-0.00937151755293 0.00581225578156 -0.0259562147022
-0.00966392443032 0.00489150627183 -0.0251082518548
-0.00998961631078 0.00396966757967 -0.0243271948644
-0.0103468610145 0.00305196972703 -0.0235957779019
-0.0106922954426 0.00216551125188 -0.0228734415781
-0.0110154541552 0.00131497737066 -0.0221555452496
-0.0112940226044 0.000511367648375 -0.0214318698043
-0.0114625051903 -0.000210553087514 -0.0206704026706
-0.0115362254706 -0.000860714422619 -0.019889740445
-0.0115548132143 -0.00146106106676 -0.0191157269359
-0.0115704542084 -0.0020401247628 -0.0183748342134
-0.0115935681285 -0.00260383647786 -0.0176697518617
-0.0116151038731 -0.00314777093499 -0.0169945462965
-0.0116533870096 -0.00368394249857 -0.0163571996985
-0.0116802903389 -0.00419790695837 -0.0157450497046
-0.0116483020291 -0.00466167650201 -0.0151373300201
-0.00790502712299 0.00723182256258 -0.0306566278645
-0.00829947552483 0.00632038661937 -0.0295825238325
-0.00850529893368 0.00554308320843 -0.0282902324228
-0.00874739701419 0.00474107392584 -0.0272111110692
-0.0089892081047 0.0039470344241 -0.0262230207967
-0.00922252387266 0.00316908643219 -0.0252919298168
-0.00954647715482 0.00234852408298 -0.0244961784928
-0.00994949702573 0.00149408753303 -0.0237908619789
-0.0102567392276 0.000710268547048 -0.0230274767561
-0.0104388387274 1.37742692838e-05 -0.0222069406041
-0.0105425076932 -0.000623096301966 -0.0213768945673
-0.0106386443672 -0.00124286038328 -0.0205851549262
-0.0107340373436 -0.00184995717502 -0.0198322785039
-0.0108098676576 -0.00243305967226 -0.0191055965842
-0.0108708798762 -0.00299553353661 -0.0184070260359
-0.0109374076581 -0.00355176360883 -0.0177464086998
-0.0110041923623 -0.00410037240106 -0.0171208339571
-0.0110430689894 -0.00462361999546 -0.0165171455262
-0.0109922815552 -0.00507558398876 -0.0159052670068
-0.00688355837854 0.00608712434758 -0.031644844571
-0.00735050481363 0.00523171623626 -0.0307805156943
-0.00776934899523 0.0044063200027 -0.0298006460795
-0.00811185351394 0.00362871813826 -0.0287332236109
-0.00837358191063 0.00290397767152 -0.027627431133
-0.00861487697949 0.00219893476396 -0.0265854137119
-0.00883524671757 0.00151366710948 -0.0255945187249
-0.00905868177851 0.000833227132709 -0.0246697541736
-0.00928370647322 0.000157374688907 -0.0237984139832
-0.00949549638197 -0.000505442076208 -0.0229624592578
-0.00966366535717 -0.00113545712243 -0.0221393489923
-0.00976585015615 -0.00171615700766 -0.0213183002296
-0.00986449577961 -0.00228914474218 -0.0205417312994
-0.00998069517328 -0.00287103395576 -0.0198187241579
-0.0100826320343 -0.00344066630615 -0.0191285054181
-0.0101641600589 -0.00399414121111 -0.0184678068929
-0.0102218300917 -0.00452921944838 -0.0178353309716
-0.0102342703909 -0.00502773468728 -0.0172201561822
-0.0101940094933 -0.00548030236951 -0.0166179498539
-0.00141015253454 -0.0169900458642 0.00236922326172
-0.00275384668659 -0.016217139665 0.00339868457047
-0.0040825079173 -0.0153333528846 0.00431307425283
-0.00540200761696 -0.0143312954344 0.00509398430045
-0.00668774121198 -0.0131773614333 0.00574383596817
-0.00829264480948 -0.0123473377922 0.00614023729311
-0.00990359679164 -0.0114049724799 0.00638912032389
-0.0114290534477 -0.0102551508405 0.00652923242823
-0.0128504029945 -0.00893094671475 0.00659346650153
-0.00104320264782 -0.0164232087577 0.00104869041954
-0.00255034984791 -0.0159760274456 0.0023680192389
-0.00400201422531 -0.0152762374206 0.00352926122858
-0.00539246367966 -0.0142924476147 0.00448465842145
-0.00667709699326 -0.0129780287234 0.00521941595017
-0.00838115311455 -0.0121139245608 0.00564349363426
-0.0101257166737 -0.0110846288126 0.00582248835239
-0.0116980373134 -0.00967416785211 0.00580385468315
-0.0131066378711 -0.00801666366467 0.00563103584618
-0.000633643466175 -0.0156443393425 -0.000197574926368
-0.00228496333851 -0.0154455785108 0.00130312992316
-0.00384683348083 -0.0148768124521 0.00262452967409
-0.00530058625805 -0.0138883261849 0.0036874584212
-0.00665799296394 -0.0125514828848 0.00445393134991
-0.00839949761407 -0.0116188599341 0.00491524660797
-0.0102298905041 -0.0105272713655 0.00507681159039
-0.0118154339155 -0.00892519263023 0.00496796902219
-0.013186267735 -0.00702383660199 0.00465080413115
-0.000371402888944 -0.01487534533 -0.00147834386823
-0.00207320198749 -0.0146877090606 0.000135269058755
-0.00369382216357 -0.0141284524898 0.00151904082262
-0.00524348696814 -0.013220728292 0.00260978705051
-0.00674317105754 -0.0120399850821 0.0033888622554
-0.00846743318797 -0.0110121678625 0.00388000259819
-0.0102485856182 -0.00978727243296 0.00406355033356
-0.0118265881508 -0.00809561138152 0.00393968274555
-0.0132147495534 -0.00609673795125 0.00356380848035
-0.000350753207627 -0.0143183459437 -0.00286075873215
-0.00210619759532 -0.0140757815695 -0.00121562346274
-0.0038081020598 -0.0135430557409 0.000159007280694
-0.00544382537959 -0.0127034207669 0.00124321185108
-0.00707762382436 -0.0116846247668 0.002035426264
-0.00873029344942 -0.0105004420439 0.00254372445841
-0.0104210864848 -0.00913958526898 0.00276212706703
-0.0119710408469 -0.00739740273041 0.00267955187468
-0.0133701566413 -0.00534643453332 0.00232864692098
-0.000564407581255 -0.013986171659 -0.00433123536374
-0.00239350887003 -0.0136699213283 -0.00274197222469
-0.0042382595151 -0.0132521480507 -0.0014365125356
-0.00600778293369 -0.0125417221386 -0.000382505171702
-0.00774486229931 -0.0116086360124 0.000414116253419
-0.0092942826995 -0.0102280836743 0.000935164654083
-0.0108687294086 -0.00871611731613 0.00120075965044
-0.0122923485591 -0.00685742340606 0.00120411962659
-0.0137415569353 -0.0048330835568 0.000947540580649
-0.000933950596363 -0.0136991923434 -0.00583090855854
-0.0028879777099 -0.0133676501691 -0.00442138671235
-0.00492651043354 -0.013108636632 -0.00325795877097
-0.00683568112833 -0.0125047556576 -0.00228023835286
-0.00858879362897 -0.011529619934 -0.00150862671331
-0.0100668045375 -0.0100548813239 -0.00095911349404
-0.011536902513 -0.00845426756277 -0.000615747815293
-0.0127565628656 -0.00644542642181 -0.000475182187792
-0.0141635571157 -0.00446390464728 -0.000548912817133
-0.00137930808184 -0.0132944922064 -0.00733419367182
-0.00344890107168 -0.0129141825607 -0.00622346641726
-0.00564292575486 -0.0127073423805 -0.00528972787755
-0.00761743624146 -0.0121000325888 -0.00445884143327
-0.00936996276223 -0.0111198808801 -0.00374617886662
-0.0107845661442 -0.00964766900281 -0.00315448456883
-0.01212305141 -0.00801180096538 -0.0026929938322
-0.0131811623538 -0.00597035541876 -0.00234775339391
-0.014512269562 -0.00412909651957 -0.00215321266488
-0.00186416183493 -0.0127673111989 -0.00886875233417
-0.00389545979035 -0.0121459645026 -0.0081243742858
-0.00618164021416 -0.0119068240069 -0.00747947315533
-0.00826088887712 -0.0113601451544 -0.00685281774246
-0.00999256299291 -0.0103775370654 -0.00622067991046
-0.0113225429991 -0.00891475409872 -0.0055779519235
-0.0124529880816 -0.00717565715614 -0.00496007717268
-0.0134187777911 -0.0051786043649 -0.00437339640403
-0.0147834043815 -0.00372944356274 -0.00386907528275
