0.0118592994263 -0.00869307868852 0.017630791943
-0.0014841008701 0.00363619804061 0.0240526232375
0.020147735742 0.00030975869793 -0.0126940200999
-0.00796371561331 0.0226788761655 0.000536241463647
0.0201715137597 0.00609096583262 0.0101440999985
0.00781545656368 0.015402795916 0.0156790760781
0.0210177986426 0.0048343330895 0.0131693348467
0.00820543362877 0.0146736537184 0.0189121878662
0.0211128761728 0.00390729317187 0.0156929042926
0.0088405037605 0.0132123763378 0.0216926022232
0.0207559519344 0.00264305740142 0.0184936934574
0.00954915763679 0.0115028170213 0.0243275963507
0.0208280059001 0.00157181923101 0.0206571367255
0.00968354642519 0.0106982222458 0.0263365035836
0.0266756814846 0.00503836120886 0.0253660359424
0.0136577276874 0.0147996651157 0.0307635048963
0.0186339769676 -0.000300865845935 0.0304958080164
0.0124108341978 0.00497454548122 0.0329216703393
0.0171851805693 0.00116647648227 0.0325780904988
0.0151883265008 0.00283220650024 0.0336839478835
-0.00528962831407 0.0122394907554 -0.0326284960607
0.0206987325634 0.00417941356651 -0.0103314925379
-0.00570746560293 0.0230754560165 0.00177093787688
0.0194787594672 0.00687263505177 0.00950105250449
0.0205752377446 0.00602950903482 0.00920493720296
0.0212645083014 0.00549134935866 0.0100142253996
0.0198223478045 0.00634736226544 0.0109264784475
0.00836835781916 0.0152188129299 0.0146071372711
0.00728307615006 0.016123683363 0.0153500390694
0.00755505634919 0.0161204898413 0.0166105037185
0.00874990346034 0.0146070250241 0.0161393790965
0.0199507428584 0.00578861632579 0.0122646881981
0.0199714130535 0.00512752124774 0.0140479919079
0.0222544372298 0.00452359635962 0.0135469302619
0.0215698222565 0.00508431564331 0.0116728085229
0.00878785485898 0.0140696152645 0.0173600435039
0.00896500837086 0.0136186627591 0.0192021140581
0.00811350205624 0.0151799917486 0.0200714659843
0.00774911086311 0.0156509649525 0.0180745580461
0.0201189084019 0.00440303615718 0.0152046762534
0.0203602134267 0.00392279630671 0.0164800495238
0.0222526516713 0.00328209349096 0.0161551736004
0.0220308199462 0.00378109279189 0.0147228345703
0.00920743017775 0.0128806604054 0.0208544911927
0.00940271132917 0.0121967419252 0.0219718446475
0.0086810974102 0.0137190900207 0.022746912956
0.00850739632771 0.0143081528729 0.0213024200414
0.0200187274283 0.00295857002785 0.018629290567
0.0219497720895 0.00256878605168 0.0186185426278
0.0101300646214 0.0105989439416 0.0240152462255
0.00940996918007 0.0124463157003 0.0247718708072
0.0198974882769 0.00181378583601 0.0208481373896
0.0215066362746 0.00127014065619 0.0205984006739
0.0100170271288 0.00957721785155 0.0258625016864
0.0092899483396 0.0110554653089 0.0264748427783
0.017932854036 -0.00255936639772 0.0282798469527
0.0098266272106 0.00398426395847 0.0317592734642
0.0169127445185 -0.00292108963587 0.0286857191781
0.0100237635287 0.00315638574593 0.0318221880426
0.0165306470222 -0.00240973948273 0.030353303057
0.0111656189773 0.00225123740647 0.0325868186198
0.0201087941036 0.00312173682825 0.00916464592762
0.0210301232147 0.00113047059238 0.0121576804679
0.0211936311568 0.00044461607214 0.0145776092799
0.0210073543945 -5.83606698455e-05 0.0171621286911
0.0205108729002 -0.000603760759615 0.0195741734527
0.0202633989757 -0.00201015338852 0.0225484399037
0.00485408257318 0.0146163843893 0.0164799265485
0.00479954024907 0.0135994462989 0.0196513397389
0.00551516526112 0.0127309150711 0.0217806015294
0.00649665935005 0.011380883308 0.0239199555065
0.00737397717025 0.01015382198 0.0257177030993
0.0076973458218 0.00805404125472 0.0281732495409
0.0168935999617 0.00994404456293 -0.00820309215118
0.00102882635199 0.0210996477918 -4.55459558692e-06
0.016663312006 0.0098539750934 -0.0161776352779
-0.00251649426079 0.024305255325 -0.00777963762203
0.0228097151208 -7.52887681062e-05 -0.00840807190117
-0.00720973373223 0.0226715296831 0.0056614195503
0.0173729477774 0.00691549243756 -0.0060219845169
-0.00306260096571 0.0190659551852 0.00278645285753
0.00138840339319 -0.0166120760046 0.01171164091
0.00293900505885 -0.017624435806 0.0102861181195
0.00433476962209 -0.0183618673321 0.00892366324603
0.00570557186311 -0.0188442213941 0.00778846626982
0.00705426136828 -0.0190710837469 0.00687304998928
0.00843004516407 -0.0191101970272 0.00629048406407
0.00978445263095 -0.0189223868542 0.00597153401072
0.011104507654 -0.0184849383616 0.00588051580179
0.01239974013 -0.0177819391773 0.0059568616166
0.0136906124396 -0.0168506302637 0.00625713072393
0.0136906124396 -0.0168506302637 0.00625713072393
0.0156083488936 -0.0151913879392 0.00724951817527
0.0168956827744 -0.0137684357272 0.00870911381127
0.0176465167785 -0.0125531310515 0.010158081523
0.0178061035551 -0.0116421854536 0.0116209654541
0.0175397983758 -0.0108286510033 0.0129364869128
0.0169104696412 -0.00995161506275 0.0141399587048
0.0157969090608 -0.00914174028638 0.015348493703
0.0140942796881 -0.00866283163569 0.016559156176
0.0118592994263 -0.00869307868852 0.017630791943
0.0118592994263 -0.00869307868852 0.017630791943
0.0103462554877 -0.00864585598183 0.0181273710905
0.00891407073931 -0.00870915947101 0.0184618683673
0.00758889394113 -0.00897495516699 0.0185566471723
0.00635116649432 -0.009181648246 0.0185579839452
0.00520733483944 -0.00943464346437 0.018410231549
0.00417684030463 -0.00976957998736 0.0180883839832
0.00322846321469 -0.0101161955763 0.0176447345333
0.00232518869192 -0.0104563786082 0.0170900328705
0.00154817433411 -0.0108906990448 0.0163536668159
-0.00800418676601 -0.00985355381717 0.0159608845812
-0.00969107232095 -0.00861028814067 0.0160927492073
-0.0111073654463 -0.00733134749812 0.0161513445483
-0.012233065625 -0.00599230311377 0.0161313968212
-0.0130627778423 -0.0045791832183 0.0161938135849
-0.0135973082895 -0.00310679331008 0.0164614803086
-0.0138362168527 -0.00158403244265 0.0168963062895
-0.0137871037513 7.2568881798e-06 0.0174153590316
-0.013453930041 0.00166957732266 0.0180351134893
-0.012791831589 0.00332894178717 0.0188613103842
-0.012791831589 0.00332894178717 0.0188613103842
-0.0115853835512 0.0046987878253 0.0195728434923
-0.0102333875055 0.00553097107288 0.020361931606
-0.00892293573534 0.00609953827296 0.0210250949041
-0.00767813106395 0.00646165902119 0.0216456579793
-0.00646943290743 0.00663228074937 0.0222815308508
-0.00520866843772 0.00642378824592 0.0228483565635
-0.00391323863079 0.00591164260593 0.0233636930229
-0.0026389443054 0.0049509928403 0.0237408121671
-0.0014841010463 0.00363619680087 0.0240526227453
-0.0014841010463 0.00363619680087 0.0240526227453
-0.000419612807055 0.0020815991204 0.0234856378727
0.000241048942211 0.000426926945001 0.0227514210448
0.00079014547327 -0.00102332480117 0.0220341935962
0.00114343864006 -0.00234331459178 0.0213125414283
0.00188386817507 -0.00316603914068 0.0208797579685
0.00233170815547 -0.00426640324463 0.0201593324684
0.00196856058305 -0.00580764202669 0.0189814310154
0.000256305642808 -0.00716771983562 0.0178180013015
-0.000847839202303 -0.00829237592644 0.0167549873184
0.0266756593381 0.0050383589855 0.025366040275
0.0261906136005 0.00429042513667 0.025406416378
0.0259459139013 0.0037163773859 0.0250075736912
0.0254865625283 0.00310699136249 0.0246923557129
0.024895567356 0.00247263102037 0.024506548192
0.0242273150666 0.00186016830459 0.0242655116793
0.0234763594067 0.00121522783177 0.0240994844669
0.0226227994202 0.000678474135107 0.0237029776537
0.0216776951615 0.00014695353018 0.0233495718364
0.020648665572 -0.00040722813443 0.023031498699
0.0266756593381 0.0050383589855 0.025366040275
0.0269253273508 0.00423307956676 0.0255552697574
0.0266541217409 0.00337148520423 0.0258473909945
0.0262680434839 0.00255098935604 0.0259936213815
0.025840530342 0.0016775180512 0.0260117926035
0.0252061800318 0.000807732240938 0.025949667644
0.0244085916424 -7.96806919264e-05 0.0257974440967
0.0234909871743 -0.00103262315679 0.0255500237053
0.0223203805488 -0.00191405543317 0.0252221955559
0.0209917879237 -0.00281488029005 0.0248054780932
0.0266756593381 0.0050383589855 0.025366040275
0.0271155088565 0.0046907872467 0.0258652419384
0.0264379731158 0.00384807270765 0.0264353248238
0.0258597969591 0.00304945144613 0.0266178021627
0.0252327676071 0.00221532520901 0.0267020727356
0.0244804583078 0.0012938627245 0.0267571294541
0.0235681738507 0.000269322440234 0.0267168265273
0.0225028511011 -0.000887185583376 0.026599129262
0.0212730211159 -0.00214054582903 0.0262699140252
0.0198206621656 -0.00322409438924 0.025547332803
0.0266756593381 0.0050383589855 0.025366040275
0.0270317709609 0.00447420318636 0.0256985697277
0.026393923826 0.00358112608404 0.0264245373752
0.0254879379648 0.00278249728512 0.0267134770918
0.0245021272369 0.00208654565683 0.0265176464136
0.0236761254642 0.00127020622066 0.0265437948007
0.0227501625967 0.000428165725838 0.0264203474595
0.0217342525038 -0.00048441229564 0.0263542853224
0.0205760849772 -0.00142964675134 0.0262662338164
0.0193379964437 -0.00239665639584 0.0259394414264
0.0136577328453 0.0147996589252 0.0307635259957
0.0128698736937 0.0139450410132 0.0306347884929
0.0120835939714 0.013190196762 0.0304301291414
0.0113790767066 0.0125056207952 0.0302048987658
0.0109165687862 0.0118342165681 0.0299957529022
0.0108104673226 0.0111353389504 0.0297254424594
0.0100289422102 0.0107861568656 0.029193575039
0.00960873560704 0.0104065406852 0.0286474181546
0.00924347940503 0.0100823415039 0.0271283739286
0.00892647808275 0.00989527970464 0.0273112783217
0.0136577328453 0.0147996589252 0.0307635259957
0.0128899674419 0.0141683591451 0.0312583412115
0.0122581881268 0.0133951922737 0.0318022195958
0.0116022159563 0.0125724273653 0.032080125964
0.0109365576684 0.0116952264178 0.0321541589555
0.0102387066162 0.0107792469369 0.0320830941077
0.00953714240744 0.00980550148288 0.0318395684632
0.00885922742231 0.00876211300921 0.0313956757521
0.00814825471095 0.00767818121126 0.0308250560902
0.00738268588266 0.00655359244029 0.0301141062323
0.0136577328453 0.0147996589252 0.0307635259957
0.0132570813019 0.0141536095191 0.0306034555799
0.0130579027761 0.0132078774414 0.0319177486855
0.0123645717231 0.0124006005729 0.032107356532
0.0117600465383 0.0115187899897 0.0321990974225
0.0111303541595 0.0105680246423 0.0322279798654
0.0104198935873 0.00956682781949 0.0321119967583
0.00961856363113 0.00851559678601 0.0318434826158
0.00872448822313 0.00743258485017 0.0313569786144
0.00782857525801 0.00634400258426 0.0306066138733
0.0136577328453 0.0147996589252 0.0307635259957
0.0133754890186 0.0140139305541 0.0306042617128
0.0133414404364 0.0130153188927 0.0313569891399
0.0127148313209 0.0122424108286 0.0317478195847
0.0121508447785 0.0113623770585 0.0317965915519
0.0116167753342 0.0103876642131 0.0317304574026
0.0111031642649 0.00931770901615 0.0315861339379
0.0106456050205 0.00811634387195 0.0314012032418
0.010062346271 0.00690010095455 0.0310358411804
0.00924391618381 0.00579714481024 0.0304066941291
-0.00348973858293 -0.0188472391908 0.00118832235911
-0.00204710099315 -0.0191818249752 0.000987351200341
-0.000480358564163 -0.0194287242249 0.00088370030698
0.00120013768548 -0.0195771304683 0.00087682549561
0.0029482797808 -0.0195189833162 0.00100351906814
0.00464249364109 -0.0190389794729 0.00142257674873
0.00638696712838 -0.0184577535392 0.00212015520562
0.00833611337071 -0.0180190411756 0.00296583298112
0.0106310953462 -0.0179438446065 0.00351755433578
0.0130927789511 -0.017999347667 0.00340341746756
0.0130927789511 -0.017999347667 0.00340341746756
0.0141536612855 -0.0173951071517 0.00342350884194
0.0151265192121 -0.0166673817054 0.00377102871122
0.0159737361999 -0.0159230703979 0.00423786351577
0.0167594766966 -0.0151759760809 0.00470671004307
0.0173737816565 -0.0144177379814 0.00531531639046
0.0179494195454 -0.0136298780073 0.00593812834293
0.0185564971793 -0.0127966517573 0.00653560831728
0.0192978143428 -0.0119428034783 0.00698673181936
0.0201156279267 -0.0111445333482 0.00725672492598
0.0201156279267 -0.0111445333482 0.00725672492598
0.0209675054206 -0.00997415466415 0.00732294467809
0.0215998366799 -0.00897975597628 0.00733773873237
0.0220464635947 -0.00769948005696 0.00744939425129
0.0225484171521 -0.00672736419401 0.00705305888255
0.0230258268868 -0.00629767231885 0.00618786500778
0.0234363916109 -0.00587001005912 0.00511906701127
0.0237967823554 -0.00559386924964 0.00376147244357
0.0241054974766 -0.00550122808442 0.00210453164299
0.0243631050427 -0.00557350387522 0.000146043543814
0.0243631050427 -0.00557350387522 0.000146043543814
0.0244687658337 -0.00510884291351 -0.00168943471597
0.0244560815674 -0.00424952811392 -0.00343063347112
0.0242543800453 -0.00366103319337 -0.00515553037807
0.0238913325533 -0.00299253970986 -0.00669077489867
0.0233056204833 -0.00221755013324 -0.00796999672848
0.022352959734 -0.00128755555904 -0.00899256670555
0.0211378051169 -0.000793969830594 -0.0103079276229
0.0198459347372 -0.000709258247083 -0.0118540953056
0.0192218232803 -0.00132759407797 -0.01337752794
-0.0145521942819 -0.0108549476674 0.00617989345683
-0.0153501773325 -0.00922301311854 0.00733126488614
-0.0158964151694 -0.00746721255209 0.00844185733869
-0.0162108586801 -0.00572753959957 0.00951477118175
-0.0161527475321 -0.00409758223179 0.0105223889386
-0.0155783850373 -0.00270798510628 0.0115150188251
-0.0149367786766 -0.00146077963609 0.0127023581228
-0.0145738333299 -0.00013991318471 0.0140849455278
-0.014630651354 0.00141278848456 0.0153954200118
-0.0147818746405 0.00306593711088 0.0163367456478
-0.0147818746405 0.00306593711088 0.0163367456478
-0.0145494236202 0.00411113300159 0.0167473171322
-0.0141046834907 0.00508014711505 0.0172643093165
-0.0135172870051 0.00595483242284 0.0178001115164
-0.0127667192736 0.00665840178421 0.0183449502925
-0.0119151346355 0.00726262310013 0.0188657088209
-0.0110124241883 0.00787422306775 0.0193560835605
-0.0100433053801 0.00849824850371 0.0198363736191
-0.00909862815923 0.00929187219556 0.0202604546312
-0.00826121757901 0.0103143279934 0.0205305709408
-0.00826121757901 0.0103143279934 0.0205305709408
-0.00685894325189 0.0113590822201 0.0205685244966
-0.00560898976083 0.0124777200947 0.0204768900479
-0.00489272003899 0.0136445656969 0.0201584364016
-0.00482572560787 0.0145951813782 0.0196355993502
-0.00496501717841 0.0153473267677 0.0190229248883
-0.00515798542095 0.0160544494635 0.0183374685135
-0.00547417417852 0.0167650818639 0.0175609386114
-0.00597135098023 0.0174951036681 0.01669388084
-0.0066937146949 0.0182674179846 0.0157595513799
-0.0066937146949 0.0182674179846 0.0157595513799
-0.00737896245274 0.0191025752171 0.0144642933044
-0.00801464680712 0.0199447515517 0.0131138198491
-0.00855862054661 0.0207114997722 0.0116950498261
-0.00871845230787 0.0213594493442 0.0102454752177
-0.00863491946743 0.0217414761551 0.0086499398319
-0.00824181918314 0.0217302012184 0.00680327403633
-0.00745247696171 0.0210273869344 0.00442494851153
-0.00899007437869 0.021463355578 0.00250591478609
-0.00998825176478 0.0220557315967 0.00092194895143
0.00658069364396 -0.00898634235506 0.0241803294181
0.00772363660706 -0.00870763241082 0.0240348042222
0.0088006815684 -0.00814604981213 0.0239956227887
0.00982782979439 -0.00752888459842 0.0242428183325
0.0108683021113 -0.00675316623616 0.0245930708616
0.0118312119718 -0.00596716557025 0.0253049089069
0.0126598064356 -0.00517849278739 0.0264816354856
0.0133221242682 -0.00439854302828 0.0282199743096
0.014146996005 -0.00337656644673 0.0297366239355
0.015081007641 -0.00211043489505 0.0310097377467
0.00351925853458 -0.00607773457254 0.0253541614582
0.00375165026953 -0.00513938410431 0.0257920187221
0.00418662194417 -0.00424452908841 0.0262697302716
0.00476486558334 -0.00330061919196 0.026777631946
0.00549155981316 -0.00243088936526 0.0274277184307
0.00639900757379 -0.00170326017027 0.0282410466281
0.00747980964255 -0.00111347550711 0.029220843745
0.00868919238018 -0.000624266500753 0.0303874703251
0.00999045703597 -2.2396675595e-05 0.0315938303158
0.0116103305648 0.000764737707116 0.0324981527475
0.0119614024032 -0.00154686784809 0.0299205266965
0.0121669904103 -0.00158769299024 0.0302111871519
0.0125003491263 -0.0014020969858 0.0305347157258
0.0128247862652 -0.00115056973841 0.0307715192729
0.0131341295151 -0.000915291985421 0.0309482751663
0.013451073942 -0.000685540836676 0.0310287584119
0.0138348553204 -0.000491984271269 0.0310391733064
0.0143598606329 -0.000383840932011 0.0311239830313
0.0146756200599 -0.000370110826804 0.0318471855227
0.0149487383295 -0.000274783339468 0.0323080721779
0.0225937024467 -0.00396596577517 0.00927216684481
0.0232639810327 -0.00419843558159 0.00782371335112
0.023758607089 -0.00440381693431 0.00637890035884
0.0242013693231 -0.00453722591642 0.00499737475072
0.0245966482718 -0.00458376323114 0.00366801203474
0.0247755780251 -0.00467930414368 0.00237686466334
0.0248671603248 -0.00474619469929 0.00113375908739
0.0249616249393 -0.00468567865969 -6.69196119801e-05
0.0250283049272 -0.00450156604104 -0.00122336210793
0.0251255465623 -0.00406237533365 -0.00228151092187
0.0251255465623 -0.00406237533365 -0.00228151092187
0.0248841230788 -0.00360674945164 -0.00333589119502
0.0246796903183 -0.00305773023631 -0.00426815433846
0.024530147794 -0.00246427676014 -0.00508540432353
0.0244535876308 -0.00184678159846 -0.00580322816811
0.02420859509 -0.00139427346534 -0.00648157633571
0.0238986740905 -0.00100709023937 -0.00708311977409
0.0234987133108 -0.000698720327537 -0.00759489813321
0.0231309647038 -0.000391389959744 -0.00802359566885
0.022809715297 -7.5287528366e-05 -0.00840807140891
-0.0013501134507 0.0148611180587 0.0200932991512
-0.00257562744847 0.0155944044128 0.0193454279812
-0.00354540125015 0.0165999977141 0.0187258046681
-0.00439237365517 0.0175862652963 0.0180536385463
-0.00519508286397 0.0183541998553 0.0172368408722
-0.00589874438387 0.0190376981775 0.0163471360277
-0.00650919318579 0.019630062454 0.0153837560969
-0.00697808378454 0.0202330087952 0.014385968198
-0.00730826457087 0.0208226774393 0.0133403686932
-0.00757210996676 0.0212741879325 0.0122035467143
-0.00757210996676 0.0212741879325 0.0122035467143
-0.00759726313933 0.0216600102329 0.0113627846831
-0.00760363107222 0.0219904605182 0.0105511927555
-0.00758320943108 0.0222808391231 0.00977457846818
-0.00754999802921 0.022509374248 0.0090245022842
-0.00750877623674 0.0226663282539 0.00829815885775
-0.00746614910523 0.0227343733692 0.00759483245011
-0.007403502638 0.0227508826037 0.00692410977313
-0.00731334205916 0.0227400125075 0.00628186241402
-0.00720973214642 0.0226715408407 0.00566142398067
0.00936744743694 0.0163019767936 -0.018065853964
0.0105216567182 0.0155396423754 -0.0166986459351
0.0112278206917 0.0150161724996 -0.0153642144203
0.0124028536441 0.0155008554889 -0.0141474574939
0.0132804914962 0.0159767833209 -0.0129131495094
0.0131286674766 0.0159182972177 -0.0116693924732
0.0126456330973 0.0159634910523 -0.0104438679453
0.011875220174 0.0161309824625 -0.00919794813856
0.00829854972911 0.0146258150676 -0.00906682395205
0.00886343057368 0.0164091749057 -0.00677591247094
0.00266693150487 0.0213959173605 -0.0143308185574
0.00260236875807 0.0213724804567 -0.0128147029787
0.00291759762559 0.0213029882734 -0.0114607476924
0.00342782784795 0.0217323732554 -0.0103405990557
0.00400427588619 0.0221863065344 -0.00939308856164
0.00470992244769 0.0221873514182 -0.00855282614869
0.00563909571205 0.0218092659235 -0.00778423097357
0.00674399099765 0.0205646987154 -0.00715751839428
0.00780398041348 0.0185717994421 -0.00684205234102
0.00886343057368 0.0164091749057 -0.00677591247094
0.0118592994263 -0.00869307868852 0.017630791943
0.00955759398699 -0.00860985558079 0.0185955030313
0.00751374293392 -0.00896972123427 0.018982580295
0.00551140538726 -0.00942552991472 0.0197310339823
0.00330144398311 -0.00987983353784 0.0212747105685
0.00186603044655 -0.00845050351472 0.0219331930263
0.00141427019836 -0.00549992205937 0.0218483023926
0.00104522628488 -0.00232993896826 0.0223862403751
0.000149451148929 0.000689286769025 0.0234937101578
-0.0014841010463 0.00363619680087 0.0240526227453
0.00658069364396 -0.00898634235506 0.0241803294181
0.00609011289203 -0.00883965789312 0.0243304819862
0.00564355672864 -0.0086551385944 0.0244785996049
0.00522980624071 -0.00845628399206 0.0246439335327
0.00484846442012 -0.00820788236431 0.0248024059303
0.00449576838416 -0.00791651455159 0.0249632042156
0.00420270191609 -0.00751996979445 0.0250611409537
0.00392588316451 -0.00710887066858 0.0251933691616
0.00370485452836 -0.0066169780993 0.0252772930816
0.00351925853458 -0.00607773457254 0.0253541614582
0.00250145855017 -0.00932605221857 0.0216810007024
0.00276004545312 -0.00918072494027 0.0220337857634
0.00301296474989 -0.00903789240114 0.0223895995428
0.00325825057744 -0.00890182890183 0.0227498693541
0.00349244098304 -0.0087802668569 0.0231189643837
0.00372668845733 -0.00865316217087 0.0234833598286
0.00396770292351 -0.00850597329983 0.0238333204819
0.00420141834926 -0.00836701895378 0.0241887756013
0.00443113706644 -0.00823058039416 0.0245468761794
0.00466880830904 -0.00806738597474 0.0248819594447
0.0102808351751 -0.00799549455019 0.0201630644038
0.00838994849599 -0.0083870025987 0.0209237569198
0.00675602544822 -0.00916615179497 0.0217866497002
0.00529195764851 -0.00946370148502 0.0225555956364
0.0041180605877 -0.00904999863267 0.0230727628638
0.00316260372406 -0.00827447858205 0.0234960465451
0.00241961113501 -0.00710756908278 0.0238214458272
0.00226161371378 -0.00519293249031 0.0236557283237
0.00220494086677 -0.00311873968781 0.0235430764284
0.00168382275319 -0.000993538143546 0.0239644925581
0.00154817433411 -0.0108906990448 0.0163536668159
0.000813540276071 -0.0117638433622 0.0182506937285
7.70678736123e-05 -0.0112893763415 0.0188006478744
-0.000795184706729 -0.0103750753492 0.0188001987311
-0.000847839202303 -0.00829237592644 0.0167549873184
0.000870075493424 -0.0116069706294 0.0160194387237
-0.000414597954263 -0.0124912531844 0.0172798510939
-0.0012101518239 -0.0122208205106 0.0175304773061
-0.00189513592624 -0.0115085644877 0.0176067511802
-0.0019656477368 -0.00948504005462 0.0164232960189
0.000219062427898 -0.0125004485967 0.015223986041
-0.00113859199088 -0.013322300269 0.0162320696525
-0.00223977327434 -0.0129550838069 0.0165471785972
-0.00306966818992 -0.0121347643422 0.0167183505361
-0.0032219207739 -0.0103772432792 0.0159742921867
-0.000318559160451 -0.0138393884761 0.0133778920607
-0.00138253209756 -0.0140934931115 0.0150004494836
-0.00296363271907 -0.0133368076453 0.0157099344655
-0.00422981130033 -0.0121152389732 0.0159396616969
-0.00507788364656 -0.0107206318644 0.0152527887742
0.00138840339319 -0.0166120760046 0.01171164091
-0.00105286742795 -0.0150419103175 0.0136681279555
-0.00343887769768 -0.0135367709239 0.0151589369159
-0.00566053606441 -0.0115751099533 0.0156459837537
-0.00800418676601 -0.00985355381717 0.0159608845812
0.0225937024467 -0.00396596577517 0.00927216684481
0.0213936210247 -0.00329357271747 0.0107117379063
0.0205080583727 -0.00263251199536 0.0122704580593
0.0200803913066 -0.0022337813377 0.0140015865066
0.0198891030284 -0.00207960752974 0.0157363817322
0.0197933678553 -0.00200228841078 0.0174144724456
0.0197915162785 -0.00193523296133 0.0190798098269
0.0198881374982 -0.00186511264993 0.0208091420855
0.0202633994162 -0.00201015028917 0.0225484411344
0.0215755436813 -0.00533095007206 0.0102695627228
0.0204001368903 -0.00446381101522 0.0116744797729
0.0195760650348 -0.00370023922965 0.0131749196298
0.019168063701 -0.00319346328173 0.0147664708684
0.0189208725845 -0.00287755013506 0.0162898366793
0.0189569132233 -0.00282525321836 0.0177681108725
0.0190233885614 -0.00278939480232 0.0191619539475
0.0192651208251 -0.0028636713327 0.0205323058475
0.0194572648462 -0.00277097009962 0.0220981257559
0.0203947505982 -0.00646668387767 0.0112160264983
0.0194395447021 -0.00547747900691 0.0126881493039
0.0186912404787 -0.00468017237513 0.0141119287056
0.0182693070506 -0.00412583526534 0.0155406843168
0.0179606933559 -0.00373672343349 0.016862100966
0.0179562264431 -0.00361601413895 0.0181400912106
0.018117518831 -0.0036739876304 0.0193179887179
0.0183815538555 -0.00381563126332 0.0204219265174
0.0186765794384 -0.00388417666957 0.0215851924809
0.0194656950893 -0.00730380877159 0.0124345055789
0.0185531118238 -0.00633256294463 0.01378448026
0.017880974144 -0.00557089620301 0.0150958016866
0.0173788093173 -0.00500874964993 0.0163227921724
0.0169726597288 -0.0045855532961 0.0174462031158
0.0169543934418 -0.00448930109582 0.0185592992245
0.0171005662416 -0.00460844915938 0.0195599168384
0.0172777408504 -0.00477344184088 0.0204664680625
0.0174927143244 -0.00487244520361 0.0213900319608
0.0185370998028 -0.00796225481911 0.0137425896969
0.0176899841553 -0.00707390336632 0.0149243447542
0.0170702148241 -0.00639787813479 0.0160819419109
0.016447791232 -0.0058440070819 0.0170926471223
0.0160135012514 -0.0054694599977 0.0180679875455
0.0158883290505 -0.00539668031674 0.019030407659
0.0158675154495 -0.00549705808761 0.0198973856547
0.0159222471189 -0.00570886418557 0.0206821871023
0.0159934548075 -0.00584760828746 0.0214466690935
0.0175424661375 -0.00857647660655 0.0150606126657
0.0168386961182 -0.00783260645085 0.0160789968304
0.0161489317258 -0.00721788586606 0.017004018432
0.0155653656233 -0.00676437089953 0.0178943846827
0.015084519383 -0.00647184834108 0.0187462435213
0.0147713969689 -0.00640910096431 0.0195806177017
0.0145582378421 -0.00653219313872 0.0203651582993
0.0143217662936 -0.00664627170864 0.0210780038408
0.0141028384087 -0.00665383783838 0.0217704679017
0.016157816128 -0.00926927764794 0.0161081198399
0.0155101211038 -0.00856496403715 0.0169272332628
0.0148815527245 -0.00799348812652 0.017732145626
0.0141767138626 -0.00744199329125 0.0184741674688
0.0136472962225 -0.00717954097851 0.0192725445272
0.0133097309394 -0.00728539060941 0.020131363317
0.0128344805961 -0.00730889417106 0.0208937948878
0.0122992155555 -0.00725118727549 0.0215919435989
0.0117640265057 -0.00703530783555 0.0222421260083
0.0136868325133 -0.00856800814287 0.0167087440556
0.0135603234267 -0.00876230438058 0.0174543926377
0.0131639079273 -0.00844556100453 0.0182273955487
0.0126342852873 -0.0080701708179 0.018991326011
0.0120686265175 -0.00785319502659 0.019778909781
0.011463709961 -0.00777657391179 0.0205903257608
0.0107445369545 -0.00763276000261 0.0213520755711
0.0100384221702 -0.00769953391449 0.0221565614507
0.00937927811217 -0.00812036077107 0.0230745437928
0.0118592994263 -0.00869307868852 0.017630791943
0.0116633175329 -0.0086515463789 0.018075487934
0.0113517012582 -0.00842125439224 0.0187009194954
0.0108874614919 -0.00814185009443 0.0194020572978
0.0102808351751 -0.00799549455019 0.0201630644038
0.00954036252743 -0.00798892731764 0.0209973704998
0.00869994104401 -0.00830525699568 0.0219972770584
0.00774416244083 -0.00884616032513 0.0231887200872
0.00658069364396 -0.00898634235506 0.0241803294181
-0.0013501134507 0.0148611180587 0.0200932991512
0.000160351499394 0.0134820555864 0.0203737487056
0.00181805853251 0.0121917057184 0.0207048333488
0.00317522959833 0.0113925316085 0.0216075505761
0.00403996260543 0.0107971987033 0.0229116490344
0.0050761637069 0.0100131097213 0.0240327994051
0.0058735926284 0.00940951168416 0.0254205144174
0.0067740393587 0.00877744183522 0.0267950956695
0.0076973461742 0.0080540437342 0.0281732505254
-0.00166465573906 0.013638049157 0.0210026157149
-0.000190201079584 0.0121597900915 0.0209106137001
0.00144696446753 0.0110224763513 0.0211295190687
0.0028295423262 0.0103310690281 0.0219783670683
0.00384430561935 0.00973416689751 0.0230788967628
0.00464996436487 0.00911394541722 0.0242189316006
0.0053183721373 0.00849926336611 0.0254043691258
0.00587951948116 0.00790621511778 0.0266537564033
0.00643617688403 0.00724052635518 0.0279086063146
-0.00213127244214 0.0119060328619 0.0213444215264
-0.000469391747289 0.010809919068 0.0213631064781
0.00113893541612 0.00984953522971 0.0215781881222
0.00251693781078 0.00916992483787 0.0222837896897
0.00353391281388 0.00859632104108 0.0232654087492
0.00420183883728 0.00806077606505 0.0243877218723
0.0047538046345 0.00742770882708 0.0254040544991
0.00508182988914 0.00683234784428 0.0265210150954
0.00536258153108 0.00617346673083 0.0276351658247
-0.0023025628341 0.010522588087 0.0219338143218
-0.000627050368023 0.00960029657012 0.0219900394599
0.000898538825646 0.00873359841431 0.0221831439624
0.00217323494981 0.00807040921985 0.022810154489
0.00311974363171 0.00745823734987 0.023633160316
0.00377763255281 0.00683074343234 0.0245120900249
0.0041601534672 0.00620401334445 0.0254555110828
0.00440010102464 0.00552500869371 0.026368187346
0.00458417245842 0.00478806822906 0.0272886158868
-0.00230164433173 0.00926235366721 0.0226635715006
-0.000702451112721 0.00840166783403 0.0226932586942
0.000696009165763 0.00764215645617 0.0229956851046
0.00182409621675 0.00693133094354 0.0235003146295
0.00270711177538 0.00618875373599 0.0240334575443
0.00327953911762 0.00548702031176 0.0247521811542
0.00364076341701 0.00474575012161 0.0254655463163
0.00381083967293 0.00398279524581 0.0262132312906
0.00390305489189 0.00318169131283 0.0269769994853
-0.00224298347652 0.00797472759536 0.0234103519932
-0.000776660626689 0.00717098176368 0.0235204001877
0.00044807216077 0.00639734000398 0.0238262407652
0.00146182301001 0.00557523625802 0.0241102981365
0.00225461371919 0.00474296643788 0.0244767372568
0.00277387617532 0.00392446001033 0.0250078808956
0.00307323671563 0.00308143203768 0.0255814160554
0.00320365818722 0.00220802012809 0.0261666906344
0.00345617878738 0.00128222833153 0.0266306682612
-0.00234225203236 0.00650060416863 0.024175802493
-0.00106639262126 0.00569378092231 0.0243239521609
3.40440628079e-05 0.00484338214768 0.0244897542822
0.000985166245424 0.00394580997747 0.0246328958205
0.00183126836558 0.00299865685598 0.0247070820049
0.00235937701629 0.00205972073169 0.0250886044669
0.00261450468697 0.0011018849965 0.0256352220628
0.00299324851718 9.28502125295e-05 0.0258826650702
0.00340668487188 -0.000893970712833 0.0261203445988
-0.00247250366775 0.0046618716521 0.0240604027883
-0.00147670609472 0.00376935788401 0.0243593756405
-0.000367864161381 0.00291799245836 0.0244889032014
0.000740195837429 0.00200551291392 0.0244310516032
0.00158149942531 0.00100254755551 0.0245204775423
0.00211416863162 -6.22377544034e-05 0.024877891173
0.00268608332393 -0.00113704992449 0.0250560577519
0.00307660328764 -0.00223645770713 0.0253633338801
0.00324948030527 -0.00336599118896 0.0258550206485
-0.0014841010463 0.00363619680087 0.0240526227453
-0.000682219387807 0.00244564697283 0.0238991640248
5.48944264269e-05 0.00126468030712 0.0239038836843
0.000956466476366 0.000179049226694 0.023887530383
0.00168382277668 -0.000993537978247 0.0239644926237
0.00231402495606 -0.00220289452516 0.0241194667513
0.00269657511237 -0.00351193841649 0.024576662417
0.00294090155666 -0.00490938151227 0.0252936270917
0.00351925853458 -0.00607773457254 0.0253541614582
0.0157912450049 0.00521980918514 0.00851254351202
0.0117442907779 0.00308788114525 0.0109956603202
0.00893934946291 0.00617350617253 0.0114418416933
0.00654324530333 0.00781901042109 0.0133693361808
0.00677311268289 0.011938711121 0.013269246751
0.016288844718 0.00359769825328 0.0120101486443
0.0120067342148 0.00335724703532 0.0137578269014
0.00913095983094 0.00420383965053 0.0149711189232
0.00765541130552 0.00678334804588 0.0157622222037
0.00740110608319 0.0109107258251 0.016162011845
0.0166850333767 0.00229113253614 0.015600564682
0.0123440395141 0.001132660787 0.0171195200515
0.00962270321881 0.00255962730952 0.0184614219044
0.00790238197422 0.00515086113914 0.0191391576651
0.00802660091263 0.00963567377566 0.0193219302004
0.017206179962 0.000850454776303 0.0190499221078
0.0130811035109 -2.74518604868e-05 0.0205682993726
0.0103035476408 0.00118172518878 0.0218322847134
0.00809992190148 0.00359176854466 0.0224512377164
0.00843376215611 0.00811403286745 0.0227847221894
0.0177926743744 -0.000628738132278 0.0224161917789
0.0143784210974 -0.000611466419937 0.0240977934837
0.0116315850314 0.00041855015139 0.0252829670066
0.00979502602277 0.00276243795399 0.0260953343842
0.00887728470575 0.0063692179541 0.026515981946
0.0109939272861 0.0149248718973 -0.00844144553841
0.0100251458591 0.0156310230084 -0.00743830608018
0.00886343057368 0.0164091749057 -0.00677591247094
0.00763063311067 0.0173082021184 -0.00635731016874
0.00631676255053 0.0183333946601 -0.00618455712241
0.00993265748384 0.0141072166415 -0.00645409111059
0.00940808155781 0.0147524608291 -0.00591925093694
0.00859170500045 0.015412733905 -0.00550471906374
0.00744241998355 0.0159421026748 -0.00525092548801
0.00603256357218 0.016568749356 -0.00519569919627
0.00973700195632 0.0130284177827 -0.00425634912044
0.00903163291635 0.0135833907027 -0.00407597387556
0.00822604535337 0.0141179715591 -0.00382282056311
0.00746371799221 0.0148270814073 -0.00341275144877
0.00668518554553 0.0156326199694 -0.00287964801334
0.0100212480788 0.0117880176269 -0.00199238893956
0.00897364193676 0.0123424426576 -0.00175253719655
0.00815317725617 0.0130031125824 -0.00140745726812
0.00755566796092 0.013738805032 -0.000984781625992
0.00664570680779 0.0141919443132 -0.000571496958987
0.0103373989907 0.009121121982 -0.000148782128415
0.0086516299863 0.00998470760577 0.000319886850985
0.00743720956111 0.0108837379008 0.000902424317934
0.00647194157954 0.0116647433407 0.00137389107495
0.0063391893725 0.01261433043 0.00216057555449
0.00938896863998 0.00322740868214 -0.0316370743693
0.00134919796682 0.00769927576423 -0.0346315806949
-0.00528963329582 0.0122394981856 -0.0326285166678
-0.0108785220348 0.0174098012536 -0.0289322675892
-0.0142988219525 0.0221007050771 -0.0210947632204
0.010361948004 0.0102051634631 -0.0295434103838
0.00405443447889 0.0142731747963 -0.0310299951868
-0.00126047046613 0.0170459223128 -0.0291146807065
-0.00521305022527 0.0209160701637 -0.0262140810077
-0.00812302949722 0.024094655814 -0.0206167355268
0.00849239753568 0.0127127566664 -0.0246027937048
0.00460537875361 0.0150201639582 -0.0246364767879
0.00159109750545 0.0179694285485 -0.0238426342144
-0.00146309122937 0.019461721342 -0.0213673843408
-0.00347405050046 0.0220380301956 -0.0182872821934
0.00836204666657 0.014596618782 -0.0212565469973
0.00509863414528 0.0154964747622 -0.0210410828624
0.00348059600475 0.0187059445501 -0.0205603059998
0.000848547021184 0.0190179860443 -0.0185880261934
-2.49297172487e-05 0.021486819359 -0.01641287256
0.00936744743694 0.0163019767936 -0.018065853964
0.00666197122683 0.0174508065981 -0.0186624166858
0.00481636365905 0.0189722114974 -0.0183011727716
0.00339999614197 0.0201382740103 -0.0168272197034
0.00266693150487 0.0213959173605 -0.0143308185574
0.0192218232803 -0.00132759407797 -0.01337752794
0.0183165798294 -0.00255295361893 -0.0135039961318
0.0175610583428 -0.00378296996204 -0.0135246916826
0.0169518070761 -0.00501382130585 -0.0134378926541
0.0164282154255 -0.00620181257789 -0.0132446599737
0.0159325698294 -0.00730560349839 -0.0129459866728
0.0154732090807 -0.00833167254598 -0.0125429823434
0.0150448856971 -0.00927651309495 -0.0120365068696
0.0146249668168 -0.0101234482747 -0.0114247149242
0.0142008957273 -0.010862288244 -0.01070348954
0.0137954734629 -0.0115093067788 -0.00987249248735
0.0134141369516 -0.0120679085718 -0.00893024020913
0.0130301759265 -0.0125152319135 -0.00786437247238
0.0126606371226 -0.0128623136311 -0.00667146905171
0.0123803423036 -0.0131719759301 -0.00538228333236
0.0120727850195 -0.0133416868778 -0.00393418733877
0.0116078050982 -0.0132361043873 -0.00219084940087
0.0115798672488 -0.0134264805421 -0.000626239318483
0.0119745186264 -0.0139694088942 0.000549153421785
0.0190715018845 -0.00153659382826 -0.0163917106941
0.0179483194978 -0.00279485545787 -0.0163322442374
0.017042995538 -0.00408379588768 -0.0162024744545
0.0162985215444 -0.00537093689449 -0.0159876326883
0.0156620021549 -0.00662208277497 -0.01567749263
0.015085683866 -0.00780270014832 -0.0152639108402
0.0145472739696 -0.00889543857833 -0.0147429079416
0.0140407201151 -0.00989473812557 -0.0141132665054
0.0135796163154 -0.01081188985 -0.013377675979
0.0131375795116 -0.0116229034183 -0.0125290678102
0.0127367034602 -0.012346688221 -0.0115718707945
0.0123843555199 -0.0129901854472 -0.0105081368775
0.0120696717371 -0.0135428665806 -0.00933383252613
0.0117930777802 -0.014004472483 -0.00804757274648
0.0115667702921 -0.0143874588168 -0.006654640107
0.0113407642652 -0.0146358654388 -0.0051231226431
0.0109964661295 -0.0146023546811 -0.00334815646587
0.0106658949253 -0.0144213829736 -0.00138191098857
0.0108604520691 -0.0147507750103 0.000274023410142
0.0185078523139 -0.00141721284531 -0.0193189557973
0.0173500415129 -0.00284292202428 -0.0190934165363
0.0163744757075 -0.00424993751943 -0.018813359697
0.0154985512803 -0.00558933229702 -0.0184458619566
0.0147479790176 -0.00689064099298 -0.0179986209976
0.0140393943378 -0.00808821053837 -0.0174408723153
0.0134161115314 -0.00922247093705 -0.0167879403591
0.01289151121 -0.010311494944 -0.0160453616736
0.0124152678747 -0.011309285461 -0.0151946872272
0.0119720952152 -0.0121987770679 -0.0142293593834
0.0115732134617 -0.0129905369791 -0.0131531634735
0.0112384382577 -0.0137069612313 -0.0119747368546
0.0109567088487 -0.0143365307463 -0.0106893970202
0.0107273088491 -0.0148786035274 -0.00929702110345
0.0105372317707 -0.015316214133 -0.00778991423255
0.0103846429534 -0.0156451745102 -0.0061647579454
0.0101711950165 -0.0157229290016 -0.00434723634934
0.00983856078584 -0.015443905311 -0.00226431048939
0.00980073744692 -0.0154151588858 -0.000233918099202
0.0173167951428 -0.000853026918931 -0.0218498125743
0.0163315837898 -0.0025570588805 -0.0215923483459
0.0153830360001 -0.00413600289262 -0.0212166025749
0.0144470014992 -0.0055644126187 -0.0207086875925
0.0136150202406 -0.00691984315909 -0.0201194510629
0.0128549371418 -0.00817987344796 -0.0194305719041
0.0121880830169 -0.00937118774179 -0.0186540977808
0.0116388785086 -0.0105299886867 -0.0178040422141
0.0111723830445 -0.0116259195251 -0.0168613481542
0.0107357530661 -0.0125957401834 -0.0157952578564
0.0103474065737 -0.0134591537405 -0.0146161640251
0.0100245754083 -0.0142390453663 -0.0133342475504
0.0097548646692 -0.0149187093637 -0.0119419716295
0.00952388307871 -0.0154753190918 -0.0104298592276
0.00936651446724 -0.0159616103955 -0.0088198748149
0.00927429024407 -0.0163665023157 -0.00710706901429
0.00917616322278 -0.0165701439584 -0.00524183439884
0.00895292620267 -0.0163537586494 -0.00313254327964
0.00882403702979 -0.016088646246 -0.000928840289652
0.0157746398225 -5.91018093786e-05 -0.0238704180256
0.0150075507316 -0.00201813068873 -0.0237052499107
0.014164744214 -0.0037988168852 -0.0233283478241
0.0132792488459 -0.00538950043019 -0.0227617266699
0.0124325317191 -0.00684236050488 -0.0220674148756
0.0116427609807 -0.00817071660264 -0.0212598189379
0.0109347288355 -0.00940373290203 -0.0203591823483
0.0103440705169 -0.0105957364766 -0.0193946099223
0.00984430434932 -0.0117248794649 -0.0183455580727
0.00940324283816 -0.0127498742827 -0.0171861910303
0.00904096611088 -0.0137025469923 -0.0159326988999
0.00873886952947 -0.0145552184065 -0.0145700564915
0.00848671671839 -0.015288690659 -0.0130905434983
0.00827431245714 -0.0158810493215 -0.0114868785322
0.00814111132849 -0.0164047649871 -0.00978972421777
0.00808379756203 -0.016856842959 -0.00799594761278
0.00807826504472 -0.017190578898 -0.00608808384276
0.007988318532 -0.0171211958253 -0.00397564873555
0.00790146230062 -0.0168230609736 -0.00172840435545
0.0146037531279 0.000502877884373 -0.0258918969709
0.013857558771 -0.00157775042692 -0.025741658325
0.0130040733218 -0.00346894223164 -0.0253183360752
0.0121039376853 -0.00516147838893 -0.0246711688486
0.01124591351 -0.00670936076202 -0.0238871383052
0.0104227465152 -0.00809104399357 -0.022957924753
0.00967115781825 -0.00934478709875 -0.0219237166154
0.00902970224073 -0.0105334636473 -0.0208282249214
0.00849622303135 -0.0116719715733 -0.0196710558208
0.00805520065632 -0.0127488941847 -0.0184358557574
0.00770898257985 -0.0137793009352 -0.0171242808909
0.00741301341489 -0.0146790646554 -0.0156890257555
0.00716413189485 -0.0154351602522 -0.014128620942
0.00698649723216 -0.0160980569442 -0.012468616738
0.00688637400775 -0.0166846321312 -0.0107143093873
0.00685542755173 -0.017177456179 -0.0088576200718
0.006895990137 -0.0175831324032 -0.00689995218892
0.00692552292707 -0.0176966398923 -0.00478831731454
0.00693931515145 -0.0175088554012 -0.00254200755779
0.013507658345 0.00103809369019 -0.0278321805786
0.0127043863333 -0.0011069319965 -0.027640537863
0.011834848021 -0.00309864409036 -0.0271858325678
0.0109211375592 -0.00489123350804 -0.0264751981628
0.0100275626255 -0.00650221504888 -0.0255819222319
0.00917029227121 -0.00792277347912 -0.0245239679923
0.00839470854123 -0.0092057054443 -0.02336680902
0.00771479622936 -0.0103820476039 -0.022135563905
0.00715358049799 -0.0115152298165 -0.0208689233268
0.00670623854254 -0.0126238905917 -0.0195622688038
0.00636011861917 -0.0137024103412 -0.0181963556374
0.00608955216266 -0.0146983894171 -0.0167322659392
0.00585633213976 -0.0155051967452 -0.0151194111366
0.0056833666791 -0.0161769499003 -0.0133938401157
0.00560339177321 -0.016811389033 -0.0115950272011
0.00560098429705 -0.0173673715027 -0.00970117920932
0.00567051163227 -0.0178285703746 -0.00770528815007
0.00577390488952 -0.0180789004725 -0.00558322335943
0.00587065612312 -0.018005220279 -0.00333474015131
0.012247737419 0.00168976810782 -0.0294448546405
0.0114040954897 -0.000498761848905 -0.0292283688868
0.0105363081732 -0.00257872453691 -0.0287837952563
0.00964986131413 -0.00449727280812 -0.0280915159017
0.00875196868025 -0.00619698500321 -0.0271375790254
0.00787407938745 -0.00765915431996 -0.0259600847372
0.00707665037461 -0.00895309872394 -0.0246692790428
0.00638110397483 -0.0101280146297 -0.0233153846425
0.00581192066526 -0.0112720325639 -0.0219591614534
0.00536147430618 -0.0124112361527 -0.0205932553155
0.00501251351588 -0.0135311598979 -0.0191838098847
0.00474832403442 -0.0145954430461 -0.0176939097082
0.00454309422168 -0.0155125280188 -0.0160723246489
0.00438100696628 -0.0162097798424 -0.0142990933436
0.00430052859152 -0.0168326579354 -0.012446477275
0.00431267373684 -0.0174315721521 -0.0105242608816
0.00440505182263 -0.0179579230189 -0.00850791139352
0.00455302846333 -0.0183139369124 -0.00637620050703
0.00470782797125 -0.0183285973795 -0.00412403767683
0.0108421764893 0.00243875030127 -0.0306768187291
0.0100099781481 0.000208185461258 -0.0305209598202
0.00915413287542 -0.00194496306518 -0.0301312840474
0.0082761964745 -0.00395360927073 -0.0294636724285
0.00738410967233 -0.00573980838155 -0.0284850259144
0.00652397100736 -0.00729260999544 -0.0272660625354
0.00572455203863 -0.00861393013561 -0.025862856625
0.00503079015984 -0.00980304787412 -0.0244039854168
0.00446197518572 -0.0109626609065 -0.0229684474993
0.00401245298975 -0.0121434094047 -0.0215610193184
0.00366035709296 -0.0133118514608 -0.0201227127214
0.00339196432608 -0.0144285274957 -0.0186094162044
0.00319978817275 -0.0154574440017 -0.0169930771414
0.00305678589867 -0.0162333529443 -0.015202733795
0.00297562519561 -0.016818365207 -0.0132924587851
0.00298981822043 -0.0174178023397 -0.0113386321817
0.00309426910848 -0.0180005613914 -0.00931113047395
0.00327503557502 -0.018480992421 -0.0071805054505
0.00347134069501 -0.0185636413992 -0.00492508850891
0.00938896863998 0.00322740868214 -0.0316370743693
0.00854929841895 0.000994264810534 -0.0315253918025
0.0076982407404 -0.00120157048245 -0.0312097086268
0.00682270073959 -0.00327531424902 -0.0305875781199
0.00593792214233 -0.00513616250475 -0.0296135783619
0.00509143791212 -0.00676051869705 -0.0283648192167
0.00431507232426 -0.00814940539671 -0.0269152441493
0.00363901205353 -0.00937742594692 -0.025386695466
0.00307854359279 -0.0105616179356 -0.0238883460738
0.00262705821565 -0.0117686170168 -0.0224390137771
0.00226630501715 -0.0129623010826 -0.0209695690184
0.00198792379783 -0.0141124475129 -0.0194367879204
0.00178990365627 -0.0152082911414 -0.0178216750751
0.00166184559006 -0.0161184610908 -0.0160569720046
0.00159955037257 -0.0167806853878 -0.0141410095913
0.00161664259667 -0.0173660081125 -0.01215619208
0.00172337687466 -0.0179791700008 -0.0101192153769
0.00191146758821 -0.0185128367288 -0.00798681119894
0.00215154966316 -0.0187474142794 -0.00574173815353
0.00792051302436 0.00404037741448 -0.0323925597349
0.00705449127387 0.00183529971955 -0.0322909592709
0.00618903585316 -0.000365027069057 -0.0320309970689
0.00530307478801 -0.00246780632944 -0.0314478917948
0.00442590236819 -0.00439194343465 -0.0305155382166
0.00359567600036 -0.00608770098439 -0.0292766640576
0.00284747402604 -0.00757005165051 -0.0278428278992
0.00219272010832 -0.00883477972843 -0.0262551166654
0.00164434968447 -0.0100300220785 -0.0246918708851
0.0011920993856 -0.0112303727639 -0.0231863154644
0.000823726715299 -0.0124125328239 -0.0216756583914
0.000534272724467 -0.0135770231331 -0.020132614574
0.000322339702 -0.0147035280151 -0.0185233436405
0.000189092698713 -0.0157382818548 -0.0168082246828
0.00013576440909 -0.016540172024 -0.0149337290996
0.000161291143031 -0.0172044915488 -0.0129616763461
0.000267725779898 -0.0178692859728 -0.0109310080427
0.000455074274894 -0.0184328142609 -0.00880394765638
0.000719983476493 -0.0188407369441 -0.00657807232973
0.00645514322255 0.00487480013746 -0.0330343855994
0.00555358602445 0.00270884268584 -0.03292613361
0.00465626143709 0.000527737145865 -0.032696822615
0.00374423315362 -0.00157034903292 -0.0321146168444
0.00285946030632 -0.0035130207301 -0.031185461363
0.00204060102362 -0.00526297345767 -0.0299761123301
0.00131178906619 -0.00681879232572 -0.0285727252232
0.000682733301389 -0.00817725449935 -0.0270201552254
0.000154004209195 -0.00937660034152 -0.0253922209159
-0.000288345213902 -0.0105423994702 -0.0238128635741
-0.000654981025186 -0.0116928683391 -0.0222578368959
-0.000953465326711 -0.0128545572716 -0.0207113282188
-0.0011846086012 -0.014023486787 -0.0191362788199
-0.00133973598874 -0.0151300959862 -0.0174698788526
-0.0014053143147 -0.0160506180119 -0.0156550149009
-0.00138483728248 -0.0168093386036 -0.0137243449517
-0.00128740495975 -0.0175247901697 -0.0117220353935
-0.00110740893985 -0.0181364676383 -0.00962547190207
-0.000844497839117 -0.018617035341 -0.00743440601641
0.00497964646186 0.00574665150115 -0.03362343455
0.00402751368775 0.00362788645021 -0.0334519337828
0.00308431613999 0.00148891494616 -0.0332004026014
0.00214584241441 -0.00059898929732 -0.0326449650107
0.00124968776243 -0.00255154926414 -0.0317299523792
0.000435235592533 -0.0043099017502 -0.0304945018803
-0.000277596574562 -0.0058851072275 -0.0290745886888
-0.00089168587327 -0.00732520437646 -0.027586455867
-0.00140429848863 -0.00860302362006 -0.0260005208592
-0.00182890203478 -0.00977275864483 -0.0243879497667
-0.00218065465149 -0.0108843749798 -0.0227830325321
-0.00247902370111 -0.0120125931262 -0.0212182496624
-0.00273235878982 -0.013196702086 -0.0196769660721
-0.00291665721022 -0.0143383440958 -0.0180606717883
-0.00300543420146 -0.0153155569944 -0.0163037755347
-0.00300468582108 -0.0161522352301 -0.0144361688233
-0.00292979401371 -0.0169397283559 -0.0124944257479
-0.00277201111508 -0.0176389620015 -0.0104599691675
-0.00251753113776 -0.0181154085387 -0.00832046245405
0.00345700099685 0.00668183368455 -0.0341608222801
0.00245316847012 0.00460828293814 -0.0338888569457
0.00146136155771 0.00252781337603 -0.0335357721881
0.000493111246838 0.000476501748379 -0.0329701233979
-0.000418787075537 -0.00148154872852 -0.0321129157806
-0.0012281158338 -0.00325245229348 -0.030886024116
-0.00192018215812 -0.0048340263866 -0.029443392185
-0.00251877663624 -0.00629935629468 -0.0279693621228
-0.00303190249701 -0.00766139475334 -0.026469654852
-0.00345339388508 -0.0088963908303 -0.0249059563245
-0.00378876235697 -0.0100122734727 -0.0232906673224
-0.00407461659274 -0.01110536313 -0.021704308106
-0.00433164851729 -0.0122397726898 -0.0201594945495
-0.00453346091109 -0.0133516205899 -0.0185728738488
-0.00465642297514 -0.0143775417299 -0.0168945297364
-0.00468227247483 -0.0152570324263 -0.0151017215785
-0.00463804344694 -0.0160838626852 -0.0132391079428
-0.00453091007432 -0.0169086773887 -0.0113067291746
-0.00430631773462 -0.0174933283859 -0.00925377072853
0.00184436400035 0.00769966514965 -0.0345493369977
0.000800908752112 0.00567105407325 -0.0342274105284
-0.00022142091898 0.00365402727923 -0.0336816140072
-0.00121134650949 0.00165977998201 -0.0330703907804
-0.00213202902631 -0.000259590499855 -0.0322056124693
-0.00293760889494 -0.00203360750561 -0.0310305831793
-0.00362451740851 -0.00365264339499 -0.0296694301553
-0.00420800739316 -0.00513628928768 -0.0282216782283
-0.00471495995464 -0.00652586690842 -0.0267634657336
-0.00515245444123 -0.0078327525768 -0.0252920048769
-0.00548478037464 -0.00899057704643 -0.0237215956108
-0.00575586599092 -0.010075521961 -0.022142604087
-0.00600027766007 -0.0111584904806 -0.0205961331333
-0.00620379655186 -0.0122218226227 -0.0190358680163
-0.0063385244129 -0.0132144465607 -0.0174116107282
-0.00639959843241 -0.014128162195 -0.0157163635981
-0.00639339869125 -0.0149828735002 -0.0139559315013
-0.00633822968577 -0.0158421503791 -0.01213966666
-0.00619848503953 -0.0166248815362 -0.0102297647148
0.000127228736223 0.00879823535719 -0.0346777119453
-0.00096320227827 0.00683887303945 -0.0345016138696
-0.00197861202752 0.00486934131506 -0.0336927751254
-0.00296303124335 0.00294687873083 -0.0329487018771
-0.00387551273197 0.00108700739513 -0.0320487122771
-0.00466619046439 -0.000657445982888 -0.030900100373
-0.00533588498269 -0.00226943919437 -0.0295899490781
-0.0059027043632 -0.00375719140324 -0.0281979745552
-0.00640777426983 -0.00516273878783 -0.0268131699007
-0.00685879652523 -0.00649901308588 -0.0254302940451
-0.00722645394078 -0.00773207330333 -0.0239877968778
-0.00749523200983 -0.00883756540047 -0.0224662127688
-0.00772386038905 -0.00989345205051 -0.0209494894043
-0.0079260014713 -0.0109270758744 -0.0194398231363
-0.00807746539201 -0.011910142082 -0.0178960724713
-0.0081634945074 -0.0128227333725 -0.0162982783157
-0.00819108197042 -0.0136806569773 -0.0146508082774
-0.00818387076609 -0.0145396576105 -0.0129653162969
-0.00813195883354 -0.0154027537541 -0.0112206441931
-0.00167554886396 0.00995435491407 -0.0344491476421
-0.00284583232092 0.0081217398452 -0.0345014647028
-0.00384075047963 0.00619089744345 -0.0335970458477
-0.00475491586319 0.00433495471091 -0.0325971860797
-0.0056389237891 0.00254450775628 -0.031657550423
-0.00640343017016 0.00084676593398 -0.0305342569878
-0.0070348068886 -0.000730723840181 -0.0292515880547
-0.0075761194305 -0.00220133283006 -0.0279214928256
-0.00808623910919 -0.00360813604197 -0.0266366225784
-0.00857378092308 -0.00496855684934 -0.0253849291269
-0.00896423454255 -0.00622410219418 -0.0240501519804
-0.00923536173987 -0.0073463750635 -0.0226158642103
-0.00946130380107 -0.00840244233987 -0.0211767351236
-0.00966586105205 -0.00942281182215 -0.01974875326
-0.00983190297955 -0.0103959150863 -0.0183042250485
-0.00994279360894 -0.011306077598 -0.0168228688905
-0.0100024635906 -0.0121611692764 -0.0153054128694
-0.0100316642959 -0.0129967586315 -0.0137622302709
-0.0100573613762 -0.0138712548311 -0.0121990797051
-0.00349648000995 0.0111068136365 -0.0337186265586
-0.00469796981518 0.00942832071491 -0.033740507535
-0.00570581903618 0.00760645092825 -0.0330097284188
-0.00656725402206 0.00581768089999 -0.0319888381755
-0.00739304343328 0.00410409805509 -0.031002681055
-0.0080757570548 0.00247737559923 -0.0298385924298
-0.0086361799155 0.000955898638598 -0.028574181771
-0.00915057667663 -0.000480297035594 -0.0273356834277
-0.00966675485452 -0.00186284894619 -0.0261687872522
-0.0101971457679 -0.0032141422183 -0.0250628719536
-0.010634866514 -0.00448126615696 -0.0238793173362
-0.0109340071562 -0.00562544202617 -0.0225810521071
-0.0111523639996 -0.006675822164 -0.0212395084239
-0.0113403215184 -0.00766951756805 -0.0199014696949
-0.0114959851338 -0.00860963846987 -0.0185590541789
-0.0116240737702 -0.0095048673008 -0.0172106768599
-0.0117465192837 -0.0103833476976 -0.0158666286771
-0.0118415919611 -0.0112326534365 -0.0145044200831
-0.0119158184092 -0.0120693552716 -0.0131230342705
-0.00528963329582 0.0122394981856 -0.0326285166678
-0.00650187071287 0.010736327751 -0.0326079614378
-0.00760288464391 0.00909802434377 -0.0321789761447
-0.00843799013975 0.00739253168096 -0.0312274310977
-0.00910734823113 0.00574350353196 -0.0300852224598
-0.00961909139251 0.00418685721908 -0.028814900701
-0.00996367562774 0.00274605959517 -0.0274323310315
-0.0103675359255 0.0013910967497 -0.0262228269781
-0.0108729922089 7.71068850166e-05 -0.0251864396484
-0.0113950998914 -0.00119904802745 -0.0241964910798
-0.0119415488217 -0.00245255875234 -0.02324664177
-0.0124529390451 -0.00366739812253 -0.0222733249513
-0.012803025841 -0.0047787631516 -0.0211716700526
-0.0130075729653 -0.00577721459857 -0.019971142295
-0.0131663201975 -0.00671017761846 -0.018757829245
-0.0132903015094 -0.00758541746164 -0.0175381168095
-0.0134024004469 -0.00842186709649 -0.0163253985013
-0.0135296180214 -0.00924728031527 -0.0151332361533
-0.013634399187 -0.0100406280711 -0.0139327129856
-0.00998825176478 0.0220557315967 0.00092194895143
-0.010986527621 0.0210316596845 0.0009635414973
-0.0118279122211 0.0199490032572 0.000991175141993
-0.0125722638678 0.0189058459704 0.00109592674892
-0.0132504584797 0.0179305736717 0.00131165770874
-0.0138766693009 0.0170236992744 0.00164547515898
-0.0144355364911 0.0161556774002 0.00207024979262
-0.0149213549721 0.0153147493813 0.00257422537653
-0.0153114859895 0.0144774785946 0.00313089165354
-0.0155905886131 0.0136322873767 0.0037257183461
-0.0157202356424 0.0127512626591 0.00432684377882
-0.0157257526655 0.0118599515382 0.00496245477588
-0.0156102034499 0.010962747496 0.00563800197771
-0.0153809800131 0.0100661052397 0.00636148350694
-0.0150371947446 0.0091695568771 0.00713376062877
-0.0145842094436 0.00827685183093 0.0079597803955
-0.01404620916 0.00740429936957 0.00885495045441
-0.0133999461183 0.00653520817831 0.00980397240711
-0.0128611498188 0.00581877866874 0.0109162694929
-0.0116786286347 0.0234291556758 -0.00145088898871
-0.0126790533954 0.0220295232647 -0.00141423473362
-0.0135745703421 0.0207031023241 -0.00130098795192
-0.0143559231797 0.0194276182299 -0.00112256095066
-0.0150572088372 0.0182302005638 -0.000851089273304
-0.0157140670672 0.0171274358147 -0.00046220921265
-0.0163218496955 0.0160975860213 3.31241517517e-05
-0.0168173893753 0.0150837213078 0.000582181613811
-0.0172024053015 0.0140897214143 0.00118727116372
-0.0174658207947 0.013110404336 0.00184123795152
-0.017576005315 0.0121295545238 0.00252453596293
-0.0175437343305 0.0111573467131 0.00324747507321
-0.0174120880563 0.0102186686963 0.00403899963458
-0.0171895760187 0.00931643545372 0.0049035490493
-0.0168816998757 0.00845233854773 0.00584309180326
-0.0164835830251 0.00762299104255 0.00685357799888
-0.0159237945589 0.00679062675013 0.00789638920644
-0.0151547653487 0.00592792808109 0.00895108629259
-0.0141883952587 0.00503580662499 0.0100302300829
-0.0129330675023 0.0241036808974 -0.00430356772248
-0.0141289902073 0.0226576645581 -0.00407767618632
-0.0151554016786 0.0211917383766 -0.00382156393232
-0.0160076688738 0.0197284185425 -0.00353318275263
-0.016726715413 0.0183184408488 -0.00318556232675
-0.0174023650835 0.0170242650472 -0.00272857149395
-0.0179721808454 0.0157863523134 -0.00219991458112
-0.0184441794836 0.0146064684117 -0.00159571524604
-0.0187790090445 0.0134618150548 -0.000936951535809
-0.0190003009124 0.0123658558861 -0.000210949606383
-0.0191050793949 0.0113162105127 0.000580653621799
-0.0190719855851 0.0103034862235 0.00142748188693
-0.0189218667682 0.0093356496217 0.0023398995298
-0.0186872617369 0.00842338996685 0.00333328759227
-0.0183738801217 0.00756687450938 0.00440975722621
-0.0179701619558 0.00676078250758 0.00556342831561
-0.0174763516905 0.00600516592977 0.00679420666187
-0.0167618480615 0.00524704528682 0.00804140536655
-0.0156923103372 0.00441986821495 0.00924371887316
-0.0134735166879 0.0239039823852 -0.00735478686098
-0.0149897915016 0.0226424749627 -0.00696765830612
-0.0162407820948 0.0211869166695 -0.00657124927771
-0.0172135427363 0.0196232230531 -0.00616317069809
-0.0180019796765 0.0180817530226 -0.00570567465155
-0.0186639335948 0.0166143291067 -0.00517763077015
-0.019207545454 0.0152237500521 -0.00457648779528
-0.0196302150741 0.0139058673662 -0.00390360503462
-0.0199527901276 0.0126661997861 -0.00315214813507
-0.0201551317165 0.0114933957584 -0.00232959621652
-0.0202355280891 0.0103851572748 -0.00143699872769
-0.0202081789249 0.00934359948668 -0.000469601596646
-0.0200829759635 0.00836868060992 0.000575840359907
-0.0198388651141 0.00745256845683 0.0016913213197
-0.0194733274209 0.00659278254073 0.00287534533616
-0.0190577306238 0.00580589706156 0.00415560647972
-0.0185777803298 0.00508856238371 0.00552799595179
-0.0179675902277 0.00442312577195 0.00696616435106
-0.0170131774676 0.00373683260077 0.00837570585166
-0.0137333057806 0.0235195267994 -0.010125544307
-0.0153790203553 0.0222524825927 -0.00974172814186
-0.0168720570092 0.0208575782885 -0.00928429932944
-0.0180735512177 0.0193040164368 -0.00877615803835
-0.0189657181359 0.0176744621957 -0.00822177226419
-0.0196373490069 0.0160779148749 -0.00760744755595
-0.020136939973 0.0145574781872 -0.00692616900311
-0.0204897063285 0.0131272499241 -0.00617466097563
-0.0207501653259 0.0118004257884 -0.00534263625
-0.0209277725195 0.0105700676019 -0.00442787637775
-0.0210032531589 0.00942472299239 -0.00343457249858
-0.020983640022 0.00836124035335 -0.00236097786623
-0.0209033264904 0.00738123968577 -0.0011973024333
-0.0206904458628 0.00647056003472 3.75306575447e-05
-0.0203121737474 0.00562281729971 0.00133157775651
-0.0198608257288 0.00484974734995 0.00271200207751
-0.0193763417162 0.00415764096473 0.00419500697558
-0.0188058052743 0.00353936381695 0.00576550031243
-0.0179699225736 0.00295385235379 0.00735159832401
-0.0142027329507 0.0235004062186 -0.0126063747933
-0.0159925041851 0.022179968039 -0.0122575315275
-0.0175771788209 0.0206604478428 -0.0118112224947
-0.0187892107119 0.0189404057416 -0.0112746212829
-0.0197291998871 0.0171946642705 -0.0106543155577
-0.0203811750255 0.0154743715097 -0.0099581247458
-0.0208272250562 0.0138460422096 -0.00918854254365
-0.0211082874534 0.0123299472586 -0.00834710138497
-0.0212754586454 0.0109338291715 -0.00743180673877
-0.0213883877734 0.00965619746455 -0.00643612546109
-0.0214659462437 0.00848500356947 -0.00535454231931
-0.0214889431645 0.00740768744373 -0.00418623087761
-0.02143566486 0.00641697188437 -0.00293196535781
-0.0212483533704 0.00550682081074 -0.00160232122049
-0.0209114290616 0.00467497508864 -0.000203244273615
-0.0204658913094 0.00392182492638 0.00127257868778
-0.0199816099383 0.00325159092217 0.00284625916619
-0.0194289496607 0.00266389208872 0.00451407787762
-0.0186720786928 0.00214075323371 0.00622843605008
-0.0146784636401 0.0235446676809 -0.014980155447
-0.0164319530612 0.0219981457154 -0.0146638782279
-0.0180037978792 0.0203032664261 -0.014228093781
-0.0192796836154 0.0184828835267 -0.0136662121285
-0.0201770875413 0.0166025300947 -0.0129839019995
-0.0208265902763 0.0147947637132 -0.0122070557241
-0.0212351226187 0.0130910800681 -0.0113451669504
-0.02145064538 0.0115164421718 -0.0104082677147
-0.0215817171842 0.0100836273105 -0.00940186519373
-0.0216699354824 0.00877914561745 -0.00832338596255
-0.0217541314317 0.00758750129101 -0.00716620711492
-0.0218253103134 0.00649409970505 -0.00592301826554
-0.0218290656571 0.00549146698888 -0.00459251396082
-0.0216600589552 0.00457906331721 -0.00318696795744
-0.0213122573795 0.00375643917961 -0.00171396525795
-0.020879686701 0.00301986677856 -0.000160749263351
-0.0204324738065 0.00236872701244 0.00149269190677
-0.0198872511523 0.00180393112545 0.00323193397855
-0.0192086976236 0.00132319251737 0.00504567794703
-0.0148294677858 0.0232905078979 -0.0172166438659
-0.0165799538966 0.0216152763314 -0.0169251113541
-0.0181332846764 0.0197927019487 -0.0164903400693
-0.0194370227714 0.0178888118496 -0.0159113982198
-0.0203941043134 0.0159515454281 -0.0151826369227
-0.0210062791236 0.0140672286862 -0.0143251542009
-0.0213693126563 0.0123093322774 -0.0133720280069
-0.0215397098086 0.0107008915968 -0.0123413299509
-0.0216609900805 0.00924787485716 -0.0112519996348
-0.0217710045827 0.00792783038966 -0.0101013714405
-0.0218814380153 0.00671971044203 -0.0088813009948
-0.0219712497256 0.00560992748169 -0.00758237169858
-0.0220019584058 0.00459375747909 -0.00619818822927
-0.0219010122261 0.00367481456059 -0.00473010095336
-0.0215850025136 0.00285952254675 -0.00319144290676
-0.0211416224621 0.00213848951976 -0.00158126172328
-0.0207121087495 0.00150039823031 0.00012675690344
-0.0202218428461 0.000952672317823 0.00192913586996
-0.019594125119 0.000498518222424 0.00380835822023
-0.0146422884153 0.0227464795974 -0.0192412439061
-0.0163328183147 0.0209686135844 -0.0189545235602
-0.017945293665 0.0191317985336 -0.0185525851688
-0.0193066286808 0.0171979719303 -0.0179790114128
-0.0202675641991 0.0152121169865 -0.0172077225323
-0.0208870271342 0.0132942814276 -0.0162856464364
-0.021255302686 0.0115132724774 -0.015256755364
-0.0214190057966 0.00989031308833 -0.014144114896
-0.0215327051995 0.00842658848653 -0.0129823114161
-0.0216631455089 0.0070958535162 -0.0117743615076
-0.0218165520101 0.00587340048748 -0.0105085026395
-0.0219518088968 0.00474735883883 -0.00916924927997
-0.0220015748478 0.00371928827504 -0.00774616753255
-0.0219630544248 0.00278862818629 -0.00623696689626
-0.0217514322725 0.00196711495344 -0.00464550166064
-0.0213563211122 0.00125500637917 -0.00298229225356
-0.0209053778878 0.000632755538633 -0.00123841579746
-0.020449460878 9.61131124999e-05 0.000603621467601
-0.0198977824883 -0.000342042086606 0.0025348308834
-0.0142988219525 0.0221007050771 -0.0210947632204
-0.0159064265508 0.0202354222765 -0.0207910584018
-0.0175491302547 0.0183919004532 -0.0204271388618
-0.0189320755187 0.0164364319553 -0.0198618804625
-0.0199130414218 0.0144316009959 -0.0190642104737
-0.0205374046206 0.0124977265012 -0.0180879521331
-0.0209310151804 0.0107093913387 -0.0170015914035
-0.0211289737905 0.00908286729731 -0.0158283537888
-0.021237559269 0.00761514097637 -0.014603122204
-0.0213348173736 0.00628257170547 -0.013339890653
-0.0214910982262 0.00505408917844 -0.0120396441165
-0.0216574428187 0.0039166781567 -0.0106780892876
-0.0217778338786 0.00287114399442 -0.0092374870518
-0.0218464047914 0.00191674605853 -0.00771033325323
-0.0217472867956 0.0010766706443 -0.00609094088766
-0.021463604589 0.000355412915886 -0.00438935400397
-0.0210811748775 -0.000264491517018 -0.00260834797869
-0.0206366275734 -0.000789623076857 -0.000741708028135
-0.0201352739701 -0.00121818081202 0.00121861097588
-0.0138049650462 0.0213544954756 -0.0227862778786
-0.0154310918528 0.019501983028 -0.0225205684283
-0.0170467540636 0.0176232256097 -0.0221695467294
-0.0184170108353 0.0156432036725 -0.0216027279046
-0.0194216555427 0.0136310659251 -0.0207901753689
-0.0200381210414 0.0116881190494 -0.0197615895283
-0.0204418392054 0.00989786815495 -0.0186237649883
-0.0206926176861 0.00827153395134 -0.0174105266824
-0.0208452400262 0.00680056353707 -0.0161443728522
-0.0209319367252 0.00546787618659 -0.0148331906143
-0.0210115280284 0.00424893976922 -0.0134864263516
-0.0211113313983 0.00312187561601 -0.0120979090487
-0.0212415363528 0.00207185888344 -0.0106543693245
-0.0214049049805 0.0010911344494 -0.00913881504094
-0.0215113784763 0.00020050887347 -0.00752804381902
-0.021371088392 -0.000550104106056 -0.00581572747097
-0.0210686806445 -0.00117995439291 -0.00401909062107
-0.0207540396683 -0.00172301930828 -0.00213029496799
-0.0203253635905 -0.0021534486691 -0.000151619581469
-0.013165809354 0.0205089470046 -0.0243243739104
-0.014884183436 0.01874050777 -0.024170012581
-0.0164169581058 0.0168061383804 -0.0237909637058
-0.0177648954775 0.0148120269277 -0.0232201001273
-0.0187568067579 0.0127951572485 -0.0223822044069
-0.0193817294556 0.0108575510712 -0.021316346267
-0.0198135498371 0.00907326785561 -0.0201445358295
-0.0200882298914 0.00745072800514 -0.0188937769687
-0.0202981015027 0.00597767263023 -0.017606019646
-0.0204343658914 0.00463959625328 -0.016273168243
-0.0204793467268 0.00342891646371 -0.0148868890252
-0.0205307018494 0.00231427714613 -0.013471291046
-0.0206384927912 0.00126905672071 -0.0120234638741
-0.0208059218939 0.000281742552937 -0.0105232297959
-0.0209882842123 -0.000638728865653 -0.00894309240518
-0.0209920405884 -0.0014328812903 -0.00725500387552
-0.0207962438039 -0.00209084945759 -0.00547104139909
-0.0205909618349 -0.00266520259006 -0.00359548008975
-0.0203437338819 -0.00314067185896 -0.00161459385447
-0.0124897842846 0.0196581314452 -0.0258202737557
-0.0142252183848 0.0179171444865 -0.0257400786509
-0.015661878461 0.0159360567727 -0.025310979338
-0.0169611062735 0.0139326744783 -0.0247193739052
-0.0179224820621 0.0119213283963 -0.0238492426647
-0.018532172545 0.00999865266989 -0.0227406133818
-0.0189669637462 0.00823072246661 -0.0215340947647
-0.019301942189 0.00661822866571 -0.0202776000895
-0.0195683078264 0.00514656116414 -0.0189841977491
-0.0197695519126 0.00380225196211 -0.017650808743
-0.0198586080503 0.00258669486291 -0.0162560769066
-0.0199075710677 0.00147624908371 -0.0148257679583
-0.0200127440538 0.000432112324193 -0.0133790241408
-0.0201696183929 -0.000556362294969 -0.0118942367868
-0.0203099119631 -0.0014719794218 -0.01033898248
-0.0203673564222 -0.00229114439091 -0.00869359836185
-0.0202944038399 -0.00299418437428 -0.00695271448342
-0.0201884661743 -0.00361101306279 -0.00512127700557
-0.0200593850582 -0.00413910532896 -0.0031848963591
-0.0117391237346 0.0187633604843 -0.0272842506695
-0.0134396290802 0.0170195409017 -0.0272407710657
-0.01476462403 0.0150013477279 -0.0267334931763
-0.016001664588 0.0130005524053 -0.0261088798276
-0.0169604711229 0.0110129989405 -0.025230057181
-0.017583835114 0.00911429994348 -0.0241010516747
-0.017986871161 0.00736725334736 -0.0228409934435
-0.0183719910332 0.00576774143423 -0.0215874490596
-0.0186842742086 0.00430090265273 -0.0202968953645
-0.0189151570074 0.0029591249332 -0.0189613593275
-0.019086050315 0.00173005258235 -0.0175883763348
-0.0191753369219 0.000612988303092 -0.0161656615054
-0.0192805680036 -0.000429678635518 -0.0147254952456
-0.0194313940012 -0.00141883809738 -0.0132619979718
-0.0195590211079 -0.00233573544231 -0.0117396214319
-0.0195914301747 -0.0031528673784 -0.0101354919684
-0.0195779533052 -0.00388768102273 -0.00845666892895
-0.0195736982364 -0.00455993052286 -0.00669867626632
-0.0195545229017 -0.00515529027458 -0.00484095706847
-0.010849871775 0.017767091163 -0.0286780369311
-0.0125534447161 0.0160628989586 -0.0287283685551
-0.0137378697896 0.014005128429 -0.0280882833495
-0.0148608064326 0.012006514553 -0.0273752653996
-0.0158170514582 0.0100585093194 -0.0264981083543
-0.0164707137409 0.00819600520627 -0.0253721633812
-0.0168885434772 0.00647675053209 -0.0240922168542
-0.0172924287322 0.00489614350467 -0.0228323657977
-0.0176521563035 0.00343642241482 -0.021557884301
-0.0179283233133 0.00209525662813 -0.0202384407035
-0.0181534174861 0.000858609830147 -0.0188897234099
-0.0182948861397 -0.000269383661943 -0.0174917275822
-0.0184086001938 -0.00131225678964 -0.0160677234772
-0.0185449120714 -0.00229706538392 -0.0146283682794
-0.018679804416 -0.00322150356185 -0.0131512561151
-0.0187358656546 -0.00405476386737 -0.011604627473
-0.0187243619479 -0.00480073100802 -0.00999036519059
-0.0187406234882 -0.00550261564612 -0.00831956910259
-0.0188055705397 -0.00616916900285 -0.00657283830782
-0.00969158266857 0.0165550726348 -0.0298208930029
-0.0113494066179 0.0149126207368 -0.0299537172757
-0.0125651953724 0.0129387265257 -0.0293828357848
-0.0135460075875 0.0109518233442 -0.0285303254105
-0.0144507463522 0.00905244241384 -0.0276170903652
-0.0150916493022 0.00724186021822 -0.0264728140272
-0.0155717721378 0.00556330298736 -0.0252274183718
-0.0160033232941 0.00401054295019 -0.0239799048701
-0.0164275443581 0.00256052458623 -0.0227497080691
-0.0167895270571 0.00121213002278 -0.0214868030177
-0.0170754198996 -3.45579807346e-05 -0.0201795883195
-0.0172628210407 -0.00117286207391 -0.018815487878
-0.0173855992445 -0.00221581199584 -0.0174144262765
-0.0175077391818 -0.00319461635104 -0.0160033937385
-0.0176300570775 -0.00411716189948 -0.0145719947161
-0.0177146741062 -0.00497014854255 -0.0130966961429
-0.0177461076144 -0.00574739738863 -0.0115675337144
-0.0177725571251 -0.00647488520126 -0.00999253886309
-0.0178537715013 -0.00718723587402 -0.00836998599185
-0.00833412608709 0.0151887446592 -0.0307672440693
-0.00986140615367 0.0135932964299 -0.0308952713965
-0.0111387485111 0.0117587290222 -0.0304942549103
-0.0120565507023 0.00983554561149 -0.0295816084258
-0.0128576860694 0.00799585655189 -0.0285716466243
-0.0134639049147 0.00625541768953 -0.027396698044
-0.0139827061502 0.00463413829931 -0.0261897733669
-0.0144584659869 0.00312060155902 -0.0249877415822
-0.0149538570661 0.00168786522407 -0.0238311423881
-0.0154260147951 0.000330009568458 -0.0226687932444
-0.0157686800461 -0.000922446296493 -0.0214190760445
-0.0159949763726 -0.00206628072225 -0.0201001667749
-0.0161533184309 -0.0031181442106 -0.0187473254756
-0.0162869707358 -0.00410029363009 -0.0173833591452
-0.0163934242824 -0.00501682801983 -0.0160008340341
-0.0164786204762 -0.00587530045637 -0.0145970112894
-0.016535405125 -0.00667571283594 -0.0131628509588
-0.0165818478788 -0.00743224568922 -0.0116993982579
-0.0166820016684 -0.00819025935181 -0.0102170019569
-0.0068525311326 0.0137349323353 -0.0316437361293
-0.00819366517726 0.0121689910582 -0.031663992297
-0.00945739968072 0.0104674665004 -0.0313890061887
-0.0103713578054 0.00865264163829 -0.0305103224666
-0.0110615873611 0.00689182816189 -0.0293751349425
-0.01160280521 0.00523832623161 -0.0281361187054
-0.012054271767 0.00370121784298 -0.0268762760443
-0.0124447858646 0.00227262876322 -0.0256216455955
-0.0129378504515 0.000901364543104 -0.0245159058435
-0.0135300673481 -0.000446316148511 -0.0235175622531
-0.0140382385218 -0.00172631434092 -0.0224502251318
-0.0143776286841 -0.00289585260823 -0.0212569003938
-0.0145966026327 -0.00396184072059 -0.0199890113978
-0.0147836331179 -0.00496306285408 -0.0187124630837
-0.0149311602234 -0.00589914347552 -0.0174184997457
-0.0150305015176 -0.00676712677569 -0.016099571681
-0.0150996207962 -0.00758010300296 -0.0147638044212
-0.0151564708951 -0.00835412736635 -0.0134165541066
-0.0152377405972 -0.00912258574474 -0.0120683956862
-0.00528963329582 0.0122394981856 -0.0326285166678
-0.00650187071287 0.010736327751 -0.0326079614378
-0.00760288464391 0.00909802434377 -0.0321789761447
-0.00843799013975 0.00739253168096 -0.0312274310977
-0.00910734823113 0.00574350353196 -0.0300852224598
-0.00961909139251 0.00418685721908 -0.028814900701
-0.00996367562774 0.00274605959517 -0.0274323310315
-0.0103675359255 0.0013910967497 -0.0262228269781
-0.0108729922089 7.71068850166e-05 -0.0251864396484
-0.0113950998914 -0.00119904802745 -0.0241964910798
-0.0119415488217 -0.00245255875234 -0.02324664177
-0.0124529390451 -0.00366739812253 -0.0222733249513
-0.012803025841 -0.0047787631516 -0.0211716700526
-0.0130075729653 -0.00577721459857 -0.019971142295
-0.0131663201975 -0.00671017761846 -0.018757829245
-0.0132903015094 -0.00758541746164 -0.0175381168095
-0.0134024004469 -0.00842186709649 -0.0163253985013
-0.0135296180214 -0.00924728031527 -0.0151332361533
-0.013634399187 -0.0100406280711 -0.0139327129856
0.00114641062643 -0.0185914156675 0.00704197750556
-0.00030508501658 -0.0177687076718 0.00902067555426
-0.00180380149473 -0.016776913083 0.0106175626454
-0.00336162309391 -0.0156870897479 0.0118442001196
-0.00498974780405 -0.014538292046 0.0127238796598
-0.0066968254961 -0.013333918015 0.0132670280891
-0.00846565518103 -0.0120265860321 0.0134420838689
-0.0102803177301 -0.0106044602907 0.013236195415
-0.0121447416243 -0.00908842220494 0.0126650007454
0.0010300943725 -0.0186859987574 0.00648252602078
-0.000654538541992 -0.0179244465082 0.00819991368495
-0.00233763734233 -0.0170693745211 0.00964142063939
-0.00401834221484 -0.0161002672361 0.0108037092434
-0.00567273492226 -0.0149510211566 0.0116519578066
-0.00734623099146 -0.0137432345954 0.0122487789874
-0.00898677878024 -0.0123628258051 0.0125286348825
-0.0106069411169 -0.0108543701338 0.0125143385605
-0.0122714760747 -0.0092812483356 0.0122584671383
0.000772269092553 -0.0187991787306 0.00588076650622
-0.00108707590856 -0.0180863320447 0.00736715181009
-0.00290122397814 -0.0173331860196 0.00866321021871
-0.0046817799858 -0.0165005800799 0.00977006847847
-0.00636674774374 -0.0153913455807 0.0106096256132
-0.00799670077947 -0.014152482144 0.0112359388827
-0.00953106294326 -0.0127158968773 0.0116107393996
-0.0109841091763 -0.0111301135399 0.0117532224137
-0.0124625791719 -0.00949505039901 0.011746420962
0.000381718784495 -0.0189207067368 0.00523779292689
-0.00160075679777 -0.0182806160933 0.00652556112005
-0.003501035443 -0.0175995298934 0.00768336265809
-0.00532429906145 -0.0167994018942 0.00869750063549
-0.00702063318193 -0.0157310244817 0.00951913785327
-0.00862705180058 -0.0145167038024 0.0101881247926
-0.0100783661607 -0.0130520906322 0.0106524649558
-0.0114091593667 -0.0114260682473 0.0109425092685
-0.0127181828498 -0.0097290185106 0.0111309678089
-0.000140207285099 -0.0190492633319 0.00455212665603
-0.00219319065647 -0.0184954625094 0.0056641472425
-0.0041266093201 -0.0178199447649 0.00667784168168
-0.00593155921545 -0.0169570999505 0.00757803754181
-0.00761013248552 -0.0159185414541 0.00836772895391
-0.00921262658568 -0.0147903084857 0.00908144696614
-0.010591233435 -0.0133174781708 0.00961878325158
-0.0118603828454 -0.0117165034407 0.010057678513
-0.0130375170782 -0.00998195998245 0.0104101878028
-0.000790937920968 -0.0191238375653 0.00380615086256
-0.00285014984612 -0.0186291672989 0.00475302339325
-0.00476464089214 -0.0179374045853 0.00563059853473
-0.00652300444447 -0.0170332655712 0.00643366394101
-0.00815118254649 -0.0159947102777 0.00717791441076
-0.00972788714667 -0.0149319572273 0.00790532245074
-0.0110771731027 -0.0135228045808 0.00851665662849
-0.0122847674133 -0.0119441531807 0.00905959849277
-0.0133927056298 -0.0102308129447 0.00956111150425
-0.00157039515104 -0.0191246930491 0.00299492885659
-0.00355998360412 -0.0186192962458 0.003782466996
-0.00541654927134 -0.0179576335268 0.00454562996245
-0.00711556022753 -0.0170695627942 0.00527091509889
-0.00866545536321 -0.0160060242977 0.00596305687434
-0.0101887556483 -0.0149721234771 0.00667727020767
-0.0115405706358 -0.0136736522503 0.00734840163704
-0.0126870575595 -0.0121151261753 0.00795569464847
-0.013758855295 -0.0104554235372 0.0085671786785
-0.00247421384585 -0.01903810434 0.0021197088074
-0.00432880116869 -0.0185142663646 0.00276746848421
-0.00607989349662 -0.0178753191752 0.00342429258907
-0.00767530032145 -0.0169782036785 0.00407049984855
-0.00915898991486 -0.015961285086 0.00472115539502
-0.0106455313092 -0.0149912868686 0.00542031808682
-0.0119960123018 -0.0137884090399 0.00611955235317
-0.013104839278 -0.012269191612 0.00676790485355
-0.0141427862008 -0.0106614341945 0.00743706162188
-0.00348973858293 -0.0188472391908 0.00118832235911
-0.00515667610548 -0.0183276429641 0.00171324839521
-0.00674986205162 -0.0176836441362 0.00226867537952
-0.00822814782463 -0.0168226017328 0.00284427841937
-0.00965375167264 -0.0158958429342 0.00345474574265
-0.0111022811722 -0.014990274229 0.00412805637898
-0.0124423513296 -0.0138640609691 0.0048261089302
-0.0135372766677 -0.0124050665535 0.00549163240686
-0.0145521942819 -0.0108549476674 0.00617989345683
