0.00614741757723 -0.0116040456118 0.00691216216034
-0.0083981946898 -0.00119428005633 0.0125942114471
0.0141097676358 -0.00132011766888 -0.0175921993856
-0.0119533711165 0.0178178172299 -0.00812309658054
0.0210241430344 0.00703290956758 0.0163204622101
0.00931381912207 0.0153190664191 0.0208801516681
0.0229457490991 0.00582877182286 0.0207740898213
0.0101358001388 0.0147715694051 0.0258553610996
0.024079683692 0.00510137438052 0.0249766684293
0.0110181688606 0.0140785256331 0.0301706024399
0.0247162176838 0.00477898077431 0.0289067664188
0.0125768637659 0.013077545416 0.0335819524339
0.0251282037086 0.00420137385529 0.0315074898284
0.0132637038962 0.0123248208812 0.0360553424312
0.0346038512094 0.0100720235358 0.0359440185032
0.0199648292764 0.0216417624764 0.0419259326047
0.025602278556 0.0018791097882 0.0453500558688
0.0187397056678 0.00800804161441 0.047835169878
0.0237626241265 0.00356652243931 0.0477959193869
0.0210345674327 0.006182199112 0.0487904314249
-0.00612070895275 0.00787958234783 -0.0292422893831
0.0170603334227 0.00204730955937 -0.0137025861167
-0.00717087652414 0.0207288001213 -0.00434615271874
0.0197861039937 0.00810260269216 0.0159681086738
0.0216064572919 0.00718805974404 0.0155281737461
0.02269744322 0.00688872014132 0.0169498428792
0.0208608948922 0.00748255445697 0.0178798883063
0.0101985177465 0.015045128496 0.0196838649065
0.00881106573154 0.0162803407548 0.0203174185946
0.00905612621533 0.0165053013167 0.0222251600359
0.0106031919684 0.0145827077538 0.0218122023823
0.0216130984181 0.00682753466918 0.0201912023419
0.0222196197348 0.00626873659794 0.0222655399373
0.0244718685167 0.00561602365542 0.0214964932566
0.0236615568205 0.00611609666055 0.0193706188355
0.0108910583161 0.0143684750538 0.0245286395401
0.0112419206271 0.0138198004032 0.0266659144747
0.00981981250858 0.0158827167816 0.0272228680476
0.00936370128993 0.0159185268002 0.025294940329
0.0227233093479 0.00572377086065 0.0246511782524
0.0231936827865 0.00523137682253 0.02645971851
0.0255872859935 0.0048568789659 0.0257275403365
0.0247757014648 0.00530264660094 0.0237690335476
0.0117053392667 0.01339443438 0.0287401427586
0.0120398921122 0.0128913018613 0.0307516732997
0.0109063897408 0.0149905451459 0.0313031635777
0.0107542145397 0.0151172813406 0.0293805824907
0.0239590790891 0.00497996486201 0.0291898188824
0.0258013966439 0.00479460077718 0.0285277848623
0.013112489842 0.0124881525046 0.0334757008628
0.0120309571969 0.0142624126697 0.0336887324253
0.0242506220909 0.004366768218 0.0313392934217
0.0261960724717 0.00436292261554 0.0314927028949
0.0136706489737 0.0116818416979 0.0358419239866
0.0129265846351 0.0134606955689 0.0364907716249
0.0247192379865 -0.000376834726079 0.0423412673706
0.0128267247695 0.00552742231697 0.0447273250441
0.0237473149313 -0.00160838646126 0.0433415181476
0.0142453845702 0.00548613197464 0.0468897745289
0.023368747452 0.000424025255127 0.045153861077
0.0167641931032 0.005442032151 0.0474856866077
0.0202663814733 0.00521185719249 0.0133942486317
0.0229508303204 0.00346793108609 0.0177854412693
0.0241842137107 0.0025211063051 0.0225537207404
0.0248603116698 0.00215369083439 0.0264994787909
0.0254858571821 0.00182382212512 0.0295213735452
0.0253401013488 0.000908128789275 0.0323931665385
0.00659230658278 0.0151161758638 0.0184985553941
0.00631774054261 0.015136390629 0.0239623678624
0.00755255009911 0.0140278398158 0.0287792970832
0.009015032945 0.0129221266417 0.0326499079849
0.0101709195131 0.0122391710504 0.0354011626933
0.0109721560501 0.010798558526 0.0379460617276
0.00980702808436 0.00593285111194 -0.00604244979957
0.000727741451931 0.0128900223138 -0.0023320510895
0.0148948145761 0.00586348432755 -0.0165596015899
-0.00489416940921 0.0207464941811 -0.00819331970358
0.0199018487658 -0.0012603720004 -0.0117984745501
-0.00997060331132 0.0209076979337 -6.32673735054e-05
0.01185696162 0.00497886147437 -0.00802263969853
-0.00189271953226 0.0149086226192 -0.00292613182523
-0.00331804413516 -0.0149569765495 0.00545331512521
-0.0018382722108 -0.0157117903618 0.00514293170698
-0.000740850602348 -0.0165562141135 0.00443847361607
0.000276970212723 -0.0172521244602 0.00374751857474
0.0013138971516 -0.0177108929287 0.00316113065088
0.00234129111611 -0.017959489424 0.00262689032833
0.00337729766382 -0.017980494264 0.00215301678903
0.0044407357043 -0.0177418527264 0.00180094208281
0.00548935628123 -0.0172837543447 0.00152876260603
0.00648580269218 -0.0166094716857 0.0014333601953
0.00648580269218 -0.0166094716857 0.0014333601953
0.00702214085189 -0.0159430156462 0.00171369257809
0.00736178251642 -0.015300971015 0.00219498959961
0.00754358350993 -0.0147004028535 0.00272028333873
0.00765136371689 -0.0141137536307 0.00325745404468
0.00762585112113 -0.0135525877096 0.0038617793361
0.00747880003007 -0.0130099876397 0.0045288993386
0.00717727550388 -0.0125039093758 0.00526324405164
0.00675129983155 -0.0120153622059 0.00605943670413
0.00614741756165 -0.0116040456107 0.00691216211443
0.00614741756165 -0.0116040456107 0.00691216211443
0.00546648998803 -0.0110664742661 0.00719912752884
0.00486983156394 -0.0104786474571 0.00740289329056
0.00431674833284 -0.00987025170372 0.00758822969112
0.00366687215297 -0.00946797179592 0.00756483571008
0.0030158721239 -0.00912037814393 0.00744442471813
0.0023554811771 -0.00878661201867 0.00726738696542
0.0016512554074 -0.00849920363817 0.00698288124335
0.000940425950243 -0.00840242339656 0.00647193223054
0.000299195438863 -0.00849228086271 0.00580902554929
-0.0102122016029 -0.0102643635338 0.00828704263072
-0.0113868352031 -0.00934000378454 0.00886338936713
-0.0124837782724 -0.00845967246416 0.00917439525356
-0.013437667772 -0.00757709595955 0.00934219802606
-0.0142154047464 -0.00664848013224 0.00943485161229
-0.0148429863601 -0.00566778232617 0.00941662582056
-0.0152548885732 -0.00457049867862 0.00940878809542
-0.015416694713 -0.00336244984581 0.00945823658841
-0.0153175547606 -0.00209679205691 0.00955940888919
-0.0149488835188 -0.000851676174009 0.00969464360954
-0.0149488835188 -0.000851676174009 0.00969464360954
-0.0143642971285 -0.000104568869717 0.0100185808968
-0.013591188127 0.000363178766601 0.0105158539967
-0.0128046104085 0.000507377450796 0.0110134225311
-0.0120680838917 0.000488566993375 0.0114171027976
-0.0113524784475 0.000376059210744 0.011743419147
-0.0106359602227 0.00015979820206 0.0120159812589
-0.00990658549449 -0.000165133982125 0.0122462382587
-0.0091599718605 -0.000610950975329 0.0124390727027
-0.00839819563979 -0.00119428125674 0.0125942111441
-0.00839819563979 -0.00119428125674 0.0125942111441
-0.00768227343817 -0.00163639337833 0.0124385081749
-0.00700894592555 -0.00197492384644 0.0121931577067
-0.00632419795043 -0.00221596955399 0.0119502965049
-0.00565044296148 -0.00245207305219 0.0116857912772
-0.00514410620223 -0.0028260827436 0.0112552273763
-0.00481371712193 -0.00332317873194 0.010643946827
-0.00449598569992 -0.0039023566631 0.00988413840886
-0.00455268337091 -0.00460813861203 0.0089087517949
-0.00506048126235 -0.00527187532536 0.00796287901431
0.0346038500598 0.0100720225899 0.0359440188707
0.0339244277808 0.00947305942022 0.0351272020319
0.0328617634936 0.00873844547152 0.0347678644306
0.0318076904276 0.00774154292731 0.034683951815
0.0307968654427 0.00669387804928 0.0345480980624
0.0297019181734 0.00572752077027 0.0342827859427
0.0285151478604 0.00478572805839 0.0339776404855
0.0271494325295 0.00396397479199 0.0335379108697
0.025728318195 0.00310051017313 0.0331064946168
0.0243259725261 0.00209581961789 0.0328401986711
0.0346038500598 0.0100720225899 0.0359440188707
0.034622416322 0.00917837585395 0.0361612447071
0.0342362417335 0.00819381001646 0.036478216957
0.0337694434981 0.0071446067743 0.0366448967244
0.033183520809 0.00599226700238 0.0367584337406
0.0324496687138 0.00473299485116 0.0368332595742
0.0315432518011 0.00337682067183 0.036856010719
0.0304241935712 0.00195643402778 0.0367991882466
0.0290631301143 0.000511349121278 0.036650787571
0.0274895915731 -0.00096484573119 0.0364440507616
0.0346038500598 0.0100720225899 0.0359440188707
0.034738837298 0.00965543242767 0.0359300106102
0.0338807241473 0.00858781491177 0.0369112815317
0.0332175229487 0.00755479449138 0.0371028601296
0.0324815754042 0.00655340703521 0.0372166452627
0.0316007957888 0.00550902660923 0.0372973845215
0.0305698728518 0.00441470457171 0.0373776579706
0.0293919437353 0.0032526278491 0.0373526875548
0.0280286571103 0.00201307972807 0.0372040317177
0.0266255612146 0.000759487063066 0.0371802005528
0.0346038500598 0.0100720225899 0.0359440188707
0.0347707251289 0.00999784122739 0.0359504872269
0.0333474547093 0.00854939069059 0.0370225264233
0.0325471211989 0.00774523208245 0.0372964407248
0.0315852173181 0.0070253363958 0.0376541142497
0.0304756584468 0.00619844994666 0.0377902742718
0.0292826412622 0.00527297840721 0.0376316351601
0.0279535070206 0.00434711512563 0.0374187551866
0.0263170847616 0.00352586957587 0.037451569467
0.0245671687515 0.00262687475444 0.0372310414644
0.0199648300449 0.0216417636896 0.041925932373
0.0199359553131 0.0214010122507 0.0415933417616
0.0180454172868 0.0192430881598 0.04093810645
0.0168728153925 0.0176839361529 0.0407067373831
0.015936482703 0.0163510457303 0.0403080269999
0.0150782771362 0.015044114498 0.0398905047509
0.0142791654611 0.0137857318857 0.0393230419581
0.0135342901754 0.0125545689541 0.0386873623861
0.0128573279852 0.0113157712005 0.0380994833712
0.0122416748881 0.0100810549386 0.0374881476281
0.0199648300449 0.0216417636896 0.041925932373
0.0190152477726 0.0208090021505 0.0429475127293
0.0177984568147 0.0195643920548 0.0435189500668
0.0167034413927 0.0182138615611 0.0438226546672
0.0156996289298 0.0168863047966 0.044062537795
0.0147427797422 0.0155278031002 0.0441889932287
0.013806448469 0.0141297264072 0.044217605591
0.0129146813075 0.0126720009897 0.0440870135986
0.012025178667 0.0111565225477 0.0438740900929
0.0111878347338 0.00957713847206 0.043489500668
0.0199648300449 0.0216417636896 0.041925932373
0.0194899495026 0.0207743808929 0.042963586839
0.0186093053827 0.0194411639111 0.0433950752353
0.0178246700348 0.0181005667038 0.0435063202213
0.0171045254508 0.0168397229429 0.0436353562709
0.0163872437758 0.0155975541481 0.0437930054947
0.0156690365816 0.0143308299939 0.0437721174399
0.0148976830461 0.0130501974063 0.0434978502287
0.0140200734989 0.0117667469091 0.0431437961303
0.0135096306873 0.0104302430352 0.0430678426595
0.0199648300449 0.0216417636896 0.041925932373
0.0197738253119 0.0206063018583 0.0425946549566
0.0192850217295 0.0193490766004 0.0429294214588
0.0187374859044 0.0180857085547 0.0430986147667
0.0182210674614 0.0167435800827 0.043112868652
0.0174342738688 0.0154938426036 0.0429441431921
0.0166517781423 0.0141164963282 0.042623422926
0.0159556868548 0.0125279001671 0.042128018921
0.0155147702058 0.0107453978393 0.0414230451504
0.0149890946347 0.00899606545979 0.0405330462146
-0.00350398418617 -0.0161017683576 -0.00363537543104
-0.00214379978744 -0.0164489617026 -0.00373199015239
-0.000829744848773 -0.0169607396575 -0.00386099590637
0.000455379593225 -0.01773462121 -0.00409909568422
0.00188871131643 -0.01831941905 -0.00416979311081
0.00350165245867 -0.0185766964149 -0.00398328160304
0.00525703164665 -0.0183549654527 -0.00345761688664
0.00711274130764 -0.0179322140221 -0.00275931195296
0.00911800031709 -0.0174203758722 -0.00193927281644
0.0112127070756 -0.0166122689646 -0.000895779523973
0.0112127070756 -0.0166122689646 -0.000895779523973
0.0123620700936 -0.0160827638145 0.000135811761804
0.0133903162675 -0.0154209807986 0.0010954769779
0.0142657685059 -0.0147866781781 0.00202816374119
0.015063856708 -0.0142471075591 0.00290230156584
0.0157873108084 -0.0137895506101 0.00374888450744
0.0166106376926 -0.0133463462051 0.00437855300625
0.0174131960004 -0.0129130662816 0.00493166607626
0.0182487188076 -0.0124957251184 0.00528582039965
0.0190522195032 -0.0122768384154 0.00529404042495
0.0190522195032 -0.0122768384154 0.00529404042495
0.0197455872455 -0.0119478032214 0.0047449984403
0.0203184364987 -0.011853767775 0.00381812550888
0.0206772593258 -0.011897706447 0.00281191946684
0.0209321785625 -0.0118603485145 0.00186895749036
0.0211184565162 -0.0117241256067 0.000957000100573
0.0212732303209 -0.011442292471 6.17520885778e-05
0.0213469498662 -0.0110955440347 -0.000843154463287
0.021352501051 -0.0106390128272 -0.00174501740823
0.0212399620291 -0.010201355218 -0.00267483242964
0.0212399620291 -0.010201355218 -0.00267483242964
0.0214052375985 -0.00973480121345 -0.00456586203245
0.0213074577377 -0.00915629409489 -0.00641562506137
0.0209875590056 -0.00836732373361 -0.00814414372248
0.020380573876 -0.00758540584403 -0.00988765067842
0.0195929689811 -0.00635525119615 -0.0113046798744
0.0184802426895 -0.00487443551204 -0.0125578089433
0.0169510438715 -0.00342214102859 -0.0139075551958
0.0151965898809 -0.00252550508547 -0.0156919300581
0.0135049986763 -0.00192100257974 -0.0175672904605
-0.0156474789134 -0.0068809871742 0.00117966191934
-0.0160294759899 -0.00586298249945 0.00185135624516
-0.0165768080879 -0.00495170844064 0.00247044202754
-0.0174928278165 -0.00411460499943 0.00290837120306
-0.0181459324918 -0.0031874275768 0.0034252283793
-0.018444778692 -0.0021933522943 0.00406999331006
-0.0184757451043 -0.00117322965344 0.004801079574
-0.0183647355761 -0.000134346895301 0.00556329697563
-0.0181980258198 0.000950614875033 0.0063367011513
-0.0179315867698 0.00209382567479 0.00715163201366
-0.0179315867698 0.00209382567479 0.00715163201366
-0.0175054035582 0.00314525579411 0.00824422145686
-0.0168979834874 0.00409719118107 0.00934792496339
-0.0161984097654 0.00491027209387 0.0104340700709
-0.0154458542687 0.0055764086705 0.0114957965755
-0.0146399445963 0.00610123184755 0.0125411702314
-0.0138860610836 0.00666892501515 0.0135885765287
-0.0131609885932 0.00726939268163 0.0146374227888
-0.0124790773499 0.00789774671917 0.015676335168
-0.0120482781763 0.00861260156595 0.0166327460463
-0.0120482781763 0.00861260156595 0.0166327460463
-0.0120275850652 0.00959149246445 0.0170017294164
-0.0122805622845 0.0105978707514 0.0171148426975
-0.0125702515724 0.0114782334892 0.0170308007923
-0.0128951570365 0.0122079017312 0.0167468817593
-0.0131435852553 0.0128593562973 0.0163197377854
-0.0134677356999 0.0133431231713 0.0156788958536
-0.0136897278956 0.0138166988944 0.0149172614997
-0.0137953554222 0.0143148794057 0.0140391529936
-0.0138305595096 0.0147841167577 0.0130119075307
-0.0138305595096 0.0147841167577 0.0130119075307
-0.0141242682331 0.0161989080416 0.0110785943085
-0.014580033206 0.0171341794034 0.0089365262609
-0.0148640958308 0.0178501743254 0.00671656621219
-0.0149144328327 0.0183476142108 0.0044304443056
-0.0144475596337 0.0186160135939 0.00212925427771
-0.0125846458732 0.0184952652667 -5.93810411595e-05
-0.011872661432 0.0179919926903 -0.00261793882509
-0.0121465926846 0.0174879318101 -0.00542168400847
-0.0123418554716 0.0169694983794 -0.00827292885188
0.0113102514315 -0.00655690125805 0.0319947418524
0.0125359272727 -0.00665844629938 0.0326536633585
0.0137058085649 -0.00660421822507 0.0335453546819
0.0147949157804 -0.00641260703099 0.0346956409064
0.0158749856896 -0.00601070199347 0.0360248796487
0.0169903619797 -0.00537512089165 0.0374747495672
0.0180093856236 -0.00460821554945 0.0391807959316
0.0187759840103 -0.00392204344896 0.0415347815759
0.0196627323801 -0.00308064348257 0.0441607172285
0.0206017912099 -0.00149663121346 0.0459548101388
0.00717179103157 -0.00410812485368 0.033473095676
0.0072638685077 -0.00326548738439 0.0347472819345
0.00758555983393 -0.00240193110283 0.0360760935515
0.00811548732268 -0.00165942247443 0.0375170439427
0.00888278473563 -0.00110167732491 0.0390697393513
0.00988076068751 -0.000466715289376 0.0406556665916
0.0110913748525 0.000242727970794 0.0422583763027
0.0126069120258 0.000326302149363 0.0442750768365
0.0143052777523 0.000587962783022 0.0464597796093
0.0161612040297 0.00157413284314 0.0477616881103
0.01651643142 0.000361146579642 0.0410221074941
0.0166423852368 -3.85756071953e-05 0.0421201837777
0.0168412711847 -0.000282087757466 0.0431231159179
0.0171670495294 -0.000306605836584 0.044010201372
0.0175674892754 -0.000168616876411 0.0447919056409
0.0180218046014 9.34436732035e-05 0.0455084035153
0.0185680933997 0.000525846160775 0.0461411454164
0.0192328621803 0.0011898557919 0.0466104156714
0.0199868236829 0.00206777762599 0.0468882961194
0.020802318003 0.00303042078762 0.047210282031
0.0182577041456 -0.009731770159 0.0105188201082
0.0197294380558 -0.0100960737149 0.00912039140446
0.0211781238048 -0.010236372406 0.00780910516236
0.0223540595938 -0.0101617930731 0.00630429630262
0.0231855554573 -0.00990525334729 0.00460493437638
0.0235281613672 -0.00954775596466 0.00271234911123
0.0238063321388 -0.00890706099499 0.000728076766001
0.0232288603961 -0.0084014901034 -0.0014784861659
0.0231456772499 -0.007276406542 -0.00373393576796
0.0228461523398 -0.00588346630225 -0.00612492468974
0.0228461523398 -0.00588346630225 -0.00612492468974
0.0226513655962 -0.00556575041877 -0.00671251688298
0.0223875085425 -0.00522546500727 -0.00732144106775
0.0220829040067 -0.00484012040966 -0.0079400550807
0.0217174843352 -0.00442312938569 -0.00856020096936
0.0213090881226 -0.00396515699739 -0.00917758947816
0.0209506197986 -0.00340330781297 -0.00981107643017
0.0206398466504 -0.00273348671944 -0.0104699174619
0.020387336268 -0.00193520658163 -0.0111656423286
0.01990184915 -0.0012603713938 -0.011798474666
-0.00734944660907 0.0102351392631 0.0199264373666
-0.00827851229735 0.0119906005395 0.018584670685
-0.00922501974457 0.0133713806786 0.0170213634232
-0.00978129501373 0.0149993211992 0.015950805539
-0.010174043218 0.016485491856 0.0147860749497
-0.0105178863989 0.0176779603734 0.0134185631139
-0.0107544716097 0.0186701879482 0.0119459971122
-0.0108706386234 0.0194872295317 0.0103786775624
-0.010958247485 0.0199912860625 0.00869781313761
-0.0110850630131 0.0200456122948 0.00697888808577
-0.0110850630131 0.0200456122948 0.00697888808577
-0.0113273081707 0.0200979867858 0.00629857025831
-0.0114761249297 0.0201613763135 0.0055879356153
-0.0115105678815 0.0202823724345 0.0048578234646
-0.0114600038639 0.0204039262416 0.00410506956698
-0.0113421085351 0.0204875357956 0.00332048293162
-0.0111472693543 0.0205546816158 0.00250796632772
-0.0108417346289 0.0206721645359 0.00167812940804
-0.0103636338323 0.0209358709565 0.000823991798264
-0.00997060331132 0.0209076979337 -6.32673735054e-05
0.00399735825412 0.0121101098783 -0.0180391732406
0.00545047704851 0.0112909516044 -0.0169678698747
0.00659766767692 0.0107237503368 -0.0159687534932
0.00765534674619 0.0112643249836 -0.0150991897101
0.00832751914054 0.0118413565981 -0.0142351550541
0.00844513970539 0.0118784377745 -0.0133663336796
0.00826624539197 0.0121415824418 -0.0124932855869
0.00773659873108 0.0123910663167 -0.0115936893053
0.00630797760058 0.011675008413 -0.0109406383787
0.00480680566896 0.0116060305097 -0.0101850388699
0.001478018451 0.0139289321779 -0.0173468582153
0.00140093291869 0.0144924485307 -0.0153360354844
0.00142864815669 0.015008794528 -0.0136151546281
0.00212464806718 0.0157925827979 -0.0125617731481
0.00267230819171 0.0160170019185 -0.0116370440263
0.00318074390321 0.0158582499903 -0.0109005719504
0.0039830713627 0.0155976796637 -0.0104577468998
0.00434186971669 0.01471084486 -0.0100491927077
0.00392314744579 0.012705452715 -0.0100358046701
0.00480680566896 0.0116060305097 -0.0101850388699
0.00614741756165 -0.0116040456107 0.00691216211443
0.00482523048053 -0.0105686108587 0.00842027049019
0.00323122949058 -0.00955554887626 0.0094386100911
0.0013740727454 -0.00901954607609 0.0105025064131
-0.000530584723105 -0.00877492634939 0.0117435949546
-0.00219706152143 -0.00778448104176 0.0124796492453
-0.00344790765818 -0.00542343294973 0.0123945334528
-0.00475526842298 -0.00347040072952 0.0126191809039
-0.0064440542451 -0.002344653056 0.0129338001128
-0.00839819563979 -0.00119428125674 0.0125942111441
0.0113102514315 -0.00655690125805 0.0319947418524
0.0107377054361 -0.00650012489084 0.0320107106448
0.0101862883543 -0.00642646617512 0.0320921113054
0.00966724637783 -0.00627653192762 0.032193879072
0.009180138436 -0.00605456861133 0.032317206882
0.00871988735702 -0.00578440383461 0.0324832030439
0.0082934502076 -0.00544046241393 0.0326684319133
0.00788676895281 -0.00506607865471 0.0329136646063
0.00751561508207 -0.00461445895998 0.0331748475034
0.00717179103157 -0.00410812485368 0.033473095676
-0.00145714825695 -0.00860962667289 0.0123246835313
-0.000434431991664 -0.00793328148613 0.0141381230008
0.00058370539874 -0.00746232481189 0.0161189177545
0.00162818823302 -0.00707498668801 0.0181916948521
0.00276799443323 -0.00667125212846 0.0203158489814
0.00383575957381 -0.00650120012987 0.0226014573608
0.00488011054325 -0.00651379728529 0.0250501699472
0.00598214594843 -0.00664917785651 0.0276728289035
0.00733082373647 -0.00660146128688 0.0302891547113
0.0089460050648 -0.00592837008576 0.0323974446479
0.00931646058282 -0.00931039236849 0.0201631098847
0.00818018296994 -0.00820543007784 0.0200794429579
0.00700109704222 -0.00730592045589 0.0201304933959
0.00559417916511 -0.00682203657649 0.0204720292144
0.00395668007512 -0.00676983161546 0.0211412483258
0.00293159432825 -0.00599210874301 0.0216096631181
0.00241979063319 -0.00454325536033 0.0219328462704
0.00172908975423 -0.00345790104212 0.0225489947791
0.000973998941898 -0.00266333410289 0.0233680758136
0.00020148684101 -0.00224864868645 0.0243149790452
0.000299195438863 -0.00849228086271 0.00580902554929
-0.00155928936574 -0.00970507346785 0.00908906019061
-0.00307182788857 -0.00957408746809 0.0105419242761
-0.00418321270503 -0.0080606221878 0.0100964643582
-0.00506048126235 -0.00527187532536 0.00796287901431
-0.00130508096189 -0.00964592652539 0.0057899849646
-0.00272251714382 -0.0106059678957 0.00852749031389
-0.00396422424881 -0.0103950064576 0.00971722874369
-0.00488221973061 -0.0094202780571 0.0096332543333
-0.00559903666474 -0.00753759739904 0.0082976148265
-0.00249675972617 -0.0110518026053 0.00574737614258
-0.00353456932756 -0.0117939100422 0.00818663443122
-0.00482771667102 -0.0113394376415 0.00915275604902
-0.00581550767305 -0.0105204618828 0.00928953664391
-0.00672263673519 -0.00907503328857 0.00853496629551
-0.00349034294487 -0.0127684997681 0.00553812924975
-0.00423069529776 -0.0129808178117 0.00786419001435
-0.00564914822688 -0.012302476047 0.00872148797842
-0.00693855564373 -0.011356314244 0.00903094297362
-0.00822076101472 -0.0101213368566 0.0082986225016
-0.00331804413516 -0.0149569765495 0.00545331512521
-0.00479246035599 -0.014272898306 0.00728830090325
-0.00644305712087 -0.0132463360366 0.0083093873376
-0.00823490220507 -0.0119476995293 0.00877500258127
-0.0102122016029 -0.0102643635338 0.00828704263072
0.0182577041456 -0.009731770159 0.0105188201082
0.0178989674929 -0.00556133508318 0.0118288117269
0.0189944949628 -0.00189887277978 0.0150974770501
0.020594537704 -0.00109045863435 0.0185643808213
0.0219251140552 -0.00102905904928 0.0214674880899
0.0230960653155 -0.000626944424986 0.024188244119
0.0242461083229 8.63525080532e-05 0.0269610551079
0.0256300032702 0.000856905783335 0.0298851311503
0.0253401013488 0.000908128789275 0.0323931665385
0.0173488794373 -0.0102048622099 0.0103323468654
0.0165065781523 -0.00585668135334 0.0114073711962
0.0165519195467 -0.00192294836723 0.0147898520381
0.0182202220374 -0.00106185532233 0.0184945637151
0.0199965999676 -0.0010775278973 0.0212437175202
0.0217307226478 -0.00120705755663 0.0235556942604
0.0231230727679 -0.000900732932362 0.025920821076
0.0245078781356 -0.000658237597313 0.0283690719956
0.0255044889057 -0.000578986371485 0.0309409328725
0.0161260677036 -0.0105617176335 0.00977755766292
0.014954601617 -0.00591595263517 0.0107447846109
0.0148423586426 -0.00276309838895 0.0147295298245
0.0163321928297 -0.00182824816971 0.0184288050867
0.0179715219618 -0.00140803618399 0.021132509486
0.0197999064447 -0.00147008975024 0.0232888000367
0.0215035846971 -0.00166238265452 0.0253031410505
0.0228764254964 -0.00186134731843 0.0274579321575
0.0239105731884 -0.0022547260941 0.0297563725387
0.0148282382558 -0.0108499108688 0.00928289901845
0.0136254330304 -0.00605513753915 0.0102614898977
0.0137953438322 -0.00395778512717 0.0147533427511
0.0151591345858 -0.00310906318118 0.0182445238794
0.0166087195593 -0.00250765598714 0.0208506605246
0.0180180191158 -0.00218466353695 0.0231010297837
0.0195355801667 -0.00232516269083 0.0251223568729
0.0209394019523 -0.00275748964698 0.0271261553162
0.0220719816791 -0.00329862789448 0.0292645703831
0.0134020586654 -0.011155196495 0.0089462747994
0.0125790031809 -0.00636663451461 0.0100787429987
0.0129870196848 -0.00523596586644 0.0147335965268
0.0141026161472 -0.00439843746033 0.0179893049223
0.0153893215229 -0.00378257948442 0.0205410914721
0.0166485422725 -0.00342978026477 0.0228083935902
0.0178848918828 -0.00341205120764 0.0249495796313
0.0191011038541 -0.00371000525357 0.0270351940659
0.0203194101418 -0.00419218942448 0.0291000669587
0.0117527792423 -0.011554404612 0.00872388554857
0.0118024878196 -0.00750721911786 0.0105918989247
0.0121772795673 -0.00671314838099 0.0146674742138
0.0130665296559 -0.0058822506832 0.0177057332945
0.0140936809528 -0.00520625192479 0.0202953430415
0.0152399626871 -0.0048982578141 0.0226308600348
0.0163142561887 -0.00480962919647 0.0248815603593
0.0173941195623 -0.00498321260278 0.0270584542943
0.0185691101388 -0.00538648363498 0.0291277416717
0.00986343931177 -0.0119364236019 0.00832408273742
0.0104796957407 -0.00960391914287 0.011267236648
0.0109986246989 -0.00854826275272 0.0145461260451
0.0119037623561 -0.00806426565195 0.0174548628883
0.0128295962583 -0.00738060887281 0.0200880726176
0.0137699415261 -0.00695460518194 0.022601355664
0.0147349767778 -0.00686329579433 0.0250067286841
0.0157733568818 -0.00728653165348 0.0272780292735
0.0166949602388 -0.00766288748061 0.0295340244583
0.00784876616838 -0.0121220105336 0.00764054077522
0.00851322797194 -0.0109536352471 0.0109919634989
0.00912039746199 -0.0102415041231 0.0142489590243
0.0098333921625 -0.00970762501422 0.0173423679479
0.0106130581294 -0.00951568416379 0.0203108075408
0.0114679963692 -0.00947679767567 0.0231747291511
0.012341853367 -0.00927841037014 0.0259464417537
0.0131777148489 -0.00883949676342 0.0285969926325
0.0139753443763 -0.00794067950778 0.0310112755674
0.00614741756165 -0.0116040456107 0.00691216211443
0.00699643513026 -0.0111431108107 0.0103568275021
0.00791792454476 -0.0104637895401 0.0137104287744
0.00869196143732 -0.00984894674248 0.0169681198143
0.00931646058282 -0.00931039236849 0.0201631098847
0.00984284742178 -0.00880196027034 0.0233091590587
0.0105399860533 -0.0078294579879 0.0261750643953
0.0110351474049 -0.00697364532563 0.0289807971957
0.0113102514315 -0.00655690125805 0.0319947418524
-0.00734944660907 0.0102351392631 0.0199264373666
-0.00310478463721 0.0102077866484 0.019674891251
0.00121819312662 0.0111066320726 0.0215744920181
0.00332975578592 0.0114305116923 0.0247268169577
0.00450867501969 0.0113174084898 0.0277409995611
0.00587263968149 0.0112667043286 0.0304520990222
0.00744354854295 0.01151170334 0.0331827186173
0.009791191169 0.0121204100734 0.0357791734323
0.0109721560501 0.010798558526 0.0379460617276
-0.00677506349842 0.00844697252423 0.0198733563702
-0.00289589551114 0.00790953662171 0.018299205126
0.00121421271304 0.00833009244853 0.0203156158419
0.00349991001059 0.00881226974526 0.0235122060309
0.00488117814544 0.0091069728953 0.0265611639803
0.005769965754 0.00936431004223 0.0295723318429
0.0064338761231 0.00979877500643 0.0326938596737
0.00768801106074 0.0103088385639 0.0357888479688
0.00945764230424 0.0105220905453 0.038865338642
-0.006652164551 0.00637204347014 0.0181990442156
-0.00275400890114 0.00584564974792 0.0168859370395
0.000648562803756 0.00613123910221 0.0198494773145
0.0027453333978 0.00659707653338 0.0230469452975
0.00440064296804 0.00689575199488 0.0259057666009
0.0056497461652 0.00711684421805 0.0288001369317
0.0061843451743 0.00752795220244 0.0320099739946
0.00665556607406 0.00792416791003 0.0353996467456
0.00750487066141 0.00799678310145 0.0388836439267
-0.00650972703482 0.00477245560488 0.0173105899128
-0.00295372795528 0.00440349526782 0.0166984921866
-0.000287365228882 0.00467018786952 0.0200730154213
0.00164358054829 0.00503874522535 0.0229849525675
0.00325260341819 0.00529954114942 0.0257130060021
0.00472303916919 0.00536809343197 0.0284669975065
0.00565028441414 0.00550628906293 0.0315358461383
0.00610405237495 0.00567576188122 0.0349314857991
0.00710836532057 0.00524089913738 0.0382132561359
-0.00650020058402 0.00329502473989 0.0170347023532
-0.00344094835511 0.00330995907931 0.0173254960524
-0.00123619295971 0.003495510089 0.0203525348665
0.000606903666575 0.00372984793247 0.0229452081965
0.00227007268034 0.00383809096956 0.0255055903357
0.00376321899777 0.00380834925323 0.028210472679
0.00484733690175 0.00378169643025 0.0312048461004
0.00539613164858 0.00377815797812 0.0345509199532
0.00652666483997 0.00334410927993 0.0377514554909
-0.00679793866933 0.00171342103956 0.0167735759859
-0.00422073903766 0.00209384984099 0.0180334635343
-0.00222799291402 0.00225657444842 0.0205152553605
-0.000545367582635 0.00245707487059 0.0230002529753
0.00117503796646 0.00245097828444 0.0254305401951
0.00273608493775 0.00231231906981 0.0280588435839
0.00376280601725 0.00220149881344 0.0310399000665
0.00434799231558 0.0020029008696 0.034330376547
0.0056099682689 0.00151913510017 0.0373909459969
-0.00746609289797 4.95939287531e-05 0.0158874234425
-0.00533000840859 0.000328296479944 0.0181486631825
-0.00340754969726 0.000564590511046 0.0204866337737
-0.00187122864977 0.000698075135166 0.0230634721827
-0.000371154525862 0.000727492920066 0.0256490603854
0.00109187980046 0.000583732681089 0.028319234527
0.00202552489146 0.00029307337571 0.031331812407
0.00331403500106 -0.000171080519124 0.0342291410369
0.00547624707392 -0.000524419208222 0.0365867014165
-0.00810850056702 -0.00101077662807 0.0140807000667
-0.00596872824852 -0.00118057923364 0.0168313818278
-0.00382702167163 -0.00117120569223 0.0195068596222
-0.00191144958634 -0.00130018442424 0.0222207207185
-0.000385005814754 -0.00166199082066 0.025061980065
0.0010652366627 -0.00200173835562 0.0279002055919
0.00278108742781 -0.00215297221318 0.0305037568576
0.00468184119583 -0.00219737088367 0.0328171067465
0.00636212270653 -0.00234914268138 0.0350701912055
-0.00839819563979 -0.00119428125674 0.0125942111441
-0.00629470754658 -0.00172407509164 0.0157066171481
-0.00388900876587 -0.0016095037645 0.0187755308644
-0.00172254780549 -0.0017466182992 0.0216155552865
0.00020148684101 -0.00224864868645 0.0243149790452
0.00212652594861 -0.0025663418155 0.0268233442659
0.0040442315175 -0.00272133614387 0.0290552975604
0.0055985307761 -0.00353316096704 0.0314019514248
0.00717179103157 -0.00410812485368 0.033473095676
0.013801577852 0.00424369493871 0.0132004551112
0.0104482609648 0.00506566946063 0.0104073539364
0.00819967979374 0.00622820551523 0.00994806302213
0.00708499414437 0.00742332500228 0.011901672609
0.00707303551582 0.00873377213862 0.0162576313787
0.0154948143588 0.0026006087216 0.0189391169396
0.0127597731722 0.0034578760672 0.0183991244711
0.0104405960083 0.00480220130783 0.0186602472195
0.00846049726743 0.00647113738064 0.0196240277655
0.00737045966921 0.00873840688265 0.0210357405414
0.017230082274 0.00120282647538 0.0244899443512
0.0146610604818 0.00194308269357 0.0251982828577
0.0124567386539 0.00368613707534 0.0257727285737
0.00994938428853 0.00543067510491 0.0262949338297
0.00874107059859 0.00826828181768 0.0263601691039
0.0187429938295 0.000973334952732 0.0303797003177
0.0162632435021 0.00143418884366 0.0307430665884
0.0144013973489 0.00314799465813 0.0312448085045
0.0119424355448 0.00441908070482 0.0317969533017
0.010703801063 0.00736339643342 0.0324394355193
0.0200189978843 0.00218100756506 0.0365642585414
0.0176324426566 0.00205569726694 0.0351564809822
0.0160022084532 0.00274862538297 0.0350596253461
0.0149145366199 0.00383136518216 0.036207236926
0.014883318649 0.00586788277697 0.0386355944832
0.00650175312288 0.00798414494284 -0.0100626709898
0.00612133332347 0.0105142240414 -0.0103720399122
0.00480680608751 0.0116060310922 -0.010185038998
0.00332271658732 0.0122536160168 -0.00907302361937
0.00119345816118 0.0118870573744 -0.00724818036712
0.00691382732727 0.00717131561921 -0.00649617291872
0.00520821274222 0.0082839036252 -0.0072642032818
0.00458213916697 0.00959353820159 -0.00682524012266
0.00310771250397 0.00987993901483 -0.00645183565068
0.00247562374507 0.0107039063306 -0.00465053633575
0.00577395799182 0.00568906848396 -0.0043066796926
0.00510811651171 0.00684933296247 -0.00418653798431
0.00424012952547 0.00769914578612 -0.00400769870987
0.00331451933436 0.0082956383657 -0.00365192943787
0.00243014084907 0.00873772700819 -0.00295457877116
0.00504007019305 0.00429403872152 -0.00261506870243
0.00417551568608 0.00496786215913 -0.00256813968763
0.00350806945126 0.00570583022609 -0.0020853555311
0.00258348029009 0.00624489991003 -0.00199241793749
0.00175333306169 0.0067969493472 -0.00160179398248
0.00441034461786 0.00291891635 -0.00119539850589
0.00359196851208 0.00321659175136 -0.00130762042541
0.00277400998753 0.00386616548226 -0.000358435278208
0.00168303115623 0.00436738105022 -0.000443917588269
0.00112000075365 0.00486763493861 0.000270576194942
0.0056591565975 0.00176586563849 -0.0268998874562
-0.00116074571599 0.0045334780562 -0.0283698663478
-0.00612070770304 0.00787958157807 -0.0292422847037
-0.00914707558927 0.0109874669619 -0.0246861840861
-0.0119954188396 0.0155345952674 -0.0190920296916
0.00544454211887 0.00428434674754 -0.0252322083835
0.000610394287652 0.00640013653331 -0.0263330732161
-0.00336043681442 0.00910931927211 -0.0262456313482
-0.00691125238673 0.0115891890776 -0.0232977074826
-0.009896857367 0.0150497597187 -0.0193862837514
0.00509775016995 0.0068478754654 -0.0232022433343
0.00218877925477 0.00863819979223 -0.0239488739535
-0.00101613367482 0.0103009589087 -0.0232014096682
-0.00395630215836 0.0125327061705 -0.021873507478
-0.00696586197704 0.0146378608944 -0.0192104963246
0.00456543796591 0.00937819668712 -0.0207621519093
0.00285369577035 0.0104814027852 -0.020848994188
0.00113231476382 0.0118816825441 -0.020675608854
-0.000963882454815 0.013020806014 -0.0198024215279
-0.0031543872215 0.0143117365217 -0.0185506648797
0.00399735825412 0.0121101098783 -0.0180391732406
0.0033350345795 0.012699573343 -0.01816539579
0.00269149012142 0.0131916978867 -0.0180904653384
0.00193430951416 0.0133230473212 -0.0177279575406
0.001478018451 0.0139289321779 -0.0173468582153
0.0135049986763 -0.00192100257974 -0.0175672904605
0.0130682207255 -0.00232618538145 -0.0169644661663
0.0125899529606 -0.0027315766793 -0.016369712462
0.0121927437207 -0.00329582296503 -0.0158497452501
0.0118526952132 -0.00394995835979 -0.0153654920634
0.0115157174053 -0.00461234245058 -0.0148789607544
0.0111582768827 -0.00525570531069 -0.0143789778316
0.0107595346668 -0.00586077719844 -0.01386041071
0.0103376377038 -0.00645118069309 -0.0133318211227
0.00989002444744 -0.00702598905957 -0.0127933590034
0.00939959430319 -0.00756912218419 -0.0122430453101
0.00886929234096 -0.00808472557733 -0.0116842103018
0.00831014837112 -0.00858424389664 -0.0111201484862
0.00773875213308 -0.00908481212509 -0.0105523020141
0.00715552015888 -0.00958752300305 -0.00997930458913
0.00657602759016 -0.0101112114505 -0.00939840744947
0.00596504501813 -0.0106188880306 -0.00880974387251
0.0052788194926 -0.0110557248985 -0.00822299555634
0.00452655436191 -0.0114218319579 -0.00764636462219
0.0128824723478 -0.00174215748554 -0.0190055146106
0.0123550620904 -0.00211862279688 -0.0183353851924
0.0118487448983 -0.00260432260426 -0.0177267070391
0.0114441376346 -0.00328478099405 -0.0172177585125
0.0110745051603 -0.00401892241113 -0.0167351643337
0.0107166527078 -0.00476350965946 -0.0162554768946
0.0103380143057 -0.00547446522092 -0.0157577359478
0.00993512368241 -0.00615136884708 -0.015241938152
0.00951585439199 -0.00680702176578 -0.0147130107467
0.00907388056393 -0.00743595566674 -0.0141687812719
0.00859275931674 -0.00802074459599 -0.0136047898757
0.00806268753351 -0.00855109307358 -0.01302125428
0.00752281341576 -0.00907393266399 -0.0124312638846
0.00695170837356 -0.00956357359907 -0.0118296033171
0.00637665134092 -0.0100539854997 -0.0112215354072
0.00579889598197 -0.0105495337377 -0.0106046381271
0.00518455505929 -0.0110066383286 -0.00997525032141
0.0045427333133 -0.011436117992 -0.00933567614692
0.00385813859917 -0.0118111546697 -0.00868929438121
0.0122531975142 -0.00164530716029 -0.0204238289341
0.0115755350235 -0.00183043427118 -0.0195919465095
0.0110584107695 -0.00241681854977 -0.018979897411
0.0106515724106 -0.00321611274885 -0.0184876013915
0.0102643273866 -0.00403597994453 -0.0180107967386
0.00988093106697 -0.00484562823779 -0.0175315625387
0.00949353705524 -0.00563313265035 -0.017042100927
0.00908144144378 -0.00637095901991 -0.0165280196829
0.00864721627211 -0.00706663114603 -0.0159929678897
0.0081932758105 -0.0077261887602 -0.0154395985473
0.00769264524241 -0.00831430111802 -0.0148548722598
0.00718845217921 -0.00889178995899 -0.0142631360159
0.00664289334491 -0.00940626629505 -0.0136468028452
0.0060958106797 -0.00991446127946 -0.0130241287377
0.00555247059017 -0.0104275206797 -0.0123944575803
0.00498758687148 -0.0109103992331 -0.0117476069784
0.00437677547013 -0.0113217297181 -0.0110790018413
0.00373981421023 -0.0116894961908 -0.0103965093439
0.00309225651006 -0.0120415279496 -0.00970292271715
0.0114715760554 -0.00130554013747 -0.021650487496
0.0107405230482 -0.00147412128577 -0.0207356652262
0.0101972743871 -0.00212198463961 -0.0200992229997
0.00979721653818 -0.00305478785267 -0.0196377943893
0.00940387286275 -0.00397241451682 -0.0191772877835
0.00900684483659 -0.00485569292835 -0.0187052040044
0.00859578374732 -0.00568937556431 -0.0182115136849
0.0081648956092 -0.00646744659261 -0.0176921071827
0.0077157728759 -0.00719571259531 -0.0171498222269
0.0072310618643 -0.00784830047694 -0.016571936346
0.00671424424528 -0.0084317600999 -0.0159641725744
0.00621358624009 -0.0090258130465 -0.0153631527939
0.00571284634635 -0.00960685924651 -0.0147542675638
0.00519761560464 -0.0101534369649 -0.0141267477422
0.00466433521544 -0.0106612589918 -0.0134784453498
0.00409874414365 -0.0111030127401 -0.0128023192273
0.00351562222188 -0.0115057495399 -0.0121077689135
0.00290180804035 -0.0118379851216 -0.0113900695609
0.00228275437685 -0.0121570593916 -0.0106603895125
0.010602693695 -0.000834043707807 -0.0227316839321
0.0098720926484 -0.0010962907635 -0.0217902607775
0.00931519781681 -0.00181303607623 -0.0211332428879
0.00889556804623 -0.00281771387325 -0.0206719816177
0.0084928514877 -0.00381981766825 -0.0202253048981
0.0080827466007 -0.00476906762376 -0.0197597486112
0.00765688439674 -0.0056526657752 -0.0192657391629
0.00721455224054 -0.00647293720626 -0.0187437971154
0.00675670058043 -0.00723445678207 -0.0181961607869
0.00627945831302 -0.00793166309239 -0.0176194545606
0.00578866074433 -0.00857698102028 -0.0170210427169
0.00529120181455 -0.00918535138343 -0.0164084238451
0.00478819445266 -0.00976155837013 -0.0157823559931
0.0042716243995 -0.0102912083368 -0.0151346080458
0.0037344601434 -0.0107588539168 -0.0144589712199
0.00318069675988 -0.0111722601 -0.0137599873524
0.00261131511442 -0.0115324622579 -0.013039090125
0.00203007644069 -0.0118492462355 -0.0122997346947
0.00144456325566 -0.0121516859728 -0.0115471665556
0.00966813235194 -0.00027048969957 -0.0236795847221
0.00894824934911 -0.000647386163159 -0.0227225856718
0.00838667284825 -0.00143995675486 -0.0220504689194
0.007954883498 -0.0025174569983 -0.0215938565982
0.00754942783254 -0.00360889894375 -0.0211705552555
0.00713991343276 -0.00464368534946 -0.0207297462452
0.00671135774252 -0.00559179067339 -0.0202483904223
0.00626788251427 -0.00646641212912 -0.0197342891158
0.00581147694121 -0.00727469889059 -0.0191913740776
0.00534233865614 -0.00801901466577 -0.0186205473776
0.0048571726155 -0.00869254506277 -0.0180173781301
0.00436011817441 -0.00930553017012 -0.0173885634896
0.00385128390107 -0.00985834822269 -0.0167345409023
0.00333320892767 -0.0103580050932 -0.0160592621728
0.00280100066627 -0.0107893963011 -0.0153557315617
0.00225697937875 -0.0111563270797 -0.0146275073477
0.00170497499304 -0.0114697912857 -0.0138802124573
0.00115026842086 -0.0117541593246 -0.0131214980011
0.000597232004319 -0.0120484040793 -0.0123578285151
0.00869301447487 0.000320326585884 -0.0245277031785
0.00798813877774 -0.000173780515785 -0.0235578306104
0.00743041676214 -0.00104852277523 -0.0228788977522
0.00700004175128 -0.00221794640777 -0.0224480718233
0.0066040375349 -0.00342283000492 -0.0220758556513
0.00620091051414 -0.00455596000591 -0.0216783520139
0.00577675672842 -0.00558474383102 -0.0212276686863
0.00532612726892 -0.00649639972679 -0.0207125957965
0.00485606508319 -0.00730980367917 -0.0201473115384
0.00437737401493 -0.00805519539211 -0.0195541516067
0.00388908098616 -0.00872957081571 -0.0189309853923
0.00339234409686 -0.00933567076824 -0.0182800819474
0.00288578666456 -0.00986668931885 -0.0175979867792
0.00237168286305 -0.0103274125524 -0.0168891625508
0.00185338029336 -0.0107292085635 -0.0161609505373
0.00132849556017 -0.0110584609405 -0.0154071313601
0.000800454053353 -0.0113292137186 -0.0146356810885
0.000273585781971 -0.0115776631532 -0.0138599195993
-0.000251326933645 -0.0118529947407 -0.0130896936891
0.00768292297058 0.000916713376198 -0.0252882066867
0.00699575398042 0.000307884055491 -0.0243068779641
0.00645920041104 -0.000686582982796 -0.0236588708942
0.00604106987748 -0.001972996169 -0.0232872206174
0.00565778670894 -0.00330946133604 -0.0229966044668
0.00524991966806 -0.00451900347202 -0.0226363648819
0.00481051903426 -0.00557801236816 -0.0221836886332
0.00434312586833 -0.00649146402242 -0.0216422087298
0.00385939541319 -0.00729156770142 -0.0210395343271
0.00336844295176 -0.00800576966063 -0.02039908491
0.00287492173808 -0.00864923479212 -0.0197336141153
0.00237995955707 -0.00922513300679 -0.0190460593676
0.0018836897516 -0.00973229261486 -0.0183361895044
0.00138673841828 -0.0101719682219 -0.0176055555973
0.00089000664216 -0.010548843862 -0.0168574743203
0.000393823380322 -0.0108671397133 -0.0160941607958
-0.00010228731791 -0.011125922828 -0.0153144995575
-0.000597718011942 -0.0113583221563 -0.0145317137735
-0.00109568531942 -0.0116147389668 -0.0137582713174
0.00666337599186 0.00143120106847 -0.0260365414079
0.00597782454762 0.000768117510522 -0.0249964661055
0.00545881448074 -0.000331590929588 -0.0243828691203
0.00505477410984 -0.00175057085131 -0.024104457322
0.00466485330151 -0.00317603316982 -0.0238775494811
0.00423953962021 -0.00442819548156 -0.0235344707184
0.00377270177281 -0.00545937273893 -0.0230313486913
0.00328941894783 -0.00635046927416 -0.0224426578851
0.00280008707324 -0.00713408586746 -0.0217994180993
0.00231049171103 -0.00782976922516 -0.0211205469437
0.0018237195836 -0.00844940683713 -0.0204174890379
0.00134128724052 -0.00900084437084 -0.0196974051561
0.000863645277769 -0.00948888962212 -0.0189641663257
0.000390729194643 -0.00991883715707 -0.0182210604252
-7.83555673555e-05 -0.0102868137077 -0.0174646028589
-0.000544104310121 -0.010588157816 -0.0166914000662
-0.00100726915851 -0.0108430223135 -0.0159116993523
-0.00147086260401 -0.0110738935177 -0.0151325357637
-0.00194173674102 -0.0113219395907 -0.0143636665347
0.0056591565975 0.00176586563849 -0.0268998874562
0.00494181111204 0.00116593059349 -0.0256778881205
0.00442106868571 2.97920131207e-05 -0.0250485448748
0.00400585080164 -0.00144128308255 -0.0248109904739
0.00359166928256 -0.00289183308085 -0.0246021693408
0.00314081304543 -0.00413665009451 -0.0242351177497
0.00266136703115 -0.00516082360278 -0.0236988931449
0.00217485913088 -0.00604137743975 -0.0230731309308
0.00169120403197 -0.00682003781281 -0.0224007244086
0.00121384511775 -0.00751056861856 -0.0216966465757
0.000744663773818 -0.00812585563691 -0.0209737802935
0.000284112045088 -0.00867855399667 -0.0202430479183
-0.00016851783225 -0.00916112399998 -0.0194981440805
-0.000613454998274 -0.00957480712144 -0.0187400604343
-0.00105145939165 -0.00992668708769 -0.017973300148
-0.00148456273212 -0.0102299529943 -0.0172046006964
-0.00191518219835 -0.0104898727685 -0.0164334470108
-0.0023481388051 -0.0107257680727 -0.0156650800474
-0.00279219396969 -0.0109704988598 -0.0149064919724
0.00448104486245 0.00254131514148 -0.0272533688228
0.00386230574925 0.00157354740245 -0.0263019266416
0.00333804058592 0.000417835641734 -0.0256443973292
0.00289471030742 -0.00101926419576 -0.025370843969
0.00245142643182 -0.00244326362297 -0.0251354791453
0.00198349304751 -0.00367989208002 -0.0247467257805
0.00150259606526 -0.00472179917857 -0.0242051391064
0.00102261746683 -0.00560703368031 -0.0235592320423
0.000552077598881 -0.00638402720499 -0.0228637264035
9.35233685877e-05 -0.00707889100429 -0.022146562323
-0.000352881118675 -0.00769909999297 -0.0214155288785
-0.000787387213731 -0.00824581283296 -0.0206719411312
-0.00121125257422 -0.00872907504002 -0.0199238483523
-0.00162531871843 -0.0091474089985 -0.0191688630047
-0.00202961492607 -0.0094953531777 -0.0184020249563
-0.00242886910992 -0.00979750972951 -0.0176385874367
-0.00282803987671 -0.010068011869 -0.0168825963574
-0.00323071457715 -0.01030966834 -0.0161288373366
-0.00364772580917 -0.0105545788033 -0.0153854495171
0.0032683064742 0.00331068397714 -0.0274676980543
0.00272999157394 0.00202441379084 -0.0268392830494
0.00220335482849 0.000859558764138 -0.0261437393172
0.00173307225999 -0.000500488112041 -0.0257829957533
0.00126676875705 -0.00187133415989 -0.0254951416861
0.000790465655673 -0.00311950844967 -0.0251144213204
0.000311831278714 -0.00419414295537 -0.0245919960329
-0.000157356619202 -0.0050992319297 -0.0239462606307
-0.000610470699552 -0.00588142347905 -0.0232375083437
-0.00104566781695 -0.00656486712864 -0.022495491035
-0.00146425319321 -0.00717212190943 -0.0217439602783
-0.00186961331384 -0.00772194647259 -0.0209991046011
-0.0022630119287 -0.00821121478654 -0.0202557211544
-0.00264388253987 -0.00863066723736 -0.019504469322
-0.00301420585188 -0.00898610023986 -0.0187486287469
-0.00338191451082 -0.00930417647773 -0.0180042557612
-0.00375108342353 -0.00958965700158 -0.0172684654532
-0.00412422038402 -0.00984139387907 -0.0165338515918
-0.00451438537917 -0.0100911440395 -0.0158099661182
0.00207176471423 0.00388386545981 -0.0278329477193
0.00154975942213 0.00249651107291 -0.0273277043102
0.00102009582949 0.00134229988905 -0.0265622407975
0.000532589313167 7.26520605791e-05 -0.0260835616075
5.27519934787e-05 -0.00123676477843 -0.0257343770506
-0.000429147319115 -0.00246811663975 -0.0253404820078
-0.000905098391295 -0.00356468838082 -0.0248388623942
-0.0013631673929 -0.00450086857007 -0.0242152698221
-0.0017981419284 -0.0053045658456 -0.0235161419763
-0.00220620081685 -0.00598389449101 -0.0227594029396
-0.00259164840799 -0.0065759111091 -0.0219876038634
-0.00296470328746 -0.00712311622015 -0.0212397289039
-0.00332574847543 -0.00761611263422 -0.0205023985956
-0.00367391831435 -0.00804562557218 -0.0197646243496
-0.00400839891792 -0.00840587582612 -0.0190200522569
-0.00434365330212 -0.00873684849328 -0.0182951873629
-0.00468451199884 -0.00904280996622 -0.0175857113038
-0.00503123198965 -0.00931568800419 -0.0168791026905
-0.00539547171148 -0.00957678303652 -0.0161801094974
0.00079870940023 0.00458046054099 -0.0278212456716
0.000309240015739 0.0030565200764 -0.0276605858213
-0.000213211432325 0.00188152855286 -0.0268769767796
-0.000703950397806 0.000684631335659 -0.0262874239007
-0.00118781263853 -0.000559092839358 -0.0258715978576
-0.00167171495671 -0.00176772525576 -0.0254689331601
-0.00214566489615 -0.0028735140721 -0.0249868231902
-0.00259358046098 -0.003828786031 -0.0243826258479
-0.00301122373114 -0.00465167152073 -0.0236984166225
-0.00338966395696 -0.00532959714262 -0.0229339445745
-0.00373989517695 -0.00591550462517 -0.0221538050042
-0.00407696468947 -0.00645594365964 -0.0214019835187
-0.00440374800458 -0.00695129478223 -0.0206723198849
-0.00471671022416 -0.00738614468091 -0.0199467583391
-0.00501800611687 -0.00776289436848 -0.0192245124024
-0.00532006845004 -0.00810723571965 -0.018521025503
-0.00563368834755 -0.00843606110372 -0.0178411039781
-0.00595465202908 -0.00873163736935 -0.0171652510396
-0.00629007381703 -0.00900154587841 -0.0164914796178
-0.00048910447742 0.00517231322417 -0.0277878058275
-0.000981166498822 0.00367103974485 -0.0278558405502
-0.00149358373905 0.00247966542633 -0.0270700224454
-0.00197706075154 0.00132595388544 -0.0264089021705
-0.00245452362147 0.000156937132562 -0.0259095506422
-0.00293500243513 -0.00100914235022 -0.0254838978331
-0.00340552748807 -0.00210624424708 -0.0250150195954
-0.00384013528139 -0.00306029122326 -0.024418609716
-0.00423980566004 -0.00389489770788 -0.0237520371455
-0.00459675192336 -0.00459973430024 -0.0230179866812
-0.00491246493068 -0.00518827827615 -0.0222423909591
-0.00521245220668 -0.00572599753659 -0.0214932944324
-0.00550351423748 -0.00622375753197 -0.0207736762764
-0.00578446119607 -0.00667393855266 -0.020070366993
-0.00605369774594 -0.00706964589639 -0.0193735070886
-0.00632042083608 -0.00742570392368 -0.0186908196421
-0.00660236158997 -0.00776955727603 -0.0180359511164
-0.00689564555804 -0.00808552805894 -0.0173907651348
-0.00720235254321 -0.00836942964516 -0.0167466578576
-0.00179470851669 0.00566947958539 -0.0279459456006
-0.00231552227487 0.00431158645781 -0.0279513001069
-0.00281532593095 0.00312756861602 -0.0271306421045
-0.00328405658383 0.00201160924167 -0.0264133082699
-0.0037461907075 0.00090965269099 -0.0258450503967
-0.00421529323068 -0.000196325453332 -0.0253827622488
-0.00467436987916 -0.00125460896888 -0.0249028021026
-0.00509574725741 -0.00220222997241 -0.0243249182811
-0.00547352987025 -0.0030329167914 -0.0236705090857
-0.00580671207077 -0.00375024545368 -0.0229630343167
-0.0060962972662 -0.00436084254468 -0.0222208761002
-0.00636391360791 -0.00490964768447 -0.0214932059736
-0.00661960690474 -0.00541408743579 -0.0207911397656
-0.00686529051588 -0.00587468688562 -0.0201089368134
-0.00710595416892 -0.00629677616915 -0.0194458636407
-0.00734304925739 -0.00667859344782 -0.0187959282852
-0.00758731015845 -0.00703224046002 -0.018163501261
-0.00784698238082 -0.00736287205012 -0.017546747813
-0.00812562990599 -0.0076662571338 -0.0169375069663
-0.00315170628877 0.00620765877647 -0.0282644274994
-0.00368988666948 0.00497319348996 -0.0279095990255
-0.00417565064911 0.00380356084621 -0.0270866875071
-0.00462126354054 0.0027307996234 -0.0263025260403
-0.00505816218027 0.00169909766249 -0.0256647519188
-0.00550539657071 0.00066873173542 -0.0251548277799
-0.00594212047454 -0.000327523409448 -0.0246481416213
-0.00634632124852 -0.00125011640617 -0.0240863133272
-0.00670514801516 -0.00207557345645 -0.0234604147502
-0.00702034560781 -0.00280680469109 -0.02279462108
-0.0072921597089 -0.00344522103932 -0.022101369815
-0.00753172462218 -0.00401023641165 -0.0214057193612
-0.00775625299443 -0.00452935093182 -0.0207319830563
-0.00797021107422 -0.00500774039775 -0.0200792607614
-0.00817960511368 -0.00545147943966 -0.0194476724503
-0.00838832143618 -0.00586184526034 -0.018833796645
-0.00860125859854 -0.00623986676372 -0.0182346691532
-0.00883032147437 -0.00659340172373 -0.0176520388773
-0.00907466070657 -0.00691070602423 -0.017074893667
-0.00459199825993 0.00693761305105 -0.0288112815379
-0.00513666978684 0.00567854321132 -0.0280861575601
-0.00562194078111 0.00449851282628 -0.0272328434117
-0.00603391675885 0.00344279801376 -0.0262923386729
-0.00643643224189 0.00246863379991 -0.0255435910903
-0.00685004333658 0.00151716970116 -0.0249481619944
-0.0072606914872 0.000585423325276 -0.0244040045165
-0.00764006338875 -0.000292799314735 -0.0238311125427
-0.007982802972 -0.00110596481558 -0.0232296783199
-0.00828808148398 -0.00184995611527 -0.0226076648279
-0.00854868725148 -0.00251329919643 -0.0219609578932
-0.00877477277748 -0.00310937331299 -0.0213104538334
-0.00896765484294 -0.0036399335322 -0.0206592511354
-0.0091396410336 -0.00412113151066 -0.0200211633681
-0.00930175055552 -0.00456559063577 -0.0194035038932
-0.00948026287206 -0.00500183677975 -0.0188232085171
-0.00968057795854 -0.0054272634256 -0.0182726256048
-0.00986373322145 -0.00578714236707 -0.0177128337671
-0.0100304555732 -0.00607616184596 -0.0171425861363
-0.00612070770304 0.00787958157807 -0.0292422847037
-0.00676142350796 0.00671287007736 -0.0289227915764
-0.00733443219361 0.00543137966754 -0.028225680469
-0.00787653743115 0.00421259281141 -0.0275449149902
-0.00833118089788 0.00307806887076 -0.0267101255771
-0.0087407808783 0.00204285655088 -0.0259016847992
-0.00912412254646 0.00108317509687 -0.0251507896382
-0.00945718760129 0.000211964900716 -0.0243951623507
-0.00975466057056 -0.000586671719184 -0.0236624729496
-0.0100132673317 -0.00131235357331 -0.0229432773663
-0.0102201861238 -0.00195202593508 -0.0222198003193
-0.0103788715322 -0.00251101844288 -0.0214998116898
-0.0104882077473 -0.00299022824764 -0.0207840444617
-0.0105725844607 -0.00342041442827 -0.020096741405
-0.0106686673145 -0.0038433382856 -0.0194632441533
-0.0107556935088 -0.00423199659442 -0.0188551957296
-0.0108217601017 -0.00456980804752 -0.0182585479202
-0.0108672827079 -0.00485333245382 -0.0176707444741
-0.0109218684336 -0.00510364071356 -0.0171046557673
-0.0123418554716 0.0169694983794 -0.00827292885188
-0.0126760772952 0.0157628420963 -0.00789927023407
-0.013122044317 0.0146622975363 -0.00752827496743
-0.0136512966058 0.0136477368578 -0.00713161537019
-0.014125617792 0.0126690388924 -0.00670494099578
-0.0145037552058 0.0117144844534 -0.00625655558447
-0.0147815085052 0.0107848137888 -0.00579443196512
-0.0149844335555 0.00988881148503 -0.00531797821079
-0.0150984756126 0.00902294645698 -0.00483573918702
-0.0151304023064 0.00818937317684 -0.00435078567147
-0.0151127814393 0.00739699294615 -0.003851791101
-0.0150629345548 0.00665036996096 -0.00332776083166
-0.0149789403617 0.00594900297102 -0.0027750433437
-0.0148664097209 0.00529504837248 -0.00218414403954
-0.0147355064684 0.00469296023562 -0.00153832262109
-0.0145335492397 0.00412773704476 -0.000874391322648
-0.0142419920973 0.00359279346047 -0.000214571165958
-0.0138533038461 0.00308309320119 0.000420804791689
-0.0133345354466 0.00257930176261 0.000965091697806
-0.012208441191 0.017018736108 -0.00947299183512
-0.0127315161708 0.0157922574848 -0.00903356228998
-0.0132913207405 0.0146340905588 -0.00858857936908
-0.0139194020875 0.0135497109837 -0.00812065372553
-0.0144577690181 0.0124995594018 -0.00762869839684
-0.0148703150349 0.0114761290691 -0.00712345340733
-0.015161855862 0.0104815190126 -0.00661377430771
-0.0153672644945 0.00952423733853 -0.00609943936372
-0.01550564373 0.00860867506924 -0.00557828200477
-0.0155299447291 0.00772375205983 -0.00506880756842
-0.0155278527974 0.00688948194149 -0.00454272454985
-0.0154925612902 0.0061042876986 -0.00399814092519
-0.0154150986898 0.00536617958627 -0.00343556145139
-0.0153005949022 0.00467675136255 -0.00284874233015
-0.0151426926964 0.00403497952456 -0.00223731757134
-0.0149692543724 0.00344944307771 -0.0015760749045
-0.0147643630111 0.00291797538946 -0.000866014682876
-0.0144757240576 0.0024266636344 -0.000145332277756
-0.0140405439208 0.00195363253219 0.00051636539239
-0.0121406127582 0.0170872861339 -0.010674416296
-0.0126963688073 0.0157894868045 -0.0101606774582
-0.0133824648318 0.0145713227256 -0.0096494890891
-0.0141302776618 0.0134218228607 -0.00911670403641
-0.0147299261809 0.0123055522667 -0.00856408379228
-0.0151556974345 0.0112177029358 -0.00800666555661
-0.0154596385378 0.0101668141505 -0.00744990424428
-0.0156654312007 0.00915666260748 -0.00689612625895
-0.015803191619 0.00819240021912 -0.00634190457882
-0.0158725337273 0.00727380556854 -0.00578791406286
-0.0158966154733 0.0064051925344 -0.00522686653795
-0.0158694184788 0.0055855284483 -0.00465880803678
-0.0157840293716 0.00481351103629 -0.00408527173827
-0.0156596331349 0.00409323565505 -0.00349634286429
-0.0154996883926 0.00342596217197 -0.00288660060457
-0.0153209296202 0.00281629868602 -0.00224153895018
-0.0151378386423 0.00226926090996 -0.00154336127332
-0.0149266235786 0.00178135260064 -0.000796505848157
-0.0145812615102 0.00132642365621 -7.49093867409e-05
-0.0120825033582 0.0171163892586 -0.0118691812502
-0.0126514859595 0.015754705635 -0.0112821642852
-0.013411140342 0.0144683026941 -0.0107097224932
-0.0142618531706 0.0132519350133 -0.010121399575
-0.0149282601412 0.0120766981183 -0.009514364322
-0.0153604483811 0.0109338939074 -0.00890776271804
-0.0156948004055 0.00983784274476 -0.00830295590447
-0.0159302015319 0.00878781369981 -0.00770350132689
-0.0160938576736 0.0077870932948 -0.00710724019238
-0.0161959711993 0.00683712570269 -0.00651216242755
-0.0162286480327 0.00593680966421 -0.00591982545936
-0.016181655562 0.0050844637742 -0.00533373244326
-0.0160772372827 0.00428355099116 -0.00474759116958
-0.0159395576399 0.0035383958592 -0.00415118359155
-0.0157832641002 0.00285221790363 -0.0035346384575
-0.0156137868413 0.00222692792723 -0.00288985056312
-0.0154519621942 0.00166758979782 -0.00219953847546
-0.0152850188389 0.00117327160971 -0.0014604920656
-0.0150180855232 0.000725943684424 -0.000719507257762
-0.0119767755046 0.0170799465921 -0.0130499136908
-0.0125719902983 0.0156664746224 -0.0123962442156
-0.013352440351 0.0143158697454 -0.0117672919332
-0.0143029450007 0.0130358894574 -0.011134225934
-0.0150621862111 0.0118092831268 -0.0104804903945
-0.0154995164478 0.010621827274 -0.00982723281812
-0.0159078795669 0.00949145814031 -0.00917392429793
-0.0161949595207 0.00841056168215 -0.00852774721627
-0.016384702873 0.00738034207849 -0.0078898807005
-0.0164899959102 0.00640166126037 -0.00726038113089
-0.0165149927889 0.00547480048493 -0.00663956208687
-0.0164431186259 0.00459765142607 -0.00603221548941
-0.0163009080747 0.00377325852308 -0.00543346103623
-0.0161415053436 0.0030088307825 -0.00482750511817
-0.0159898564445 0.00230871413323 -0.00420175964549
-0.0158345767061 0.00167238188476 -0.00355371231273
-0.0156876406796 0.00110231613918 -0.00287312576592
-0.0155495154981 0.000599250675855 -0.00215293169877
-0.0153579480661 0.000154154027879 -0.00141334861455
-0.011838377642 0.0169696799933 -0.0142173001058
-0.0124601053312 0.0155140014949 -0.0135030665077
-0.0132354551594 0.0141115699213 -0.0128215518247
-0.0142954054348 0.0127730845195 -0.0121554221938
-0.0151772188652 0.0114999230144 -0.0114652523527
-0.0157000534275 0.0102810422657 -0.0107657567994
-0.0161423883702 0.00911942125727 -0.0100703228649
-0.0164537934498 0.00801198001698 -0.00938352127034
-0.0166456701486 0.00695787102689 -0.0087089875369
-0.0167362411442 0.00595735446518 -0.00804795745831
-0.0167453996473 0.00501155067308 -0.0073993635875
-0.0166470033585 0.00411835983081 -0.00676810696759
-0.0164711293789 0.00328015017312 -0.00615042548668
-0.0162837873022 0.00250335266491 -0.00553198703124
-0.0161237197989 0.00179276290936 -0.00489942533633
-0.0159841910875 0.00114881493303 -0.00424826834798
-0.015854746603 0.000571017501593 -0.00357600178739
-0.0157368964949 5.9579238681e-05 -0.0028776650021
-0.0155991045843 -0.000389164087402 -0.00215887146324
-0.0116758238733 0.016777284537 -0.0153727755587
-0.0123091887885 0.0152895796524 -0.0146024468075
-0.0130964524274 0.0138483601567 -0.0138757835668
-0.0143173763116 0.0124556278576 -0.0131937941286
-0.0153262044555 0.0111391103925 -0.012479259487
-0.0159364187315 0.0098930521605 -0.0117417229635
-0.016360695271 0.00870766676258 -0.0110081476182
-0.0166532176985 0.00758040481609 -0.0102858485709
-0.0168455877663 0.00651060048055 -0.00957727422999
-0.0169210258005 0.00549731322761 -0.00888507387546
-0.016902728406 0.00454083018988 -0.00820946635018
-0.0167809263467 0.0036407533955 -0.00755218808547
-0.0165854844256 0.00279852540543 -0.00691050945606
-0.0163781983888 0.00201787460697 -0.00627488770502
-0.016205177684 0.00130239965354 -0.00563442189627
-0.0160701676762 0.000653308041326 -0.00498334419982
-0.0159560319879 7.00103016925e-05 -0.00432032492995
-0.015857997465 -0.000448010126928 -0.00364312932258
-0.0157564541985 -0.000902696232369 -0.00295350459635
-0.0115922028898 0.0164862796365 -0.0165399863722
-0.0121652913998 0.0149841180643 -0.0157035560269
-0.0129579584416 0.0135167383746 -0.0149368604999
-0.0144182467366 0.0120682834879 -0.0142683645902
-0.0155169164052 0.0107139446712 -0.0135398570203
-0.0161369277672 0.00944741093239 -0.0127689205161
-0.0165521103907 0.00824791777941 -0.0119995549508
-0.0168052192633 0.00711103542967 -0.0112419023344
-0.0169663123952 0.00603388400621 -0.0105015381808
-0.0170137375919 0.00501660460384 -0.00977922799344
-0.0169704683073 0.00405882158918 -0.00907573161831
-0.016841470348 0.00316075952863 -0.00839085860261
-0.0166380255198 0.00232283530876 -0.00772361776671
-0.0164186694941 0.00154611445578 -0.00706873776968
-0.0162372560545 0.000832155194663 -0.00641854089802
-0.0161036285015 0.000181971841111 -0.00576785377178
-0.0160064124652 -0.000404261540303 -0.00511432080644
-0.0159311296512 -0.000927031140652 -0.00445729797865
-0.0158585456274 -0.00138742322567 -0.00379800176542
-0.0117979525748 0.016061690051 -0.0177905599567
-0.0120610975699 0.0145872116291 -0.0168217146893
-0.0128436588071 0.0131069730657 -0.0160176243155
-0.0145497468977 0.0116020196696 -0.0153951933883
-0.0156323525962 0.0102228164615 -0.0146523790897
-0.0162513945769 0.0089429242637 -0.0138536284226
-0.0166498676619 0.00773709687907 -0.0130515087447
-0.0168786829849 0.00659934605125 -0.0122594319946
-0.0169883994228 0.00552542478684 -0.0114855279827
-0.0170132645889 0.00451324400584 -0.0107328433566
-0.0169563106099 0.00356290952306 -0.0100010097342
-0.0168295195353 0.00267421451436 -0.00928955974279
-0.0166275373813 0.00184781351126 -0.00859733301854
-0.0164065395027 0.00108203702669 -0.00792282860012
-0.0162215850241 0.000375700214565 -0.00726233870992
-0.0160927827392 -0.00027112012865 -0.00661179312547
-0.0160087363551 -0.000857653053471 -0.00596862942895
-0.0159578701655 -0.00138359621942 -0.0053316546528
-0.0159147723914 -0.00184860703624 -0.00470151897493
-0.0119954188396 0.0155345952674 -0.0190920296916
-0.0119551243778 0.0140991472789 -0.0179623464577
-0.0127518159413 0.0126131260517 -0.0171332579087
-0.0145163404656 0.011073363506 -0.0165544037637
-0.0155884777095 0.0096757211113 -0.0158091517752
-0.0161862069356 0.00838938860671 -0.0149865281335
-0.0165619774908 0.00718380164474 -0.0141550264109
-0.0167867408831 0.00605038708691 -0.0133335511371
-0.0168885274296 0.00498578593331 -0.0125291866563
-0.0169081741555 0.00398582120463 -0.0117477438439
-0.0168589822879 0.00304932790119 -0.0109897129872
-0.0167429965523 0.00217628734588 -0.0102539781474
-0.0165550288652 0.00136732069809 -0.00953894572483
-0.0163341079753 0.000619191762125 -0.00884566406288
-0.0161458954604 -7.33083233077e-05 -0.00817498133479
-0.0160256111809 -0.000712485066705 -0.00752502921873
-0.0159555576499 -0.00129624887866 -0.0068923705023
-0.0159158063901 -0.00182256084301 -0.00627504558667
-0.0158966379491 -0.00229039735936 -0.0056726234233
-0.0116156747764 0.0149912037676 -0.0202528700428
-0.0117257467166 0.0135369155493 -0.0190990169901
-0.0125684499856 0.0120477441284 -0.0182688369917
-0.0141829140663 0.010509562395 -0.0177002838921
-0.0153030700395 0.00909120555688 -0.0169839468873
-0.0159258021568 0.00779720342781 -0.0161555192856
-0.016292997917 0.00659595870754 -0.0153007351491
-0.0165145860107 0.0054724351363 -0.0144536515873
-0.0166326071275 0.00442056736395 -0.0136255499883
-0.0166665811636 0.00343730317002 -0.0128203411119
-0.0166435573682 0.00251844588587 -0.0120416387351
-0.0165529017024 0.00166525083413 -0.0112862501447
-0.0164010703827 0.000876540420098 -0.0105538565913
-0.0161969212726 0.000150846363486 -0.00984421843951
-0.0160070239848 -0.000521236365859 -0.00916308585708
-0.0158885957121 -0.00114717111467 -0.00851335967057
-0.0158373894339 -0.00172534874038 -0.00789147740274
-0.015809856172 -0.00224870569775 -0.0072916817073
-0.015797859024 -0.00271496510881 -0.00671295768483
-0.0111676801607 0.0143710216063 -0.021405445607
-0.0114111338056 0.0128997601787 -0.0202416924653
-0.0122257390962 0.0114241149281 -0.0193996701468
-0.0136277590185 0.00991268157736 -0.0188207130269
-0.0147829765793 0.00848062349804 -0.0181539613705
-0.0154748081674 0.00717467713679 -0.0173478311641
-0.0158532677161 0.00597970660905 -0.0164799093916
-0.0160836986465 0.00486986654843 -0.0156135615104
-0.0162116168497 0.00383703142332 -0.0147647215146
-0.0162702900432 0.00287417117012 -0.0139421647227
-0.0162884102114 0.00197460936584 -0.0131511502505
-0.0162415289119 0.00114236200516 -0.0123841590825
-0.0161331324878 0.000376023781529 -0.0116408177552
-0.0159800074199 -0.000328430623917 -0.0109230760109
-0.015815681237 -0.000978158605862 -0.0102351139758
-0.0156963311911 -0.00158413711103 -0.00958373862186
-0.0156388942725 -0.0021483713165 -0.00896837846525
-0.0156252370996 -0.00266514509054 -0.00838378805977
-0.0156264654351 -0.00312641976535 -0.00782460095548
-0.00700365176255 0.0139371867991 -0.0203294704424
-0.01110698617 0.0121803425148 -0.0214461504093
-0.0117865629034 0.010736986519 -0.0205411317498
-0.0129245435538 0.00927648519749 -0.019913161191
-0.0140587170672 0.00784895551906 -0.0192985940913
-0.0148007168184 0.00653739122939 -0.0185313571624
-0.0152366634553 0.00534382453594 -0.0176772845026
-0.0154843824074 0.00425146753359 -0.0167997919068
-0.015650577055 0.00323686156002 -0.0159438997279
-0.0157483907967 0.00229550667875 -0.0151136810858
-0.0158043670174 0.00141887428526 -0.0143161364676
-0.0157954611378 0.000611608750429 -0.0135423796322
-0.015731978293 -0.000130216784968 -0.0127942472932
-0.01563901956 -0.000814449238725 -0.0120767289484
-0.0155234594082 -0.00144351782022 -0.0113892785897
-0.0154326911224 -0.00202995255548 -0.0107404094757
-0.0153760657196 -0.0025745867455 -0.01012880825
-0.0153485085931 -0.00307321885702 -0.00955057225802
-0.0153433575224 -0.00352032743412 -0.00900239745034
-0.00769337381576 0.0129247299857 -0.0218334888801
-0.0106568274873 0.0114029573523 -0.0226473622148
-0.0112646563042 0.00998625833106 -0.0217011582985
-0.0121561496529 0.0085870378035 -0.0209986334952
-0.0131760529076 0.00719448741063 -0.0204033951312
-0.0139524027324 0.00588673054931 -0.0196939536954
-0.0144441267405 0.00469783539469 -0.0188731626975
-0.014731573413 0.00362250988985 -0.0180028999813
-0.0149299447908 0.00263157344876 -0.0171469174214
-0.0150629908745 0.00171629770806 -0.0163161542051
-0.0151570536931 0.000865639107531 -0.0155198981141
-0.0151895691878 8.5264048513e-05 -0.0147471957014
-0.0151728872288 -0.0006306511598 -0.0140014222165
-0.0151323909289 -0.00129237035442 -0.0132892808923
-0.0150732896834 -0.00190230954989 -0.0126096482291
-0.0150165263218 -0.00246732645224 -0.0119659611308
-0.0149845125562 -0.00299304931995 -0.0113611491796
-0.0149780452031 -0.00347581991049 -0.0107917911816
-0.0149913290149 -0.00390840113287 -0.0102534307087
-0.00766780848399 0.0118870847172 -0.0230149826482
-0.0100928759544 0.0105669759222 -0.0238584064375
-0.0106237551641 0.00917784590619 -0.0228540426217
-0.0113162634299 0.00784298898489 -0.0220657957108
-0.0121706293445 0.00651381036405 -0.021451308072
-0.0129423868889 0.0052296919776 -0.0208063202013
-0.0134888181309 0.00405018766585 -0.0200460048875
-0.0138260036174 0.0029928963931 -0.0192050862076
-0.014054189035 0.00203133198333 -0.0183587751918
-0.0142182695902 0.00114783301839 -0.0175352861047
-0.0143273562911 0.000336195485037 -0.0167384185445
-0.0144086021125 -0.00041810517168 -0.0159792146122
-0.0144552366498 -0.00111429376383 -0.015251143524
-0.0144656544889 -0.00175284075162 -0.0145510146238
-0.0144534226818 -0.00234022194599 -0.013881890233
-0.0144353910949 -0.0028830904877 -0.0132470367267
-0.0144335060961 -0.00338828939572 -0.012650308169
-0.0144607865587 -0.00385609738851 -0.0120913961984
-0.0145070394299 -0.0042750240072 -0.011562729067
-0.00748581462643 0.0107950371032 -0.0242153083034
-0.00937121742168 0.009670539148 -0.0250196310745
-0.0098441507781 0.0083109707213 -0.0239560686334
-0.0104061480071 0.00704145781508 -0.0230995882633
-0.0110866706054 0.00579869807324 -0.0224333619739
-0.0117656000412 0.00458186405977 -0.0218074966118
-0.0123292409288 0.00343456687075 -0.0211199381473
-0.0127192958477 0.00240036732148 -0.0203410027057
-0.012999617066 0.00146457001606 -0.0195382265297
-0.0132022022779 0.000614374740475 -0.0187409803321
-0.0133541589524 -0.000165718168986 -0.0179682659475
-0.0134718337704 -0.000887237325591 -0.0172279316951
-0.013570072577 -0.00156069858212 -0.0165246974786
-0.0136326204618 -0.00217778332543 -0.0158461252386
-0.013670832655 -0.00274474570345 -0.0151953899768
-0.0136994142681 -0.00326828570284 -0.0145759312361
-0.013737508695 -0.00375519454083 -0.013991559321
-0.0137957489969 -0.00420460563204 -0.0134411423619
-0.0138735256332 -0.00460708686066 -0.0129190507863
-0.0071431517846 0.00965490419672 -0.0254255868607
-0.00845339829179 0.00867760923319 -0.025976486856
-0.00895348376025 0.00737341860131 -0.0249792031542
-0.00943424627504 0.00617732920114 -0.0240801409053
-0.00997519843899 0.00503561368573 -0.0233601204371
-0.0105435106088 0.00391618827892 -0.0227339963715
-0.0110635560837 0.00284025740312 -0.0220971151719
-0.0114881293721 0.00184223359451 -0.0214069336333
-0.0118064144287 0.000941541111087 -0.0206684171468
-0.0120589840764 0.000119229499628 -0.0199294166269
-0.0122572920438 -0.000631972861169 -0.0192017949226
-0.0124201283963 -0.0013262197288 -0.018499366691
-0.0125594853055 -0.00197323839803 -0.017827304498
-0.0126772763592 -0.00257447159625 -0.0171827040049
-0.0127721694922 -0.00312769024223 -0.016561085359
-0.0128480144641 -0.00363306470269 -0.0159613537416
-0.0129141193833 -0.00409281811299 -0.0153847266558
-0.012979714058 -0.00450664350858 -0.0148312352927
-0.0130551729041 -0.00487183965597 -0.0143003269453
-0.00672180705988 0.00857814324931 -0.0269293521388
-0.00754139907424 0.00759084696448 -0.0269486016866
-0.00808832611988 0.00636718378896 -0.0261406793331
-0.00851304780404 0.00523057989436 -0.0251873133743
-0.00893615161765 0.0041882507059 -0.0243743759352
-0.00940485961282 0.00317481254488 -0.0237349444347
-0.0098803207387 0.00217608706347 -0.0231592187259
-0.0102906987364 0.00123747392624 -0.0225354079443
-0.0106233053532 0.000381246638681 -0.0218635335409
-0.0108817359457 -0.000387034971267 -0.0211623562963
-0.0110878954318 -0.0010832328061 -0.0204633081425
-0.0112689454771 -0.00173218485842 -0.0197926613031
-0.0114411343151 -0.00234951442021 -0.0191590330207
-0.0115873078513 -0.00291885491377 -0.0185425663158
-0.0117177103357 -0.00344724858227 -0.0179475593145
-0.0118241899427 -0.0039240975802 -0.01736482909
-0.0119079381498 -0.00434631107297 -0.0167927373794
-0.0119774749066 -0.00471530587725 -0.016233267172
-0.0120574441405 -0.00504104182424 -0.0156941847626
-0.00612070770304 0.00787958157807 -0.0292422847037
-0.00676142350796 0.00671287007736 -0.0289227915764
-0.00733443219361 0.00543137966754 -0.028225680469
-0.00787653743115 0.00421259281141 -0.0275449149902
-0.00833118089788 0.00307806887076 -0.0267101255771
-0.0087407808783 0.00204285655088 -0.0259016847992
-0.00912412254646 0.00108317509687 -0.0251507896382
-0.00945718760129 0.000211964900716 -0.0243951623507
-0.00975466057056 -0.000586671719184 -0.0236624729496
-0.0100132673317 -0.00131235357331 -0.0229432773663
-0.0102201861238 -0.00195202593508 -0.0222198003193
-0.0103788715322 -0.00251101844288 -0.0214998116898
-0.0104882077473 -0.00299022824764 -0.0207840444617
-0.0105725844607 -0.00342041442827 -0.020096741405
-0.0106686673145 -0.0038433382856 -0.0194632441533
-0.0107556935088 -0.00423199659442 -0.0188551957296
-0.0108217601017 -0.00456980804752 -0.0182585479202
-0.0108672827079 -0.00485333245382 -0.0176707444741
-0.0109218684336 -0.00510364071356 -0.0171046557673
-0.00104862799025 -0.018912193944 0.00175084669387
-0.00284722456344 -0.0181533708804 0.00344123415545
-0.00455863879372 -0.0170341169249 0.0048567760849
-0.0062358354281 -0.015788943634 0.00595919439888
-0.00791312485751 -0.01451693126 0.00678542342508
-0.00964621438677 -0.0132945273533 0.00740022028771
-0.0114088959591 -0.0120431650326 0.00777101568627
-0.0131670060054 -0.0107130921082 0.00786252912568
-0.0148131553909 -0.00922440465373 0.00763428113178
-0.00132686963678 -0.0187362418939 0.000998865580605
-0.0032129574762 -0.0181895946616 0.00243297121897
-0.00505053253066 -0.0172700025724 0.00373422940349
-0.00676182764105 -0.0160084354374 0.00481302748293
-0.00834023378132 -0.0145302903096 0.00562882617032
-0.0102390900096 -0.0134081277834 0.00631676605418
-0.0120919807688 -0.0121393653368 0.00677380432388
-0.0137903668564 -0.0106660839704 0.00697222109251
-0.0152323869931 -0.00895938837568 0.00691839289813
-0.00160600661905 -0.0184870996146 0.000271027091089
-0.00352455427629 -0.0179843369914 0.001415009501
-0.00541761404513 -0.0170987536547 0.00249478502198
-0.00714359189992 -0.0158337680022 0.00348083878818
-0.00857992399017 -0.0142223684839 0.00433854199972
-0.0105072317934 -0.0130872270103 0.00500682833824
-0.012557627721 -0.0119579192298 0.00553773792085
-0.0142166329367 -0.0104484919402 0.00592702004771
-0.0155358907747 -0.00866125762864 0.00615507848766
-0.00189337748336 -0.0181907056733 -0.000432858440984
-0.00377899449598 -0.0176321813153 0.000462681298393
-0.0056382178635 -0.0167010014066 0.00135196220796
-0.00727087425781 -0.0153640376566 0.00226126799552
-0.00865250549531 -0.0137751615867 0.00314678390015
-0.0105926449011 -0.0126539754821 0.00379085009323
-0.0127656420677 -0.0116026711211 0.00432518680263
-0.0144402410565 -0.0101200934561 0.00487662226728
-0.0157058877093 -0.00832618770668 0.00537213372726
-0.00219481764238 -0.0178605486756 -0.00111678854577
-0.00399768913884 -0.0171978201481 -0.00040790596374
-0.00575919213484 -0.0161960180191 0.000353361502684
-0.00727924693206 -0.0148153342659 0.00120917112754
-0.0086760144967 -0.0133180511032 0.0020623096955
-0.0105697708772 -0.01219073359 0.00269789206795
-0.0126889301113 -0.011112456823 0.0032557582095
-0.0144208106303 -0.00968916060433 0.00390206505512
-0.015779946153 -0.00798718679348 0.00458285591161
-0.00249792044318 -0.017466471711 -0.00177077505649
-0.00418131723273 -0.0166753161314 -0.00119190936294
-0.0058458484061 -0.0156490740649 -0.000536990870027
-0.00732834179316 -0.0143180430818 0.000229205761383
-0.00870787850952 -0.0128717163774 0.00103023081724
-0.0104815394172 -0.0117082508554 0.001687228674
-0.0125041956025 -0.0106091132292 0.00229102766258
-0.0142785149744 -0.00924442251346 0.0029949389192
-0.0157803761687 -0.00766096862474 0.00378331386567
-0.00282269836719 -0.01705462022 -0.00241274302439
-0.00441989913452 -0.0161935929102 -0.00195668468216
-0.00599303947106 -0.0151437574515 -0.00139774773974
-0.00747650732544 -0.0138968593608 -0.000747265705606
-0.00890611831 -0.0125518316717 -4.25366836437e-05
-0.0105332406279 -0.0113312517529 0.000644887069113
-0.0123907890314 -0.0101837688729 0.00132610867907
-0.0141819904785 -0.00887692156018 0.00208182488853
-0.0157699173424 -0.00737878983757 0.00294991848936
-0.00315298237791 -0.016586872948 -0.00302754323263
-0.0047201046325 -0.0157581172659 -0.00271868816489
-0.00623594946506 -0.0147124210009 -0.00226667595014
-0.00772868446006 -0.0135555043787 -0.0017336025399
-0.00923516834762 -0.012349147157 -0.00112862390787
-0.0107632007312 -0.0110964132154 -0.000442403463104
-0.0124302833863 -0.00987830640571 0.000310645689454
-0.0141601132456 -0.00859136556274 0.00113377248614
-0.0157510981651 -0.00713163956016 0.0020738990811
-0.00350398418617 -0.0161017683576 -0.00363537543104
-0.00506593563379 -0.0153539714323 -0.00346946067895
-0.00656013603412 -0.0143562164962 -0.00313107673788
-0.00805010616365 -0.0132810977297 -0.00269815015852
-0.0095748844006 -0.0121830593538 -0.00215412672599
-0.0110401429963 -0.0109298916978 -0.00149826681901
-0.0125670455675 -0.00966838044469 -0.000718334618471
-0.014192244875 -0.00837332283744 0.000163391926479
-0.0156474789134 -0.0068809871742 0.00117966191934
