0.016631360036 -0.00847746545719 0.0161613528259
-0.000805055489859 0.00366785089573 0.0236812713626
0.0192466162344 0.00170935169267 -0.0145490113754
-0.0100158214644 0.0223921069118 -0.002197539918
0.0194467483171 0.00595598679253 0.00952121111476
0.00668353721799 0.0148975593869 0.0150101416545
0.0212093452702 0.00479413781242 0.0132376011503
0.00732438709845 0.0146319336064 0.0189838776437
0.021740283567 0.00359294448864 0.0170435243577
0.00774347163167 0.0133952196473 0.0229036368736
0.0215927998302 0.00255844854099 0.0208837878932
0.00924162926807 0.0114332824891 0.026010827456
0.0208746438284 0.00138410026521 0.0229502729841
0.00946569414663 0.0095257010723 0.0283417001567
0.0252694813724 0.00252212051067 0.0280323677865
0.0116526028073 0.0121534226773 0.0335005643808
0.0186327509733 -0.00103261367913 0.0319694914793
0.0124794538202 0.00320526626529 0.034627987153
0.0164411911707 -0.000572146645541 0.0335872409512
0.0140969250886 0.00101349678212 0.0346621412354
-0.00736625372079 0.00783093552126 -0.0324804713888
0.0204727605475 0.00368274118533 -0.011703218183
-0.00642780307505 0.0230992129312 0.000592083836399
0.0187169062831 0.00710409505609 0.00909991698391
0.0200464905055 0.00568021536306 0.00841704971711
0.0210781882624 0.00519470209553 0.00957477984864
0.0196770105276 0.00680040065625 0.0110882491274
0.00769140439022 0.0149298149922 0.0138775484595
0.00570747639782 0.0157599501278 0.0141164925744
0.0055717933234 0.0159689878527 0.0160949016799
0.00831838366823 0.0147640938271 0.0158268467397
0.0200245273663 0.00626468385162 0.0126811292175
0.0203003244415 0.00545130273307 0.0149372648569
0.0228079714554 0.00423826078049 0.013647169896
0.0218486905103 0.00496980765038 0.0119111598505
0.00837399442116 0.014535735993 0.0178290965748
0.00857697328142 0.013985204228 0.0197591975886
0.00646880970175 0.0155506827589 0.0204515874892
0.00627287866983 0.0158577061971 0.018386470416
0.0206680651738 0.00488205642795 0.016634321285
0.0209055286156 0.00408942463216 0.018558973128
0.023434746704 0.00312834507651 0.0177258695904
0.0232648843563 0.00397253568838 0.0156565250924
0.00903553201349 0.0133379016956 0.0215279552093
0.00907152534974 0.0126043924203 0.0237062918076
0.00760581804698 0.0142530699604 0.0244916743249
0.00724761178815 0.0150590162484 0.0226523761975
0.0207979381524 0.00309051769541 0.0213011266046
0.0228205557142 0.00242826295518 0.020461470814
0.0099206107597 0.0109640465523 0.0256890557006
0.00849265107599 0.0123865978679 0.0265786253732
0.0199642666762 0.0016624933896 0.0229151653252
0.021904227611 0.00134395977043 0.0232770022732
0.0100211404628 0.00884320692079 0.0277467508507
0.00913160225356 0.0105973369162 0.0285812261042
0.017073376458 -0.00333896341326 0.0281884503176
0.00890564030493 0.00262511537307 0.0316721688137
0.0160465964299 -0.00405290368364 0.0296120117611
0.00872554047499 0.00114663957116 0.0325169067014
0.015383614032 -0.00325805441888 0.0303529362611
0.0105356484699 0.000312916008012 0.0325275809225
0.0179530072682 0.00407063667275 0.00786803029329
0.0206426051544 0.00198251620975 0.0108865092843
0.0219764538981 0.000782166272662 0.0139953610194
0.0219358367545 -0.00045114847142 0.0176916336885
0.021330881698 -0.00163416629336 0.0205041181688
0.0201064447093 -0.00305342559085 0.0236329002746
0.00441825241309 0.013368238419 0.0137691066855
0.00375751318688 0.0136113363105 0.0176673317062
0.00400379614818 0.0131714797278 0.0215857517023
0.00504083492719 0.0112048460326 0.0250273912754
0.00552707126648 0.00948169903263 0.027251665735
0.00580530565747 0.00689580345087 0.0294698592821
0.0149406267763 0.00952514186715 -0.00451869027209
0.0035775884048 0.0182606659552 0.000814315168134
0.0191877654094 0.00748753473424 -0.0161201100136
-0.00489789980118 0.0250179612655 -0.00554360990984
0.02368539207 -0.00141079567685 -0.00989795986192
-0.0104494240658 0.02301052737 0.00512925773665
0.0166046194736 0.00420252827014 -0.00791811046244
-0.00435825131454 0.0187307306626 0.00155825526201
0.00244629412259 -0.0164965634248 0.0120929545427
0.0041299048155 -0.0172448390743 0.010945665368
0.00572991322722 -0.0178467419705 0.0099311563794
0.00724587748553 -0.0182818513775 0.00900485376147
0.0087479287324 -0.0185222551102 0.0082434102256
0.0102575929617 -0.0185708331868 0.00771564332903
0.0117322971715 -0.0184366270652 0.00731950329489
0.0131905090412 -0.0181187122598 0.00709613141146
0.0146331595192 -0.0176189380343 0.00704821758034
0.0160135086324 -0.0169369480038 0.00729571480398
0.0160135086324 -0.0169369480038 0.00729571480398
0.0172992393478 -0.0159263740415 0.00797675287576
0.0182627676647 -0.0149190882777 0.00868552358676
0.0188702845515 -0.0139434796504 0.00948239934195
0.0193957778016 -0.0130695749214 0.0102108050287
0.0197099655478 -0.0121229335228 0.0110995428407
0.0196908827174 -0.0110358009479 0.0122075945108
0.0192126811006 -0.00990770441018 0.0134909803331
0.0181008921809 -0.00908608235771 0.0148149145397
0.016631360917 -0.00847746347919 0.0161613533549
0.016631360917 -0.00847746347919 0.0161613533549
0.0155808303993 -0.00805485455002 0.0167570582554
0.0144386796632 -0.00771939841896 0.0171779112652
0.0132142150257 -0.00756069023466 0.0174014834491
0.0119431199743 -0.00752121212728 0.0174427587161
0.0106283250471 -0.00751300776833 0.0173246332505
0.0091541284615 -0.00690607363927 0.0172517880709
0.00754813618151 -0.00657485197392 0.017000706063
0.00609080213125 -0.0071959449215 0.0162828683145
0.00479907548612 -0.00797065199938 0.0152193681819
-0.00628884809098 -0.00976673182449 0.0164755546488
-0.00828595879847 -0.00811479716484 0.0166805553933
-0.00990773683269 -0.00643619402782 0.0170606615344
-0.01124426888 -0.00481911503015 0.0174100114502
-0.0122509091888 -0.00323799272549 0.0178269065781
-0.0129232122102 -0.00170697330878 0.0183144115186
-0.0133067167146 -0.00021571356911 0.0187825068293
-0.0134023709882 0.00125426446277 0.0192394065541
-0.0131812456825 0.00269150088555 0.0197401764859
-0.0126150192961 0.00406091956907 0.0203200670369
-0.0126150192961 0.00406091956907 0.0203200670369
-0.0118918546175 0.0051432781167 0.0210774398724
-0.011030514835 0.00593757322806 0.0216878456433
-0.0100891849679 0.00646906164706 0.0221672118156
-0.00909560750282 0.00687511728769 0.0225346846384
-0.00785282079529 0.0072092931002 0.0228875951003
-0.00610914918832 0.00743589682204 0.0233000180862
-0.00401152280243 0.00701511924735 0.0236751908492
-0.0022867724497 0.00554701060463 0.0237707653282
-0.000805055489859 0.00366785089573 0.0236812713626
-0.000805055489859 0.00366785089573 0.0236812713626
0.000287296664164 0.00284453950384 0.0224701332067
0.0011698763989 0.00196059088033 0.0214252964104
0.00194749670591 0.00103870743448 0.0205885475836
0.00212576542896 -0.000109081616069 0.0196727931111
0.00224690425415 -0.0011391341215 0.0189964897021
0.00277210828099 -0.0025752235103 0.0185673359888
0.00247314199249 -0.00361737610047 0.0181644319347
0.00194443447108 -0.00454979297225 0.0180094207105
0.00122276887627 -0.00548533575203 0.0180725143003
0.025269480816 0.00252211926141 0.0280323674524
0.0252346926237 0.002563464262 0.0275835498214
0.0249987166451 0.0023712948205 0.0270236935188
0.0246117886674 0.00187008099583 0.0266367072215
0.0241797124379 0.00138398785127 0.0263350382496
0.0236977858471 0.000998726258257 0.0259578624181
0.0231370717379 0.000612945788135 0.0255695195023
0.02249325823 0.000224458063667 0.0251567249226
0.0217644560027 -0.000170188456353 0.024713547187
0.0210125578569 -0.000494226348361 0.0240964997277
0.025269480816 0.00252211926141 0.0280323674524
0.025292235315 0.00182843405776 0.0283760845099
0.0248712141897 0.000798596298277 0.0284250271992
0.0243823973042 -3.24582625026e-05 0.028385291246
0.0238044020081 -0.00077746508638 0.028270473863
0.0231258904867 -0.00148126791571 0.0280829142833
0.0223278656174 -0.00213823176145 0.0278023403562
0.0214157577855 -0.0027663899098 0.0274391091
0.0203754159867 -0.00333249370429 0.0269700317633
0.0192152583196 -0.00385755320773 0.0264092424346
0.025269480816 0.00252211926141 0.0280323674524
0.0250481577282 0.00202029428285 0.0284419816215
0.0245808213503 0.00129390258031 0.0285864585964
0.0240226905757 0.000677859420896 0.0286120151483
0.0233284185145 0.000130074792946 0.0286095744768
0.0224960528895 -0.000395107290728 0.0284789269834
0.0215251869592 -0.000892059016047 0.0282352094889
0.0204166601081 -0.00136099421161 0.0278774686929
0.0191514632408 -0.00178781889966 0.0274446773237
0.0177785679025 -0.00220953620688 0.026838103774
0.025269480816 0.00252211926141 0.0280323674524
0.0248613929079 0.00217486980556 0.0284227717782
0.0242324575223 0.00147261811943 0.0285254849388
0.0235683725785 0.000884219464166 0.0284781833085
0.0228031920082 0.000395109824251 0.0283391135444
0.0219623171624 -6.47402487828e-05 0.0280372112117
0.0209640444207 -0.00044254821937 0.0276827833013
0.019841924036 -0.000763956957404 0.0272210204441
0.0186944734761 -0.00111282935635 0.0265275054358
0.0173793346497 -0.0013602091775 0.0257859749936
0.0116526028073 0.0121534226773 0.0335005643808
0.0112417201962 0.0122097705878 0.0332739805868
0.0107626137888 0.0118868241498 0.0328032146813
0.0103227372329 0.0115634218277 0.0323993172451
0.00991449842024 0.0111848940863 0.0320413238145
0.0095420268516 0.0107672701725 0.0316887923692
0.00920447422944 0.0103151880809 0.0313026770787
0.00889542811578 0.00984493811571 0.0308443013231
0.0086238147676 0.00930918393046 0.0303435838123
0.00828924823221 0.00897445929813 0.0297111229007
0.0116526028073 0.0121534226773 0.0335005643808
0.0112613339921 0.0116496548939 0.0341836084881
0.0107674151136 0.010891604882 0.0343785483344
0.0102571962549 0.0101425778106 0.0343787017505
0.00975356330048 0.00937671140615 0.0343020240522
0.0092411897084 0.00855602958691 0.0341193850823
0.00870778511522 0.00767640764804 0.0337938824731
0.00815191833754 0.00675220508223 0.0332901599067
0.00759694269757 0.00581077423783 0.0325671643475
0.00704039258462 0.00482247540652 0.031689392026
0.0116526028073 0.0121534226773 0.0335005643808
0.0115204562019 0.0115948536306 0.0341538553663
0.0112072692322 0.0106716405532 0.0341848733168
0.0108126795288 0.00982633013763 0.0340310031443
0.0104542533485 0.00899764011502 0.0338074779736
0.0101061923983 0.00815032426656 0.0334540165959
0.00978728315748 0.00725071361059 0.032974333509
0.00950386704309 0.00627957709892 0.032367222805
0.00926662904581 0.00521802643767 0.0316431158823
0.00899860776669 0.00415089133461 0.030740346262
0.0116526028073 0.0121534226773 0.0335005643808
0.011703191004 0.0116077342175 0.033929379092
0.0114621363989 0.0107072528653 0.033798790548
0.011105336206 0.00987760665055 0.0335595442137
0.0107864240498 0.00907056660849 0.033195330501
0.0104847253829 0.00824470218703 0.0326626686765
0.0101202874842 0.00744163642712 0.0319403575927
0.00976717758727 0.00665172388129 0.0310145892041
0.00954918242425 0.00565310080849 0.0299455275185
0.00924229728367 0.00458232679844 0.0287375951568
-4.13120566163e-05 -0.0189022947742 -0.00380724862579
0.00214551182691 -0.0191859620401 -0.00215296550663
0.00425282207582 -0.0192273564316 -0.000675402754622
0.00624905190729 -0.019116704889 0.000627612331102
0.00813983582193 -0.0189814410827 0.00172186626962
0.00995985232252 -0.018916147489 0.00255657369318
0.0117025579629 -0.0188204961642 0.00315949499414
0.0133663468061 -0.0186741668066 0.00353524242485
0.0148748989069 -0.0183233374754 0.00378832846187
0.0161998770681 -0.0177820839684 0.00394739962344
0.0161998770681 -0.0177820839684 0.00394739962344
0.0172954054427 -0.0173847599805 0.00439127447891
0.0182869018809 -0.0169049430211 0.00489518786622
0.0192702975491 -0.016385383197 0.00532954977137
0.0202286844522 -0.0157723634618 0.00571387726755
0.020985253473 -0.0150661395771 0.00629605158619
0.0216081252698 -0.0142849578915 0.0069900644772
0.0221616810176 -0.0134014278133 0.00770897723294
0.0228265842564 -0.0124158457984 0.00816940193192
0.0235568470563 -0.0114181609977 0.00840870579112
0.0235568470563 -0.0114181609977 0.00840870579112
0.0242028466591 -0.0100870594692 0.00839342051919
0.0248739765783 -0.00902229237805 0.00802597579225
0.0253841775264 -0.00824628048164 0.00749608556449
0.0256952764951 -0.00774117393548 0.00688657312526
0.0258405738514 -0.00741925938046 0.0062694866234
0.025809191407 -0.00735214470785 0.00560123734552
0.0256579296448 -0.00743307006128 0.00492958842104
0.0255047198023 -0.00740473915166 0.00425757217632
0.0252379929596 -0.00748323671397 0.00347038811449
0.0252379929596 -0.00748323671397 0.00347038811449
0.0250960290716 -0.00728066996254 0.00056489513268
0.0248244829929 -0.00697640148045 -0.00217508949399
0.0244121470537 -0.00663198488433 -0.00478417147961
0.023921282206 -0.00603917677749 -0.00721691554859
0.0233254681283 -0.00514219092039 -0.00942849320225
0.0224447037339 -0.00357275073998 -0.0112104381649
0.0212151856766 -0.00237955856683 -0.0130157444029
0.0201393338898 -0.00162880880922 -0.0149991392281
0.0198329426544 -0.000744209684635 -0.0169698143224
-0.0176736406007 -0.00593339779339 0.00218674101205
-0.0175129281443 -0.00570428058332 0.00465110509296
-0.0171555520066 -0.0051844494232 0.00691351259774
-0.0166925030515 -0.00445722385119 0.00894866796953
-0.0162302409486 -0.00356758414062 0.0107651320327
-0.015901721169 -0.00253456039083 0.0124014840567
-0.0157579064232 -0.00135112848778 0.0138837648355
-0.0157552605781 -4.78888623311e-06 0.0152046112063
-0.0157439647363 0.0015171558613 0.0163126880252
-0.0156836841548 0.00321779541485 0.0171924347855
-0.0156836841548 0.00321779541485 0.0171924347855
-0.0155249566523 0.0042757443442 0.0179175524272
-0.0152205877257 0.00525478012753 0.0186037795768
-0.0148536120973 0.0061750523262 0.0192640187071
-0.0143712892785 0.00702861399392 0.0198876473189
-0.0137892252616 0.00782565722052 0.0204745935746
-0.0130852476066 0.00854980468325 0.0210268435384
-0.0122438608245 0.00917801325751 0.0215490068127
-0.0112496604048 0.009678353973 0.0220447743462
-0.0102526670101 0.0102472598075 0.0224881501239
-0.0102526670101 0.0102472598075 0.0224881501239
-0.00895994714723 0.0113330719172 0.0226293185825
-0.00807128261602 0.0125053412395 0.0225904133759
-0.00756021898844 0.0135502023229 0.0222830887922
-0.00723575141404 0.0143864434223 0.0218597066264
-0.00703940321498 0.015095246723 0.0213978027018
-0.00721758402481 0.0155950748183 0.0206903796828
-0.00745492885108 0.0160745941123 0.019997493637
-0.00808060386419 0.0162815029643 0.0190898213476
-0.00872965262315 0.0166231108672 0.0181095824001
-0.00872965262315 0.0166231108672 0.0181095824001
-0.00989920632431 0.0177230762296 0.01603053559
-0.0108405496612 0.0187152837185 0.0139059368716
-0.0117492695504 0.0194852657149 0.0117317486852
-0.0124046727435 0.0202058839458 0.00951220514549
-0.0126324636586 0.0208779170949 0.00723750622002
-0.0119379496934 0.0213342768814 0.00481296372451
-0.0116292174183 0.021317447118 0.00227378969054
-0.0121117102698 0.0215095127148 -0.000121912079718
-0.0123959408398 0.0223138585737 -0.00229419639606
0.00647165915673 -0.00842887387641 0.0219289139985
0.00740011928221 -0.00805176702556 0.0220275234586
0.00820959154571 -0.00763612339256 0.0222237836391
0.00900289483378 -0.00715864324478 0.0225186244569
0.00983120488669 -0.00660030293248 0.0229638474434
0.0106944504786 -0.00594616156989 0.0236237719381
0.0114598983221 -0.00532897455375 0.0247728982155
0.0121148084441 -0.0047778868611 0.026361345818
0.012683831406 -0.0043184768606 0.0283312706827
0.0132653833357 -0.00376946037909 0.0304889642953
0.00358946691436 -0.00649792542666 0.0230641783608
0.00376203428571 -0.00536808827597 0.0234369226274
0.00409708663874 -0.00448085827436 0.0240369596814
0.00449709395332 -0.00364191540996 0.0246232577509
0.0050377949223 -0.00284628736147 0.0253160652093
0.0057533958736 -0.00210561214206 0.0261413417904
0.00665681366471 -0.00172354851727 0.0273193688296
0.00770468941245 -0.0015286338813 0.0286996020883
0.00887401506564 -0.00154251468588 0.0303198295932
0.0102554962602 -0.00152534965842 0.0319374734674
0.0110158284848 -0.00173451181702 0.0282296354734
0.0109962054348 -0.00208694185401 0.0287243725106
0.0110288949672 -0.0023482518047 0.0291901450178
0.0111298373821 -0.00249359640865 0.0296244802479
0.0112632975171 -0.00257900039893 0.0300184956749
0.0114347438491 -0.00259927045933 0.0303829913301
0.0116607819347 -0.00252818527238 0.0307165721733
0.011941157066 -0.00236554074518 0.0310166283374
0.0122762267424 -0.00209842893753 0.0312693123476
0.0126551596135 -0.0017424925027 0.0314773504206
0.0247603820332 -0.00490174076538 0.0119371284172
0.0257653331461 -0.00431721927442 0.0102146978586
0.0265236099662 -0.0039323650457 0.00829588571674
0.0269803059862 -0.00377713911324 0.00639637504295
0.0269935077153 -0.00395783583114 0.0046670241478
0.026861156373 -0.00420639239437 0.00311059961809
0.0266430697534 -0.00447680860896 0.00164492800335
0.0264306142495 -0.00470125187373 0.000195825379192
0.0263104678209 -0.0048208734253 -0.00125690211892
0.026264095521 -0.00486204910378 -0.00262973870988
0.026264095521 -0.00486204910378 -0.00262973870988
0.0261467150694 -0.00464769109925 -0.00361987120712
0.0259954279759 -0.00438561159474 -0.00456458426671
0.0257696541309 -0.00409827097909 -0.00546288779108
0.0255299654836 -0.00375418075231 -0.00631609619278
0.0252908197286 -0.00334729316349 -0.00712520099307
0.0249815378551 -0.00291004519864 -0.00788843928474
0.0246150258074 -0.00243577628635 -0.00860596200746
0.0241843225326 -0.00193176719621 -0.00927656394093
0.0236853914615 -0.00141079721075 -0.00989796003362
-0.00233769483237 0.0151653008118 0.0234087596537
-0.00289278608293 0.0164936162405 0.0225002245946
-0.00357575962626 0.0176961836962 0.021445912722
-0.0044514496683 0.0185071434115 0.0203168454711
-0.00544545284885 0.0188280558528 0.0192309868527
-0.00628065943701 0.0191791179489 0.0182184957031
-0.00703590860708 0.0194970496067 0.0172280488221
-0.00771207894887 0.0198364517281 0.016241684092
-0.00834337467467 0.0201223991118 0.0152641764604
-0.00889433029167 0.0204298729539 0.0143243755573
-0.00889433029167 0.0204298729539 0.0143243755573
-0.00928640099851 0.0208496057357 0.0131333428667
-0.00961713860563 0.021245253504 0.0119848489269
-0.00988148089279 0.0216621224319 0.0108930890582
-0.0101019659501 0.0220111977617 0.0098359710928
-0.0102757158426 0.0222930150377 0.00881303495918
-0.0103806731696 0.0226127089316 0.00784524844075
-0.0104367804474 0.0228547423218 0.00690445908078
-0.0104499891694 0.0230045230309 0.00599402573723
-0.0104494245409 0.0230105259679 0.00512925783871
0.0104121285715 0.014467606267 -0.0160489038515
0.0113499686027 0.0150854553626 -0.0151380156562
0.0120083008205 0.015566595466 -0.014204684912
0.012261809962 0.0157160636065 -0.0132315669683
0.0120979944489 0.0155959825392 -0.0122647904425
0.0118848386184 0.0158115108057 -0.0113676917663
0.0114808043198 0.0160761373496 -0.0104824150349
0.0102877190124 0.0155958375904 -0.00963322572342
0.00902746713633 0.0153750786851 -0.0088259669486
0.00810563997228 0.0158253394278 -0.00794486768921
0.00236182195613 0.0201579087569 -0.0122193037228
0.00305081332471 0.0208592680887 -0.0111808395276
0.00382629334662 0.0214662250257 -0.0103317702215
0.00448041807868 0.0216046801371 -0.00955609965854
0.00494550928825 0.0210449871079 -0.00885601558072
0.00567032775049 0.0207471086216 -0.00839878529318
0.00652559809019 0.0204020319846 -0.00807744649764
0.00687825018763 0.018802196988 -0.00786793158366
0.00718445785281 0.0170065809146 -0.00786838600515
0.00810563997228 0.0158253394278 -0.00794486768921
0.016631360917 -0.00847746347919 0.0161613533549
0.0139876183818 -0.00765033507392 0.0174406175054
0.0106535406869 -0.00761886859979 0.0175239480091
0.007351305651 -0.00884838921705 0.0190482636077
0.00471881660261 -0.00963319853324 0.0215308581122
0.00277583071789 -0.00836340061664 0.0224570726559
0.00163674303312 -0.00524256593441 0.0218574729015
0.00146789856527 -0.00134415697501 0.0217001293392
0.00103040878421 0.00146891627609 0.0232394026984
-0.000805055489859 0.00366785089573 0.0236812713626
0.00647165915673 -0.00842887387641 0.0219289139985
0.0059934651675 -0.00850438315314 0.0220800164144
0.00556457539355 -0.00851556964306 0.0222728343404
0.00518424622212 -0.0084611429542 0.0224817782633
0.00484464026538 -0.00833399448201 0.0226759253652
0.00454411982508 -0.00813161211564 0.0228499911481
0.00425515439461 -0.00783809098015 0.0229428301226
0.00398442676501 -0.00746119790257 0.0229768070996
0.00374881325803 -0.00701119058912 0.0229895513396
0.00358946691436 -0.00649792542666 0.0230641783608
0.00366563551194 -0.00925818615529 0.0222385822904
0.00377553831384 -0.00919560376848 0.0222884479999
0.00388521116302 -0.00912705523589 0.0223486868341
0.00399607432998 -0.00904296294862 0.0224071104405
0.00410770695948 -0.00895125316939 0.022474196839
0.00422191801473 -0.00884474104477 0.0225420797789
0.004340847065 -0.00872430174524 0.0226151279059
0.00446547789872 -0.00858643531958 0.0226907745596
0.00458206985895 -0.00842281342782 0.0227381879118
0.00468884741373 -0.00824189823331 0.0227638842219
0.0120844615018 -0.00713050677527 0.0188675033227
0.00959706665549 -0.00780343005636 0.0194489684442
0.00763068293562 -0.00863971109761 0.0202895985101
0.00604344593409 -0.00919581888723 0.0212777132956
0.0047274291217 -0.00916884999296 0.0221642304711
0.00367314703982 -0.00843424394017 0.0227266439433
0.00296261680013 -0.00703108846545 0.0228945645298
0.00259605221854 -0.00520630948797 0.0230558419804
0.00254179466229 -0.00291163103049 0.0231752882622
0.00253297452049 -0.000173714300838 0.0235029414082
0.00479907548612 -0.00797065199938 0.0152193681819
0.00370966474328 -0.0109477982615 0.0193799405049
0.0023342042696 -0.0106350732351 0.0210910808148
0.00115293983303 -0.00887285598245 0.0211943713418
0.00122276887627 -0.00548533575203 0.0180725143003
0.00380959676406 -0.00908793482981 0.015272244812
0.00265741992716 -0.0118713413467 0.0188382223787
0.00140834066714 -0.0112893007834 0.020329572776
0.000482912507748 -0.0101354563147 0.0206326717687
-4.65544428851e-05 -0.0069649277009 0.0190096726161
0.00267121165703 -0.0104578895075 0.0152852907016
0.00163429696888 -0.0123635851525 0.0179601225329
0.000487918845059 -0.0118766373997 0.0193124607438
-0.00040766818454 -0.0108681108028 0.019685831088
-0.00106194438963 -0.00863474192567 0.0188477597014
0.00111397271186 -0.0127965188935 0.0144226812642
0.000908310989262 -0.0129192548024 0.016551552983
-0.000426765528378 -0.0124502902119 0.0180791938062
-0.00166618777699 -0.0110305629125 0.0182607657315
-0.00262791830696 -0.00996632191005 0.0169846122981
0.00244629412259 -0.0164965634248 0.0120929545427
0.000548451552568 -0.0144925589473 0.0145341536341
-0.00140825746901 -0.0132609603449 0.0168077668181
-0.00369167447942 -0.0113461474253 0.0169419691772
-0.00628884809098 -0.00976673182449 0.0164755546488
0.0247603820332 -0.00490174076538 0.0119371284172
0.0230456704852 -0.0036844915663 0.0120848239871
0.0217829728916 -0.00207398540034 0.0132406592964
0.0217693903156 -0.00138980535301 0.0147788812246
0.0217988653231 -0.0013809509908 0.0162001793511
0.0215273190218 -0.00151796755721 0.0177439461419
0.0214192737333 -0.0020093023858 0.0195027312726
0.0209257127192 -0.00244276474751 0.0215141376699
0.0201064453443 -0.0030534258205 0.0236329000758
0.0240964104106 -0.00558067377939 0.0125254961942
0.0227351828703 -0.00441623483777 0.0129503430124
0.021737078067 -0.00312288910043 0.0139994402917
0.0213290339778 -0.00231692054479 0.0153718746113
0.021089741751 -0.00210843699326 0.0167526164089
0.020840177183 -0.00228181845872 0.0181915000053
0.0206467368742 -0.00278500834964 0.0197665888879
0.020371066949 -0.00339379522204 0.0215504101604
0.0199427021985 -0.00400161298782 0.0235633814589
0.0233018143076 -0.00620819773853 0.0130641590859
0.02196717176 -0.00508926329071 0.0135228194728
0.0208134454885 -0.00382908601955 0.0144494723974
0.0203759673487 -0.00296719894984 0.0158378441231
0.020163359568 -0.00275095470762 0.0172213893649
0.0201003696999 -0.00316798812585 0.0185752999197
0.0196062434264 -0.00340412215422 0.0200229702659
0.0192563115997 -0.00402542561022 0.0215985491316
0.0187301501274 -0.00449161609989 0.0233895928646
0.0225206745746 -0.00666202792682 0.0137133366293
0.0211281908718 -0.00563081893669 0.0140796712969
0.0199707129841 -0.00443008690149 0.0149542059086
0.0194277556981 -0.00361048174505 0.0162697428949
0.0193169319546 -0.00358330359451 0.0176451196117
0.0190215715361 -0.0038744365863 0.0189132766298
0.0184998690342 -0.00417088273636 0.0202240967537
0.0178858208496 -0.00445394275739 0.0216717247306
0.0173248322238 -0.00489672565007 0.0232592789217
0.0216995752457 -0.00703119824165 0.0144339659358
0.0203797211202 -0.00603494852063 0.0147750542781
0.0193092716394 -0.00501267070905 0.0156160096597
0.0187537349862 -0.00448834100545 0.0168256454285
0.0183676829156 -0.00449254220904 0.0180423560059
0.0177880997739 -0.00460751233648 0.0191927878795
0.0170731646676 -0.00472512900224 0.0203909388739
0.0163593517547 -0.00494723596111 0.0216917890875
0.0157039471664 -0.00532526742259 0.0231022677368
0.0207323551347 -0.00755789136256 0.0152390457387
0.0196852822522 -0.00658782364101 0.0156660414613
0.0186290843062 -0.00575301671607 0.0163613220867
0.0177804871675 -0.0053015295004 0.0173052775396
0.0171321793499 -0.00528912078949 0.0183741246198
0.0162916063318 -0.00521493279971 0.0193925499013
0.0154380519523 -0.00527283858007 0.0204736130861
0.0146173826442 -0.00551746731305 0.0216321882595
0.0137829951586 -0.0055349473249 0.0228543344844
0.0189691534822 -0.00927859393081 0.015839959474
0.018518009829 -0.00832006274501 0.0165439049214
0.0174929151039 -0.00645200591476 0.0168682155238
0.0163864799518 -0.00576814397348 0.0175806202451
0.0156264615383 -0.00594505782445 0.0186115954698
0.0146527632176 -0.00588892674031 0.0195325601891
0.0136732764365 -0.00601655023967 0.0205063517421
0.0125972700836 -0.00609288737904 0.0214478721705
0.0116132721494 -0.00623180421613 0.0224174195813
0.0176369168353 -0.00900748740085 0.015703099712
0.0167753082952 -0.00855774772322 0.0164849470234
0.0160317973157 -0.00775360734649 0.0173087461939
0.0150168985468 -0.00669544535543 0.0179699577529
0.0139573684107 -0.00659408811934 0.0187936216579
0.012858214882 -0.00661910947604 0.0196467570861
0.0116159454113 -0.00666548792317 0.0204149575849
0.010426603209 -0.00700865193512 0.0213013408396
0.00919081124702 -0.00742766809906 0.0221217703506
0.016631360917 -0.00847746347919 0.0161613533549
0.0155259539312 -0.00803560391232 0.0167788064949
0.0144267094348 -0.00770138744015 0.0174644163697
0.0133185731804 -0.00729598520955 0.0181731802263
0.0120844615018 -0.00713050677527 0.0188675033227
0.010789574569 -0.00721928657263 0.0196128864531
0.00954148413879 -0.00756084867179 0.020577258398
0.00821867127701 -0.00801230511415 0.0216722372988
0.00647165915673 -0.00842887387641 0.0219289139985
-0.00233769483237 0.0151653008118 0.0234087596537
-0.00103455618193 0.0136209528761 0.0224649079486
0.000783827803763 0.0122966005109 0.021964973405
0.00200883924587 0.0116156371483 0.022822221718
0.00286160625522 0.0107765162163 0.02379597958
0.00371311486087 0.00981612439025 0.0248387502745
0.00433470187246 0.0089684784006 0.0263884660441
0.00505526607901 0.00806651261534 0.0280764308728
0.00580530565747 0.00689580345087 0.0294698592821
-0.00251367395056 0.0137897172435 0.0240593958096
-0.00123094102004 0.0125796096836 0.0233310669992
0.000201407254455 0.011494679412 0.0230023013607
0.00152759099901 0.0105567091242 0.0231907697796
0.00257108716808 0.00967234274444 0.0237991517989
0.00336885732509 0.00877251121491 0.0247029795417
0.00387187946715 0.00790676616804 0.0260265067771
0.00456523161637 0.00688840942909 0.0272317781008
0.0049587658226 0.00597440964957 0.0290222422617
-0.00274450751029 0.0122665559634 0.0243349225433
-0.00140618303039 0.011278852022 0.0237234394384
-9.51103529207e-05 0.0101640456515 0.0231005940405
0.00126445793318 0.00925698973929 0.0230942066954
0.00235877520928 0.00845441926554 0.0236344101067
0.00300690217869 0.00767778375346 0.024665642408
0.00358362902151 0.00671436801927 0.02559525313
0.00408171779727 0.00566919579812 0.0266373051692
0.00472245687843 0.00455008855732 0.0276603699654
-0.00266054899114 0.0108886923833 0.0246378283423
-0.001394785018 0.0100077270743 0.0240528885314
-0.000191915933886 0.00891632646169 0.0232573829231
0.00108037202847 0.00807390936385 0.0232486055208
0.00205482997706 0.00733324653695 0.0238669118135
0.00268378868127 0.00648841891126 0.0246850710128
0.00337961030953 0.00541735903236 0.0251795206153
0.00390390954361 0.00429262927232 0.0258990535018
0.00442021691347 0.00310339035264 0.0266991129692
-0.0023690787531 0.00958916095876 0.0249957524524
-0.0012088405408 0.00876800964483 0.0243860150481
-6.90763961924e-05 0.00783878420149 0.0238052584327
0.000981688870093 0.00702248472583 0.0239029985931
0.00178568193221 0.00618008178161 0.024345747271
0.00248567441482 0.00515798685374 0.0246369325284
0.00314271320509 0.00401569533543 0.0249008252543
0.00368504879192 0.00279897655578 0.0253147474838
0.00419447484076 0.00151803506003 0.0258174225718
-0.00219225142999 0.00811337165089 0.0253581441476
-0.00102231748077 0.00746505025575 0.0248638210835
4.86425535245e-05 0.00665751234149 0.024466933784
0.00100838665431 0.00573921940163 0.0242243176929
0.00181849995057 0.00474775205876 0.024221048266
0.00243988103879 0.00367977513199 0.0244585426709
0.00300782104901 0.00247094793873 0.0246135313369
0.00350810000342 0.0011550876929 0.0247937642233
0.00395093078681 -0.000238060246455 0.025043297985
-0.00281590841507 0.00587802302406 0.0252231511285
-0.0014964686888 0.00558632951743 0.0252468722501
0.000229977198346 0.00517226855473 0.0244054896155
0.00145649041716 0.00425676860994 0.0236608010485
0.00198499729978 0.0032119544852 0.0239833569729
0.00254618408647 0.00206337918477 0.024124249788
0.00304114082947 0.000778525812131 0.0242016712996
0.00340342921392 -0.000643097044923 0.0243385112325
0.00362913448856 -0.00222244361251 0.0245108036868
-0.00195591843662 0.00468577920324 0.0242323042411
-0.00105474201417 0.00397908765819 0.0242986707566
0.000412452509115 0.00353603408458 0.0241704384658
0.00169796055579 0.00274536849177 0.0237184064556
0.00224481344538 0.00158325763265 0.0237313229251
0.00272595419854 0.000332918850423 0.0237988084076
0.00310331819619 -0.00104063685849 0.023968578834
0.00338561346246 -0.00259431320814 0.0241986766507
0.00361023436755 -0.00432989669687 0.0240148867652
-0.000805055489859 0.00366785089573 0.0236812713626
4.68429546959e-05 0.00280018558317 0.0236380657884
0.00126633192399 0.00212550093428 0.0236084071416
0.0020600281828 0.00108276829029 0.0234960664716
0.00253297524822 -0.000173714322284 0.0235029412651
0.0029023836237 -0.0015179482755 0.0237200240708
0.00331567776114 -0.0029663858118 0.0240686185534
0.0037009734427 -0.00465416319509 0.0239410918282
0.00358946691436 -0.00649792542666 0.0230641783608
0.0150933949636 0.00537072569871 0.010999531014
0.0122262307725 0.00496261481473 0.0112959589052
0.0103389630479 0.0062871030309 0.0120595274426
0.0084668498998 0.00769806182936 0.0133325173666
0.00803494372763 0.0103633300156 0.0149865061221
0.0160973680755 0.00444652456145 0.0134468908578
0.0130305119987 0.00423054849288 0.0140956114092
0.0108509019839 0.00534429014448 0.0149611279794
0.00901370273381 0.00703094641639 0.0158679552094
0.00808908128489 0.00991104509194 0.0169279973176
0.0164389951896 0.00295537370755 0.0165608358394
0.0132844338915 0.00282544574206 0.0170506067802
0.0109529670967 0.00389416918532 0.0178367865638
0.00917548835344 0.00568108498439 0.0186658194608
0.00839790909315 0.00849076645495 0.0196811302149
0.0160932456228 0.00069775914011 0.020311681319
0.0131432643095 0.00128560312822 0.020105248844
0.0112299093433 0.00257726463552 0.0207576276759
0.00945965166087 0.00390753913691 0.0216163029727
0.00859887175891 0.00601526232776 0.0233400967312
0.0147651073276 -0.000584525121948 0.0253783336705
0.0129587444214 0.000358116316149 0.0238729700159
0.0116690111808 0.00133984129668 0.0238410318065
0.0106296759661 0.00205091161001 0.0250188759112
0.0101513015152 0.00272238853179 0.0276137889053
0.0103031596958 0.0122935798513 -0.0109031135881
0.00962384151279 0.0143501485368 -0.00915236627557
0.0081056394592 0.0158253394282 -0.00794486683616
0.00604064552283 0.016977318961 -0.00724231909851
0.00317471481873 0.0174433335837 -0.00713770297729
0.0103966892892 0.0117425319274 -0.00742818275189
0.00891315649964 0.0127904141244 -0.00667052798575
0.00771030344039 0.0138969891597 -0.00591295504538
0.00617228840446 0.0147845335651 -0.00535268690177
0.00470810445056 0.0161120888133 -0.00449378099737
0.00992893107026 0.0106174866841 -0.00450343945285
0.00887002470388 0.0115121526049 -0.00412092748035
0.00778657091226 0.0124031979612 -0.00362509002804
0.00659984685211 0.0132274083224 -0.00306975187615
0.00539711186036 0.0140633379848 -0.00238594177941
0.00909830910817 0.00879090218943 -0.00224586240241
0.0083057124956 0.00971580997339 -0.0018710697428
0.00737693787899 0.0104194126058 -0.00152211238922
0.00643451514482 0.0111202865824 -0.00104173350935
0.00527977183759 0.0116665220466 -0.000583606516379
0.00840984948486 0.00708032645031 1.99337753942e-05
0.00757791810998 0.00764298660332 0.000197678163539
0.0067681113608 0.00823027918167 0.000514810639797
0.00599468280421 0.00883318260847 0.000967995121562
0.00516503898608 0.00941330500609 0.00149405765948
0.0116478253484 0.00232309020377 -0.0277554489279
0.000850257754025 0.00429558627211 -0.0335281054725
-0.00736625344258 0.00783093614589 -0.0324804712217
-0.0129109492332 0.0130505920701 -0.0288239103726
-0.0149926212651 0.0191355472249 -0.0199996372208
0.0103508827646 0.00612230617799 -0.0279028067795
0.00386449121662 0.0100604168948 -0.0312325934586
-0.00252527600427 0.0141214761752 -0.0304816955988
-0.00769168175584 0.0182637453942 -0.0266047772021
-0.0109783171294 0.0210644981672 -0.019217320558
0.00949162247841 0.00933992632849 -0.025755549123
0.00443464551074 0.0124550564042 -0.0262050581365
0.000372203740328 0.0159127328862 -0.0252066927192
-0.00364729884318 0.0183922161411 -0.0220720212027
-0.00670128253701 0.0216859063504 -0.0175691383959
0.00967034021969 0.0123151487671 -0.0219682075396
0.00549568290358 0.0141361798991 -0.0221663928237
0.0025662494631 0.0169099728525 -0.0213799003443
-0.000317744454557 0.0188251703133 -0.0188922682662
-0.00222119407844 0.0215333411077 -0.0153123959717
0.0104121285715 0.014467606267 -0.0160489038515
0.00743698123246 0.0161937145345 -0.017716808279
0.0052187043715 0.017919483764 -0.0176315846974
0.00340220443842 0.0190713558235 -0.0157963205174
0.00236182195613 0.0201579087569 -0.0122193037228
0.0198329426544 -0.000744209684635 -0.0169698143224
0.019921391824 -0.00141869193448 -0.0156624710302
0.0185467523376 -0.00168339786456 -0.0142230288348
0.0176314626857 -0.00201209812543 -0.0129663591522
0.0172269310499 -0.00250206599995 -0.0117950148623
0.0169768934231 -0.00305566166031 -0.0106644659672
0.0167143699394 -0.00360403468157 -0.00958227901981
0.0164410723767 -0.00414193757031 -0.0085561551015
0.0161582503007 -0.00466533284525 -0.00759181759316
0.0158581583115 -0.00516703340593 -0.0066940294561
0.015500243487 -0.00562535936022 -0.00586745163653
0.0150762651755 -0.00603796366095 -0.00510739827896
0.0146193127715 -0.00642538348959 -0.00440262460522
0.0141989181587 -0.00682311054489 -0.00374626186163
0.0137854004084 -0.00722075996011 -0.00313380881186
0.0134016536474 -0.00762985753781 -0.0025640557678
0.0131351886329 -0.00807440132357 -0.00206497790324
0.0131245272765 -0.00856454832276 -0.00172675133646
0.0131735404982 -0.00902146212253 -0.00152897874084
0.019467589907 -0.00052613890119 -0.0184703879697
0.0186998055519 -0.00130546850765 -0.0173090417141
0.0175629719544 -0.00189671322951 -0.0161146144459
0.0168196889808 -0.00256491155825 -0.0150454871837
0.0163767318647 -0.00333364302359 -0.0140343270043
0.0160544081708 -0.00414484446617 -0.0130423579548
0.0157337192498 -0.00493416201589 -0.012065938156
0.015425432994 -0.00569844901688 -0.0111147345968
0.0151374012463 -0.00643497946301 -0.0101965678399
0.0148637000135 -0.00713316050969 -0.00931827781039
0.0145975327134 -0.00778226881109 -0.00848548510614
0.014284382066 -0.0083409249541 -0.00769912634102
0.0139864216416 -0.00884877608056 -0.00696018347231
0.0136231095341 -0.00925481872644 -0.00625572999821
0.013229014014 -0.00958892337563 -0.00557487244652
0.0129614796217 -0.0099473385067 -0.00494661741626
0.0126351215613 -0.0102283295812 -0.00431977435788
0.012366554639 -0.0105005126568 -0.0037214250289
0.012267343081 -0.0108002406404 -0.00322192193392
0.0188298849309 -0.000240609602452 -0.0198441603201
0.0176082386965 -0.00116009599163 -0.0188209983416
0.0165821566226 -0.00204857013881 -0.017873493618
0.0159683891957 -0.0030597396138 -0.0170300302056
0.0154973244791 -0.00411585113902 -0.0161920594455
0.0150846944841 -0.00517593102683 -0.0153404239182
0.0146664003805 -0.00618750341454 -0.0144719216562
0.0142922199047 -0.00717294643384 -0.0136034776292
0.0139276101737 -0.00809448374996 -0.012738178867
0.0135717607694 -0.00893853519399 -0.0118830867707
0.0131959340108 -0.00966838847529 -0.0110390260108
0.0129141944935 -0.0103789999001 -0.0102251765614
0.0126268409408 -0.0109753645355 -0.00942885393261
0.0123474088941 -0.0114668034177 -0.0086493703158
0.0119971191308 -0.011786793378 -0.00785604627613
0.0118061804596 -0.012138453016 -0.00711148710611
0.0115908819594 -0.0123688793504 -0.00635225515801
0.0113627192559 -0.0125029568113 -0.00556323871138
0.0113419462296 -0.0126925514623 -0.00486601953091
0.0179946073767 0.000102822905445 -0.0210934496652
0.0165630615269 -0.000987880691024 -0.0202284195405
0.0156667183967 -0.00218860572112 -0.019551555443
0.0150654496809 -0.00349733234471 -0.0189293753755
0.0145321373795 -0.00482129306441 -0.0182676852684
0.0140131101247 -0.00611431314818 -0.0175539691636
0.013474715279 -0.00732546843161 -0.0167869513041
0.0129581579342 -0.00846590315856 -0.0159875450877
0.0124489843651 -0.00950165020419 -0.0151579564811
0.0119580907738 -0.0104248817937 -0.0143058451934
0.011531478533 -0.0112752751777 -0.0134469566089
0.0111318648807 -0.0120007729933 -0.0125720630722
0.0107748007245 -0.0126127352042 -0.0116851111872
0.0104618587465 -0.0131099790794 -0.0107844136481
0.0102056681735 -0.0135083459297 -0.00987159551644
0.0100038021127 -0.0138075592626 -0.00894207596107
0.00988669079035 -0.0140463864525 -0.00800856069954
0.0098505312267 -0.0142207055834 -0.00707003543647
0.00990806767899 -0.0143419178212 -0.0061367962279
0.0169607212796 0.000508194921364 -0.0222010315042
0.0155344974732 -0.00079846085925 -0.0215571424168
0.0147142694748 -0.00228684063325 -0.0211478919499
0.0140671118455 -0.00385363903846 -0.0207346504382
0.0134415112782 -0.00541427326058 -0.0202419137341
0.0127933113888 -0.00690541449064 -0.0196534103261
0.0121047023505 -0.00826477491029 -0.0189665110505
0.0114035899166 -0.00947450311922 -0.0181989256543
0.0107342547306 -0.010553616258 -0.0173738130113
0.010122941749 -0.0115176912497 -0.0165044640064
0.00956505946778 -0.0123469397592 -0.0155886400088
0.0090538128743 -0.0130190320319 -0.0146214171122
0.00862782263296 -0.0135924196773 -0.0136205268163
0.00829159054457 -0.0140771817073 -0.0125875580678
0.00806064352012 -0.0145030747271 -0.0115316883269
0.00791855886531 -0.0148438359342 -0.0104436643772
0.00788751725787 -0.0151362595187 -0.00933936076188
0.007971573789 -0.0153807755283 -0.00822534348866
0.00814416371699 -0.0155307740239 -0.00708386597742
0.0158767443872 0.000925090237863 -0.0232400338061
0.0144953858742 -0.000595065595145 -0.0228244249102
0.0137064053359 -0.0023413119279 -0.0226712699373
0.0130448011725 -0.00418259503396 -0.0224906983537
0.0123101901301 -0.0059614378962 -0.0221537896998
0.0115100239324 -0.00761379143075 -0.0216626262036
0.0106340138796 -0.00904321911489 -0.0210053900611
0.00973747697058 -0.0102355529129 -0.0202138564465
0.00891399526678 -0.0112822265792 -0.0193498689386
0.00816121246452 -0.0121613777772 -0.0184095083531
0.00747405248719 -0.0128461584006 -0.0173859823436
0.00691664450319 -0.0134709856137 -0.0163283094491
0.00647403726354 -0.0140199682204 -0.0152261577616
0.00615615713585 -0.0145299010109 -0.0140897123704
0.00595689929133 -0.0149950962505 -0.0129159080132
0.0058704192198 -0.0154033110115 -0.0117011064599
0.00589467802542 -0.0157465747198 -0.01044441241
0.00603927669984 -0.0160388945936 -0.00915571753023
0.00631903682951 -0.0162948179728 -0.00785006869002
0.0148331367579 0.00131170702954 -0.0242920616489
0.013498694532 -0.000417830161846 -0.0241001823328
0.0127142420065 -0.00240989381602 -0.0241965614129
0.0119833301819 -0.00449167745354 -0.024223963381
0.0110877789127 -0.00642908048204 -0.0239937115018
0.0100737062145 -0.008129804144 -0.0235172553424
0.0090127873906 -0.00955156776968 -0.0228326634053
0.00795277295567 -0.0106539941688 -0.0219627962322
0.00700430175206 -0.0115824522395 -0.0210087042176
0.00619179569534 -0.012396434063 -0.0199981813238
0.0055025526682 -0.0130828446783 -0.0189203293779
0.00493772284219 -0.0136645064669 -0.0177804618963
0.00450221627789 -0.0141848720051 -0.0165905307156
0.00420134971907 -0.0146939181226 -0.0153641012792
0.00403364268234 -0.0152087178794 -0.0141037295117
0.00398824252354 -0.0156924924757 -0.0127949991008
0.00405603158668 -0.0161023446965 -0.0114233460693
0.0042440963264 -0.0164490951497 -0.009995627026
0.00456911810136 -0.016761614798 -0.00852865695744
0.0138374068136 0.00165433557591 -0.0254106919862
0.0125209457048 -0.000271302284081 -0.0254227829066
0.0116779113855 -0.0024712878969 -0.0257297337139
0.0107771359959 -0.00469663685818 -0.0258730091651
0.00968133035852 -0.0067022071517 -0.0256721685735
0.00846468198597 -0.00836973617925 -0.0251399421886
0.00725191638861 -0.00970772020482 -0.0243684061266
0.00610539646388 -0.0107082745628 -0.0234012210964
0.00512986789683 -0.01158902963 -0.0223847035925
0.00432044101022 -0.0123956349785 -0.0213304378154
0.00364861190706 -0.0130780370162 -0.0202029205093
0.00311021671461 -0.013657322469 -0.0190064446534
0.00270501810039 -0.0141852752374 -0.0177566545348
0.00243128802487 -0.0147121648672 -0.0164661239172
0.00228513669193 -0.0152566713398 -0.0151351121531
0.00226195096413 -0.0157960734005 -0.0137509503027
0.00235522928472 -0.0162655428525 -0.0122890262437
0.00257000098403 -0.0166666147253 -0.0107513463668
0.00292643998073 -0.0170628341031 -0.0091638782273
0.0127858189529 0.00198754786485 -0.0265613171636
0.0115110570373 -0.000140271986062 -0.0268087043674
0.0105029048115 -0.00246215205824 -0.0272160750562
0.0093721606248 -0.00472531329966 -0.0273604787515
0.00808835766469 -0.00672661904137 -0.0271209922415
0.00674754625339 -0.00836331884035 -0.0265254480533
0.00544870011135 -0.00959780025446 -0.0256375692313
0.0043006025897 -0.010572788108 -0.0246114417009
0.00334176461961 -0.0114410206536 -0.0235478624976
0.0025535947456 -0.0122295141039 -0.0224449278382
0.00191395390564 -0.0129105165668 -0.0212742150798
0.00141158067709 -0.0134827430439 -0.020027581632
0.00104089439241 -0.0140059390248 -0.0187250625009
0.000794806133968 -0.0145404924534 -0.0173822640887
0.000667811129359 -0.0151267066404 -0.0160043360583
0.000656574290114 -0.0157132949516 -0.0145631509757
0.000762058098928 -0.0162393821828 -0.0130332434168
0.000989699992033 -0.0167017226477 -0.0114132655531
0.00135272882739 -0.0171554692569 -0.00972196823048
0.0116478253484 0.00232309020377 -0.0277554489279
0.0103760686762 2.40359910228e-05 -0.0282164825356
0.0091454334904 -0.00234092810621 -0.0286090444832
0.0077990680396 -0.00458290399514 -0.0286771685048
0.00638185424485 -0.00656121184883 -0.0283727305727
0.00496417301841 -0.00813636857324 -0.0276764062477
0.00365932626363 -0.00932871331934 -0.0267062856649
0.0025423028854 -0.0102876589051 -0.0256221026514
0.00162174817868 -0.0111464732018 -0.0245113605028
0.000872542893458 -0.0119174227075 -0.0233601450647
0.000275248470628 -0.0125687750065 -0.0221356149082
-0.00018194430078 -0.0131268187293 -0.020843105634
-0.000511980577751 -0.0136454504196 -0.0194985902251
-0.000727189502968 -0.0141659352995 -0.0181080461467
-0.000838126778341 -0.0147545946806 -0.0166852240928
-0.000846089986754 -0.0154086010265 -0.0152146883065
-0.000740951279694 -0.0160216925628 -0.0136488499085
-0.000514650820327 -0.0165657638276 -0.0119759900359
-0.000158734199487 -0.0171047716457 -0.0102146862418
0.0103721818797 0.00268441604576 -0.0289807725456
0.00904113904769 0.000270795785523 -0.0295849761097
0.00761594761651 -0.00210997194889 -0.0299174848115
0.00610181926132 -0.00430997909191 -0.0298649143357
0.00458527893992 -0.0062196206072 -0.0294303875962
0.00314562492981 -0.00772718484577 -0.0286152280295
0.00187568348269 -0.00887327401938 -0.0275531425365
0.000816803024626 -0.00980869455677 -0.0264049293457
-4.5029237826e-05 -0.0106383475642 -0.0252362378645
-0.00073671782574 -0.0113814557646 -0.0240351678536
-0.00127899670024 -0.0120452347793 -0.0227866263239
-0.00168611447701 -0.0126249720463 -0.0214737855883
-0.00197262939078 -0.0131516199902 -0.0201013698944
-0.00215316758849 -0.0136666902521 -0.0186765536772
-0.00224331144809 -0.014235932437 -0.0172128718373
-0.00225355732152 -0.0149237567061 -0.01571744222
-0.00216450663039 -0.0156305713524 -0.0141371614808
-0.00194957135941 -0.0162110681357 -0.0124180869379
-0.00161522041075 -0.0167954172871 -0.010599642208
0.00891867269016 0.00309303402629 -0.0302300767473
0.00747410580388 0.000628464372538 -0.0308734876888
0.00589106324437 -0.00173655028316 -0.0310933416051
0.00426233146912 -0.00386375930052 -0.0308634322311
0.00270461885979 -0.00567667251156 -0.0302533235319
0.00129728781885 -0.00709969339795 -0.0292961314348
0.000103885153093 -0.00817824753799 -0.0281235987676
-0.000867919477935 -0.00910225781035 -0.0269284237179
-0.00165353470941 -0.0099529824649 -0.0257441557262
-0.00228144220107 -0.0107299339685 -0.0245367291106
-0.00276903273052 -0.011424832925 -0.0232787671626
-0.00313112291881 -0.0120490518588 -0.0219621431985
-0.00337961354251 -0.012613467845 -0.0205803732474
-0.00352668505695 -0.0131408149312 -0.0191334484432
-0.00359594751827 -0.0137134466006 -0.0176442661222
-0.00360345811078 -0.0143983386565 -0.0161197359071
-0.00353049184848 -0.0151366250039 -0.0145175453658
-0.00332682766958 -0.0157285991735 -0.0127629247982
-0.00300832389435 -0.0162834022834 -0.0108901481373
0.00723019424061 0.00357957777929 -0.0314565587444
0.00564886084167 0.00112676741479 -0.0320144460306
0.00393726321917 -0.00114877699612 -0.0319823098455
0.00227899511884 -0.00318265968966 -0.0315548264716
0.000757342695518 -0.0048751206328 -0.030741792308
-0.000554097908746 -0.00622148309355 -0.0296609110515
-0.00163378851043 -0.00731636192486 -0.0284705545406
-0.00251149117863 -0.00829197006839 -0.0272887666799
-0.00322509331218 -0.00919728260542 -0.0261169780841
-0.00379691648113 -0.0100292175434 -0.0249183321654
-0.00423747258438 -0.0107726255748 -0.0236611048774
-0.00455527110368 -0.011425212939 -0.0223315409041
-0.00477093914813 -0.01203195608 -0.0209443593975
-0.00489523053584 -0.0126082448169 -0.0194941972433
-0.0049579182191 -0.0132376010694 -0.0180041262556
-0.00496397000745 -0.0139369775813 -0.016460194475
-0.00488503142128 -0.0146296062341 -0.0148166103916
-0.00469289970925 -0.0152403748024 -0.0130412731011
-0.00437828431201 -0.0157542072421 -0.0111288894721
0.00525411131899 0.00417287613626 -0.0325673417955
0.00353015440469 0.00181932432486 -0.0327971438
0.0017975011035 -0.000332577585204 -0.0324737604366
0.000206029528669 -0.00227454456929 -0.0318912719689
-0.00120207388145 -0.00391115939413 -0.0309860087256
-0.00238396371798 -0.00524618367052 -0.0298658235193
-0.00335307838657 -0.00639595613064 -0.0287041841085
-0.00414900552995 -0.00744031827485 -0.0275537402758
-0.00479776195712 -0.00839529008116 -0.0263888557118
-0.00531113014841 -0.00925342654835 -0.0251761007181
-0.00570807203331 -0.0100403560682 -0.0239165035655
-0.00599202661535 -0.0107455732093 -0.0225880656342
-0.0061773120243 -0.0113921366479 -0.0211940359685
-0.0062878571388 -0.0120292670364 -0.019747902268
-0.00634877460772 -0.0127138298485 -0.0182590255811
-0.0063602092598 -0.0134497167591 -0.0167083126961
-0.0062783326666 -0.0141368866392 -0.0150429005472
-0.00608858047798 -0.0147478201369 -0.0132497723982
-0.00578452927086 -0.0152759416878 -0.0113254653091
0.00293037398703 0.00489823025461 -0.0332552790273
0.00121105522429 0.00265946137656 -0.0332206839505
-0.000428061497119 0.000619116680578 -0.032682937575
-0.00189162194831 -0.00122752417401 -0.0319686668406
-0.00315034502408 -0.00280680557419 -0.0309926373578
-0.00420594461407 -0.00418465918467 -0.0299316715324
-0.00508789643213 -0.00541981135887 -0.0288483252087
-0.00581653658134 -0.00653144772858 -0.0277308482648
-0.00640561875478 -0.00752955958513 -0.0265644825245
-0.00686605289025 -0.00842279791672 -0.0253395943824
-0.0072159089182 -0.00923703495241 -0.0240623534673
-0.00746790864052 -0.00998838080721 -0.0227295091451
-0.00763468021051 -0.0106949017558 -0.02133896206
-0.00773043855836 -0.0113802150901 -0.0198905535159
-0.00777525168424 -0.0120828313048 -0.0183884312715
-0.00777949767318 -0.0128269993144 -0.0168255728125
-0.00770481522033 -0.013542459776 -0.0151592773457
-0.00752719630428 -0.0141865026173 -0.0133694333138
-0.00725293542121 -0.0147802125143 -0.0114597688772
0.000396331250595 0.00568952978644 -0.0335886172485
-0.00121280717469 0.00356633010222 -0.0334973933712
-0.002696212076 0.00163751193558 -0.0327441793848
-0.00398633524593 -8.97212829505e-05 -0.0318435224812
-0.00508895168797 -0.00163070043629 -0.030860796248
-0.0060316727407 -0.0030287728773 -0.0298565766758
-0.0068462859621 -0.00432762159824 -0.0288516640998
-0.0075287082437 -0.00551118102433 -0.0277860924686
-0.008072040765 -0.00656394563737 -0.0266311716256
-0.00848477384723 -0.00749668691509 -0.0253947731156
-0.00879347156617 -0.00834870298059 -0.024103321425
-0.00901934048398 -0.00915078636875 -0.0227660861597
-0.00915959268625 -0.00989642580983 -0.0213650107024
-0.00923036564531 -0.0106104871316 -0.0199044391245
-0.00925221614748 -0.0113268409611 -0.0183893335934
-0.00923688009815 -0.0120677864463 -0.0168146249875
-0.00916511249487 -0.012806581412 -0.0151548230612
-0.00901286445988 -0.0135080903769 -0.0133883703392
-0.00878951414967 -0.0141951521968 -0.0115158206067
-0.00224543101718 0.0064988286944 -0.0337566962903
-0.00371151602615 0.00453814885047 -0.0334881677862
-0.00498288134714 0.00272987648746 -0.0325737589523
-0.00607774962124 0.00110055407503 -0.0315872352126
-0.00704106468413 -0.000399360230958 -0.0306350444375
-0.00788497416655 -0.0017895357554 -0.0296713866124
-0.00862956302855 -0.00309670808868 -0.0286938483042
-0.00926843163198 -0.00431581372109 -0.0276601524545
-0.00979257414645 -0.00543656623989 -0.0265455066191
-0.0101797088339 -0.00643067143065 -0.025321087091
-0.0104560231035 -0.00732984150358 -0.0240215079971
-0.0106374127434 -0.00815428315801 -0.0226584443382
-0.0107501481283 -0.00893870810702 -0.0212475776183
-0.0107825897235 -0.00966894982814 -0.0197694997757
-0.0107737528968 -0.0103983005726 -0.018245011314
-0.0107448746677 -0.0111587104565 -0.0166745251985
-0.0106743592228 -0.0119246667391 -0.0150317466241
-0.0105586929735 -0.0126951516389 -0.0133055126939
-0.0103759122877 -0.013443206695 -0.0114779255589
-0.00488004335229 0.00723638090897 -0.0332649312243
-0.00617962819991 0.00552506585456 -0.0330513701829
-0.00725812453 0.00386206896835 -0.0322086651883
-0.00821104689364 0.00231896573537 -0.0313074024888
-0.00907057216505 0.000871519144222 -0.030403445397
-0.00982174485649 -0.000480814673178 -0.0294382319355
-0.0104837774388 -0.00175639274805 -0.0284339746537
-0.0110602870042 -0.00296334547007 -0.0273816784029
-0.0115324283315 -0.00408731785639 -0.0262502283244
-0.0119054585552 -0.00513342844132 -0.0250457776313
-0.0121353487493 -0.0060572528265 -0.02372769734
-0.0122722135939 -0.00690796855226 -0.0223485217208
-0.012374893691 -0.00774995551621 -0.0209484123951
-0.0124086900072 -0.00854987539995 -0.0194898396094
-0.0123602171818 -0.00929439766667 -0.0179601429755
-0.0123074971096 -0.0100719660129 -0.0163991656657
-0.0122446808386 -0.0108795170601 -0.0147893071421
-0.0121550526423 -0.011700311743 -0.013111085519
-0.0120131948882 -0.0125061484014 -0.0113459980073
-0.00736625372079 0.00783093552126 -0.0324804713888
-0.00848727237694 0.00643684501877 -0.0322079764744
-0.00945608666246 0.00500706860077 -0.0315786543627
-0.0103049611184 0.0036167700162 -0.0307788979908
-0.0110539083886 0.00228509412346 -0.0298823311263
-0.0117203580769 0.00101094316611 -0.0289252994425
-0.0122832376159 -0.000194554050586 -0.0278809624918
-0.0127705760418 -0.00134534183949 -0.0267880111057
-0.0131873434713 -0.00244771539699 -0.0256472986503
-0.013529745152 -0.00350151058627 -0.0244512452093
-0.0137670640505 -0.00448357158377 -0.0231734510274
-0.0139289616866 -0.00541668179081 -0.0218407069057
-0.0140243201912 -0.00630989136304 -0.0204571236488
-0.0140578542471 -0.00716910933976 -0.0190225667034
-0.0139948487254 -0.00796460603577 -0.0175158093073
-0.0139306001936 -0.0087832013997 -0.0159845303971
-0.0138890386398 -0.00964937564539 -0.0144267494879
-0.0137659816116 -0.0104677645423 -0.0127900422174
-0.0135970209471 -0.0112698283698 -0.0110872694031
-0.0123959408398 0.0223138585737 -0.00229419639606
-0.0124877449633 0.0219869597793 -0.00151995829155
-0.0122569765966 0.0209665552838 -0.00107277773256
-0.0118572552391 0.0196760130613 -0.000850179544685
-0.0117003888208 0.0187577645037 -0.00037404480389
-0.0116877303895 0.0179891076919 0.000264139654986
-0.0117352126192 0.0172311924701 0.000966372317164
-0.0117948034854 0.0164245235854 0.00167183587407
-0.011866505709 0.0155748170591 0.00237812534698
-0.0119524435972 0.0146885270917 0.00308637711862
-0.0120615401772 0.0137770604815 0.00380530026367
-0.012186154443 0.0128348741659 0.00452583448459
-0.0123051764473 0.0118449458649 0.00522925463652
-0.0123780993557 0.0107737923607 0.0058886866684
-0.0124120503114 0.0096288033744 0.00652800310686
-0.0124524742861 0.00844798481309 0.00719510658242
-0.012556617724 0.00727914210403 0.00792696455985
-0.0128083127222 0.0061972464481 0.00874544726293
-0.0133121561304 0.00530531262383 0.00963590898364
-0.0133256914477 0.0226270147891 -0.00443004986269
-0.013352731731 0.0216242372544 -0.00394433432882
-0.0132917447356 0.0205110322815 -0.00351965683269
-0.0132474515944 0.0194615073309 -0.00307422645763
-0.0133495605739 0.0186071205674 -0.00248595586359
-0.0135197174552 0.0178038191796 -0.00181307772309
-0.0137148845793 0.0169916445798 -0.00109424835026
-0.0138918514308 0.0161310008279 -0.000370881747711
-0.014068955846 0.0152452563106 0.000370649925406
-0.0142455541838 0.0143372506112 0.00112745722832
-0.0144226991415 0.0134106938101 0.00189826543254
-0.0146127847042 0.0124766398949 0.00269036015743
-0.0148159379198 0.0115366295465 0.00349994311696
-0.0149871644301 0.0105630139252 0.00429310959546
-0.0150505604444 0.0095093179798 0.00502828432845
-0.0149950258739 0.00836916145744 0.00572000464003
-0.0149225079759 0.00720624679157 0.00644111578108
-0.0148260792122 0.00601203228453 0.00719580840752
-0.014799134079 0.00484761169723 0.00801917830864
-0.0138371000628 0.0222746912856 -0.00668911181652
-0.0140552866674 0.0211994006558 -0.00622788164421
-0.0142453393564 0.0201448605809 -0.00575312484647
-0.014505579989 0.0192187467678 -0.00520075987423
-0.0148354249093 0.0183732708083 -0.00456110183263
-0.0151882516115 0.0175351452869 -0.00386116336992
-0.0155226350116 0.0166643575917 -0.00313033606438
-0.0158165143802 0.0157514133021 -0.0023865177575
-0.0160698131449 0.0148059413279 -0.00163212849179
-0.0163129829144 0.0138535934202 -0.000848890797254
-0.0165518195917 0.0128990816385 -3.55252651059e-05
-0.0167658058961 0.0119327461846 0.000792530931445
-0.0169363830607 0.0109484913705 0.00162290628323
-0.0170178253578 0.00992762395728 0.00243140389931
-0.0170068610874 0.00887219803007 0.00322291768431
-0.0169045344166 0.00778331996568 0.00400697609929
-0.0167310820193 0.00666856049097 0.00480279129961
-0.0165063146233 0.00553358446383 0.00562718258599
-0.0162709601474 0.00439475752365 0.00649949072642
-0.0141337566342 0.0217049921077 -0.00885380436243
-0.0145286423153 0.0206026791969 -0.00841114959535
-0.0150243970757 0.0197027258403 -0.00788509154153
-0.0155797980417 0.0188780706672 -0.00727579950347
-0.0161394068976 0.0180429290031 -0.00660371584621
-0.0166416076966 0.0171461181559 -0.00590054173813
-0.0171032704746 0.0162164327024 -0.00516246025303
-0.0174883812167 0.0152406544501 -0.0044105962051
-0.0177956623437 0.0142320214824 -0.00364811993776
-0.0180404708837 0.0132081952747 -0.00286858000752
-0.0182430720108 0.0121832715855 -0.00206258337056
-0.0184139677247 0.0111630966321 -0.00122591275126
-0.0185381210234 0.0101426135966 -0.000366815447048
-0.0185717878095 0.00910795418619 0.0004948691241
-0.0184953444418 0.00805526503222 0.00135379068817
-0.0183302063236 0.00699304822531 0.00222384094273
-0.0180880844539 0.00592391966063 0.00311437863931
-0.0177889462716 0.00485205348612 0.00403685390929
-0.0174265396417 0.00377168390378 0.00499344044734
-0.0143690254302 0.0211805844849 -0.0108744973741
-0.0149835295151 0.0201293743661 -0.0104275470279
-0.0157441650271 0.0193108826729 -0.0098894180093
-0.0165087917291 0.0184815723966 -0.00928007807507
-0.0172273183523 0.0175949602409 -0.00861613944868
-0.0178718003834 0.0166468477885 -0.00791173611946
-0.0184266661669 0.0156474173645 -0.00717731858682
-0.0188707028082 0.0146037939072 -0.00642474596476
-0.0192017880389 0.013532287635 -0.00565781609075
-0.0194307430114 0.0124496239424 -0.00487394496055
-0.0195896648972 0.0113738212756 -0.00406128087368
-0.0197040249462 0.0103137185076 -0.00321016672905
-0.0197650542405 0.00926545736365 -0.00232417057345
-0.0197336424521 0.0082190657697 -0.00141766304909
-0.01960387825 0.00717492300141 -0.000491572028349
-0.0193743891821 0.00613332740533 0.000455685056277
-0.0190963728721 0.00510504720677 0.00144275030399
-0.0187568802582 0.00408549702975 0.00246607863203
-0.0183338894309 0.00306762142328 0.00352112009783
-0.0145939369856 0.0207585608259 -0.0127851350335
-0.0154264126583 0.0197482950689 -0.0123376732432
-0.0163959899682 0.0189312419012 -0.0118121051695
-0.0173307895859 0.018056417188 -0.0112165283533
-0.0181916846465 0.0171078638859 -0.0105625827005
-0.0189262519656 0.0160770050775 -0.00986809206675
-0.0195410763062 0.0149990882494 -0.00913856422292
-0.0200215946595 0.0138887115922 -0.00838236717074
-0.0203318325494 0.0127508527582 -0.00761288257499
-0.0205019502464 0.0116132095453 -0.00682453174899
-0.0206054393547 0.0105026590212 -0.00599690340049
-0.0206672085868 0.00942119094279 -0.00512199644668
-0.0206794763523 0.00836249424886 -0.00420150160895
-0.0205817408651 0.0073143239198 -0.00325282088861
-0.0203586748317 0.00627609532685 -0.00227976146366
-0.0200763148902 0.00525708919665 -0.00126256779327
-0.0197652376565 0.00425899149228 -0.000192689803014
-0.0194248448239 0.00328029297707 0.000928763367157
-0.0190043290634 0.00231452858458 0.00208783263134
-0.0147978585483 0.0203981113902 -0.014629923117
-0.0158332667935 0.0194015384228 -0.0141900341406
-0.0169605194607 0.0185259313635 -0.0136849921744
-0.0180350762907 0.0175812813349 -0.0131065260801
-0.0189709780812 0.0165294731136 -0.0124676881294
-0.019767977652 0.0154137726158 -0.0117789491408
-0.0203980953213 0.0142516675494 -0.0110516159037
-0.0208452319918 0.0130650935912 -0.0102949197365
-0.021135857771 0.0118842073681 -0.00950915600996
-0.0212785997815 0.0107220349818 -0.00869505440182
-0.021333276478 0.0095953133161 -0.00784138065402
-0.0213482961258 0.00850707605077 -0.00693670527506
-0.0213035806755 0.00744741253151 -0.00598378981944
-0.0211554463509 0.00640903462345 -0.00499175040881
-0.0208896613668 0.00539106900648 -0.00396374246953
-0.0205644687965 0.00439594427803 -0.00288595953153
-0.0202301979668 0.00342266868596 -0.00174614919494
-0.0198715548586 0.00246860687695 -0.000547833950762
-0.0194586015638 0.00153317781046 0.00070155929022
-0.0149594175465 0.0200512426589 -0.0164405363101
-0.0161443888172 0.0190025568779 -0.0160107092265
-0.0173613851276 0.0180133728485 -0.0155227643385
-0.0185256303713 0.0169768504316 -0.0149616176104
-0.0195559955358 0.0158558074983 -0.0143299149722
-0.0203844333493 0.0146549762646 -0.0136394903222
-0.0209734745456 0.01340566859 -0.0129046811249
-0.0213698534062 0.012161783611 -0.0121326287805
-0.0216189880603 0.0109514469715 -0.0113238123909
-0.0217282484123 0.00978027687424 -0.0104788456554
-0.0217651188097 0.00865725182415 -0.00958927262302
-0.0217488211467 0.00757567403098 -0.00865009001957
-0.0216687423411 0.00652701954925 -0.00766066610512
-0.0214874758509 0.00550604096581 -0.00662594392202
-0.0212041321045 0.00451160999684 -0.0055459267198
-0.0208747864777 0.0035404339537 -0.00440982976312
-0.0205450271335 0.00258672559631 -0.00320724433615
-0.0202082181647 0.00164789516551 -0.00193749291452
-0.0197946999826 0.000728254851324 -0.000613771076194
-0.0150175787163 0.0196216489017 -0.0182244193397
-0.0163127900369 0.0184943794662 -0.0178019031038
-0.0175876505653 0.0173868571638 -0.0173207982368
-0.0187919667475 0.0162445167546 -0.0167678127003
-0.0198532187543 0.0150389769027 -0.0161387880622
-0.0207038683921 0.0137755586644 -0.0154395898036
-0.0212959237846 0.0124817759548 -0.0146820348156
-0.0216774623478 0.0112097123956 -0.0138790447847
-0.0218785105692 0.00998248250097 -0.013036244752
-0.0219560851097 0.00881294052317 -0.0121539501828
-0.0219763434948 0.00770016410939 -0.0112269238651
-0.021948341068 0.00663210097827 -0.0102505310909
-0.0218322427763 0.00559991998482 -0.00922538368796
-0.0216372823136 0.00459914078286 -0.00814922945918
-0.0213545310638 0.00362676568151 -0.00702192997029
-0.021035733656 0.00267469873578 -0.00583499624822
-0.0207400916593 0.00173104342537 -0.00457594499581
-0.020432456472 0.000796145991961 -0.00324579318174
-0.0200362520055 -0.000119128572863 -0.00185533179716
-0.0149926212651 0.0191355472249 -0.0199996372208
-0.0163812383656 0.0179231418994 -0.0195800422502
-0.0176628735511 0.0166685527865 -0.0190821874325
-0.0188838937971 0.015423505602 -0.0185236603324
-0.0199543718953 0.0141388741621 -0.017885483273
-0.020775768876 0.0128084733501 -0.0171633845014
-0.0213497320064 0.0114814089385 -0.0163745935499
-0.021745400321 0.0102022774875 -0.0155363277988
-0.0219579495153 0.00897866188579 -0.0146522178753
-0.0220513524541 0.00781937065613 -0.0137268928597
-0.0220785712745 0.00671792123825 -0.0127587506852
-0.0220178610114 0.00566384183643 -0.0117442054557
-0.0218637553404 0.0046511927411 -0.0106814053378
-0.0216299249801 0.00367367237152 -0.00956800403895
-0.0213576310138 0.00272002976082 -0.00839843725063
-0.0210607687372 0.00178114967777 -0.00716714594631
-0.0208040138018 0.000838691826358 -0.00586113104598
-0.0205170818864 -9.85949412479e-05 -0.00448194475587
-0.0201257233055 -0.00101440767232 -0.00303681565474
-0.0148110574977 0.018491949356 -0.0217415477543
-0.0162779929568 0.017211576688 -0.0213284366344
-0.0175834394825 0.0158539820162 -0.0208110347539
-0.0187924297042 0.0145075022457 -0.0202292272943
-0.0198586577485 0.0131547171675 -0.0195707511366
-0.0206394999222 0.0117714203279 -0.0188106968167
-0.0211801535993 0.0104214628348 -0.0179794885511
-0.0215485639737 0.00913852423463 -0.0170985887349
-0.0217791920195 0.00792751194097 -0.0161745245959
-0.02190583171 0.00678366196754 -0.0152095415488
-0.0219472290198 0.00569700817792 -0.0142018352996
-0.0218825989126 0.00466080340669 -0.0131472956302
-0.0217081705695 0.00367099078633 -0.0120445757814
-0.0214373836269 0.00272164986537 -0.0108927646873
-0.02117540776 0.00178558391997 -0.00968605387372
-0.0209186977919 0.000852461016895 -0.00841626145814
-0.0206878650757 -9.11734114414e-05 -0.00707327689845
-0.0204256509861 -0.00103541573785 -0.00565333295736
-0.0200040790847 -0.00194308413353 -0.00416737531734
-0.0144637791098 0.0176837017737 -0.0234366161018
-0.0159496712607 0.0163131327406 -0.0230102717678
-0.0172524425195 0.0148732921774 -0.0224646191297
-0.0184538482172 0.0134635295632 -0.0218589000858
-0.0194556491456 0.0120459242451 -0.021155979061
-0.0202308453644 0.0106483430471 -0.0203627839711
-0.020742483553 0.00929636449479 -0.0194842669601
-0.0210676626295 0.00802436315784 -0.0185528496784
-0.0212782935089 0.00683548067947 -0.0175854303213
-0.0214084195071 0.0057166879496 -0.0165833734406
-0.0214654532029 0.00465376846701 -0.0155418022125
-0.0214253711394 0.00363994404962 -0.0144534485159
-0.021265347288 0.00267460258322 -0.0133146905514
-0.0210052136426 0.00175071632151 -0.0121262358627
-0.0207639390144 0.000830896417751 -0.0108873826502
-0.0205463815056 -9.87934530006e-05 -0.00958737723244
-0.0203585954606 -0.00105007136815 -0.00821462498124
-0.0201158011836 -0.00200020679625 -0.00676318091118
-0.0196853833606 -0.0029004715416 -0.00524110972796
-0.0139049414975 0.0166595486779 -0.0250324289941
-0.0154152787026 0.0152557912575 -0.0246151241881
-0.0166848224027 0.0137491995832 -0.0240264559751
-0.0178113688658 0.0122760404898 -0.0233642138305
-0.0187502047687 0.0108327163258 -0.0226126449755
-0.0194736708579 0.00943680440725 -0.0217725810904
-0.019975263614 0.0081108489348 -0.0208547619915
-0.0202850914267 0.00687184167305 -0.0198789305521
-0.0205023240719 0.0057173169873 -0.0188753162206
-0.020656819388 0.00462840685691 -0.0178435361424
-0.0207628542286 0.00358663031509 -0.0167778797884
-0.0207838035449 0.00258697436363 -0.0156648460706
-0.0206854960768 0.00163298175819 -0.0144970612577
-0.0204561703087 0.000727321075551 -0.0132737848739
-0.020201565259 -0.000166747540629 -0.0120022976912
-0.0200079192511 -0.00109049793094 -0.0106766933035
-0.0198689231801 -0.00205447945304 -0.00928090391476
-0.0196619579959 -0.00301628723031 -0.00780320561344
-0.0192089148593 -0.00389730911814 -0.00625084775973
-0.0131953067824 0.0155018372734 -0.0265581801264
-0.0147558315849 0.0141150729509 -0.0261970947736
-0.0160110862628 0.0125685984602 -0.0255732928297
-0.0170363977205 0.0110332439745 -0.0248172528768
-0.0178894132875 0.00957022280893 -0.0239903157287
-0.018584820477 0.00818935057459 -0.0231055836663
-0.0190884073851 0.00689106566105 -0.0221497111693
-0.01942532414 0.00568262870111 -0.0211395402071
-0.0196715918128 0.00455373224556 -0.0201027902637
-0.0198623882225 0.00348344445008 -0.0190421858103
-0.0199924520792 0.00245740963033 -0.0179465996328
-0.0200533332401 0.00146712210137 -0.0168068961852
-0.0200273170226 0.000511323012817 -0.0156146695042
-0.0198592485791 -0.000392591807766 -0.0143593394666
-0.0196317735327 -0.00127683544183 -0.013052901168
-0.0194624125523 -0.00219898862108 -0.0116988299263
-0.019334480734 -0.0031641059343 -0.0102791473962
-0.0190848586632 -0.00410074108456 -0.00877666420853
-0.018615660192 -0.00495594973782 -0.0071944572917
-0.0124560586223 0.0143489466308 -0.0281670981005
-0.014012681772 0.0129162662204 -0.0278226307665
-0.0151457159145 0.0112741433858 -0.027057466468
-0.0160475470591 0.00969942756401 -0.0261718460325
-0.0168417201063 0.00824685994513 -0.0252774299535
-0.01756515404 0.00689330512962 -0.0243812780099
-0.0181272677715 0.0056175741987 -0.0234162930114
-0.0185483670937 0.00442136496714 -0.0223967667793
-0.018892032168 0.00328943434614 -0.0213499225797
-0.0191359248306 0.00221546938761 -0.0202587606477
-0.0192858454356 0.00119177922398 -0.019121570765
-0.0193321538112 0.00021690946633 -0.0179321930617
-0.0192890562463 -0.000717939086308 -0.0166925292276
-0.019165867263 -0.00162074306158 -0.0154017386594
-0.0190050673159 -0.00251609305263 -0.0140635346165
-0.0188679739382 -0.00344222787518 -0.0126780383568
-0.0187101073145 -0.00438460892968 -0.0112264794651
-0.018415362818 -0.00528222038033 -0.00969232486083
-0.0179119542484 -0.00608983114895 -0.00807703564249
-0.0115870834983 0.0130754812229 -0.0297876365259
-0.0130593059954 0.0115535757414 -0.0293814579181
-0.0140714551156 0.00986077852621 -0.0284551128286
-0.0148490446112 0.00828325277137 -0.0274166400945
-0.0155994397495 0.00686272051049 -0.0264659283082
-0.0163396024723 0.00553702387931 -0.0255669969932
-0.017004268935 0.00427182442623 -0.0246404975287
-0.0175312701592 0.00306883975842 -0.0236393081387
-0.0179597037776 0.00192026343226 -0.022588139604
-0.0182375028663 0.000841151151292 -0.0214596788374
-0.0184074629962 -0.000181433100058 -0.020277263965
-0.0184717667871 -0.00115062585671 -0.0190405686177
-0.0184379477892 -0.00207217001492 -0.0177510083956
-0.0183302396746 -0.00296146477398 -0.0164137103421
-0.0181925799629 -0.0038475983279 -0.0150347995231
-0.0180801864837 -0.00477012809922 -0.01361591477
-0.0179167372991 -0.00569066754549 -0.0121299572931
-0.017574170215 -0.0065293110341 -0.0105561303927
-0.0170842293868 -0.00730148879358 -0.00890559501026
-0.0103346640442 0.0114273842602 -0.0309436634475
-0.0117628335243 0.00995521533747 -0.0306351228912
-0.0127772309831 0.00833267478647 -0.0297327392739
-0.0135004007407 0.00680197650849 -0.0286018648436
-0.0142251746349 0.0054199772819 -0.0276127295211
-0.0149474426946 0.0041172890638 -0.0266937970816
-0.015622232106 0.00286272862019 -0.0257663305831
-0.0161989129584 0.00165671456715 -0.0247768181164
-0.0166693608876 0.000501707294743 -0.0237192771995
-0.0170086259065 -0.000589750036855 -0.0225805440609
-0.0172024863307 -0.00160594227269 -0.0213588021957
-0.0173086124529 -0.00257451756639 -0.0200872462054
-0.017287266563 -0.00347454432929 -0.0187469676231
-0.0171973047557 -0.00434178875733 -0.0173624913942
-0.017072578163 -0.00520256676778 -0.0159397235502
-0.0169730585531 -0.00610338549838 -0.0144861932086
-0.0168563154907 -0.00702195982076 -0.0129766240554
-0.0165617496965 -0.00784538255992 -0.0113719134293
-0.0161117862463 -0.00858518589931 -0.00968563814177
-0.00888185381471 0.00963173910801 -0.0317654823404
-0.0102090708242 0.00822052978442 -0.0315679508851
-0.0112315102634 0.00669969100104 -0.0307965322601
-0.0120395522788 0.00524719937166 -0.0297987804619
-0.0127960783254 0.00388767235955 -0.0288466392675
-0.0134706940943 0.00259934365576 -0.0278693782972
-0.0140726521217 0.00136868514232 -0.0268645212313
-0.0146021617894 0.000186854754393 -0.0258216272593
-0.0150731241728 -0.000959612474688 -0.0247441829405
-0.0154227296761 -0.0020396793825 -0.0235791144274
-0.0156263613528 -0.00303309971044 -0.0223176419691
-0.0157554921473 -0.00398281827505 -0.021010731995
-0.0158002050413 -0.00488494025754 -0.0196492826303
-0.0157766256614 -0.00575310239454 -0.0182390850609
-0.0156817377472 -0.00658743059767 -0.0167752867113
-0.0155859991275 -0.00744510551628 -0.0152803706076
-0.0154971199191 -0.00833676048827 -0.0137444854632
-0.0152744337428 -0.00915053536579 -0.012117892672
-0.0149501641204 -0.00991036642419 -0.0104142755863
-0.00736625372079 0.00783093552126 -0.0324804713888
-0.00848727237694 0.00643684501877 -0.0322079764744
-0.00945608666246 0.00500706860077 -0.0315786543627
-0.0103049611184 0.0036167700162 -0.0307788979908
-0.0110539083886 0.00228509412346 -0.0298823311263
-0.0117203580769 0.00101094316611 -0.0289252994425
-0.0122832376159 -0.000194554050586 -0.0278809624918
-0.0127705760418 -0.00134534183949 -0.0267880111057
-0.0131873434713 -0.00244771539699 -0.0256472986503
-0.013529745152 -0.00350151058627 -0.0244512452093
-0.0137670640505 -0.00448357158377 -0.0231734510274
-0.0139289616866 -0.00541668179081 -0.0218407069057
-0.0140243201912 -0.00630989136304 -0.0204571236488
-0.0140578542471 -0.00716910933976 -0.0190225667034
-0.0139948487254 -0.00796460603577 -0.0175158093073
-0.0139306001936 -0.0087832013997 -0.0159845303971
-0.0138890386398 -0.00964937564539 -0.0144267494879
-0.0137659816116 -0.0104677645423 -0.0127900422174
-0.0135970209471 -0.0112698283698 -0.0110872694031
0.00419621788069 -0.0188092820349 0.00902611983547
0.00240034356248 -0.0179711122671 0.0108266199232
0.000580314641384 -0.0168828506658 0.012317891483
-0.00132864886318 -0.0157981997861 0.0136350834685
-0.00330384339885 -0.0145502176304 0.0147391331296
-0.0052660116079 -0.0129476509958 0.0154830881373
-0.0072316657441 -0.011104245944 0.0159288352327
-0.00930717544975 -0.0091709450698 0.0162051107822
-0.0114762896804 -0.00706705450951 0.0162428350731
0.00371003801003 -0.0188165646207 0.00769731991826
0.00149281207726 -0.0181551231468 0.00930536898107
-0.000664082047877 -0.0172947393993 0.0107252527983
-0.00279483276463 -0.0163106776156 0.0120048006621
-0.0048193494324 -0.0149565522562 0.0130206594347
-0.00675558463526 -0.0133439250906 0.0138081885795
-0.00856623561427 -0.0114472642399 0.0143416622207
-0.0103459811545 -0.00940544937157 0.0147290503966
-0.012099307645 -0.00718457659227 0.0149542833686
0.00320276419073 -0.0188308628415 0.00629015097985
0.00064380026243 -0.018322264166 0.00775939261795
-0.00178398885884 -0.017600072731 0.00909982037085
-0.0040832617752 -0.0166358054257 0.0103073446141
-0.00616231839213 -0.0152438179694 0.0112814313492
-0.00806587420643 -0.0135981884565 0.0120830659219
-0.00974997610623 -0.0116553543997 0.012681199658
-0.0112943927867 -0.0095255760924 0.0131521800697
-0.0127760864324 -0.00724369051264 0.0135404816456
0.00268005566497 -0.0189064802384 0.00481475720521
-0.000154951632836 -0.0185240783371 0.00619821144556
-0.00279250740382 -0.017851644412 0.00746688822843
-0.00519447253464 -0.0168151140577 0.00858723317323
-0.00733010758377 -0.0154258138378 0.00954157963394
-0.00919720697352 -0.01373168984 0.0103359675562
-0.0108170421757 -0.0117792697677 0.0109906941472
-0.0122191682045 -0.00959529641904 0.0115270962538
-0.0135585092416 -0.00727548419145 0.0120361109844
0.0021491797754 -0.0190620164011 0.00326878691433
-0.000891766659319 -0.0186893083098 0.00460061451334
-0.00366789538518 -0.0179825818739 0.0058112783699
-0.00613023812923 -0.0168744632824 0.00687116013549
-0.00833217702115 -0.0155278285231 0.00782063506535
-0.0101394088001 -0.013742886027 0.00857774796179
-0.0117340770013 -0.0117866921318 0.00925368331317
-0.0131218658323 -0.00960858219526 0.00984619870466
-0.0144534088779 -0.0072709487589 0.0104307975739
0.00161242510395 -0.0191807459176 0.00163077523478
-0.00156802931536 -0.0188158632099 0.00296484345558
-0.00441873007728 -0.0180314987963 0.00415283957233
-0.00692767969156 -0.0168996793637 0.00519358837025
-0.00917233858887 -0.0155582856788 0.00612501860649
-0.0109455840192 -0.0137021830544 0.00684859238471
-0.0125473608203 -0.0117278502028 0.00750458804665
-0.0139910992091 -0.00955077015705 0.00809447425155
-0.0153748606203 -0.00716407560209 0.00865810843655
0.00106599757044 -0.0192069540025 -0.000103630755122
-0.00216629381629 -0.0188101470376 0.00128345711854
-0.00505314397271 -0.018028015908 0.00250216896079
-0.00761454573636 -0.0169379078193 0.00355973147566
-0.00988424241568 -0.0155648357797 0.00446865395177
-0.0116560775271 -0.0136489828315 0.00515726976214
-0.0133109958633 -0.0116476095072 0.00575945170369
-0.0148215355528 -0.00941479878295 0.00626275907949
-0.0162844049283 -0.00693229477692 0.00669409976
0.000512152644964 -0.0191039854706 -0.00192300958866
-0.00269071029709 -0.0187166730172 -0.000426094479743
-0.00557389533898 -0.0179815167756 0.000861850144213
-0.00819414779487 -0.0169841394445 0.00195645161101
-0.0105156636473 -0.0156049713573 0.00285414147471
-0.0122951030644 -0.0135990656381 0.00349423445962
-0.0140338302265 -0.0115438013569 0.00400197703012
-0.0155450519031 -0.0091540314349 0.00432960740397
-0.0170616678525 -0.00651996570717 0.00451857397737
-4.13120566163e-05 -0.0189022947742 -0.00380724862579
-0.00313081595541 -0.0185195612112 -0.00215009293341
-0.00596281277736 -0.0178500121329 -0.000767742777213
-0.00859077097512 -0.0169024965873 0.000363648565248
-0.0109534953457 -0.0155223036512 0.00124402925984
-0.0128214099268 -0.0135016104786 0.00183371850599
-0.0146076741926 -0.0113229105793 0.0021972944409
-0.0161365641616 -0.0087602364914 0.00230940839104
-0.0176736406007 -0.00593339779339 0.00218674101205
