0.0127387233903 -0.00913990870069 0.015093484344
-0.00338902579921 0.00316086119607 0.0216694507424
0.0173880356902 -0.000855650711411 -0.0161646862981
-0.0121178626567 0.0197587767592 -0.00382512736205
0.0205135213588 0.00538918309064 0.0124088458832
0.0074446629473 0.015236792265 0.0183359626261
0.0219987310314 0.00461263159705 0.0164080759245
0.00855481461576 0.0146545961201 0.0224019553667
0.0224820337796 0.00370767251998 0.0199875719782
0.00963351268546 0.013375818274 0.0259775967745
0.0225301793823 0.00328852056694 0.0233906749552
0.0109013489179 0.0120013508787 0.0287327178607
0.0224330729919 0.00248283504809 0.0261439782696
0.0117662885915 0.0105893464049 0.0311199384234
0.0261770550638 0.00368615455809 0.0299804174268
0.0141012825256 0.0125474432704 0.0354156148578
0.021153580834 0.000655062869595 0.0357479585668
0.0153791745266 0.00486353016633 0.038156672704
0.0198432984469 0.00124343877033 0.037516237681
0.0170655368962 0.00307890996791 0.0390162980861
-0.00583291187525 0.00856955889485 -0.0295474611465
0.018870346309 0.00272461547804 -0.0134664427899
-0.00777952040073 0.0213938087335 -0.0016361176423
0.0194960563117 0.00657126617863 0.0117597424169
0.0218280734572 0.00519945914289 0.0113652281811
0.0224872100896 0.00499172981171 0.0128470431783
0.0200252258188 0.00596945778069 0.0139308551463
0.00852129332208 0.0148629702186 0.0167359988249
0.00637067311892 0.0163365261776 0.0178049082791
0.00692477677285 0.016388847337 0.0196712146718
0.00907844306236 0.0141320607415 0.0189019505106
0.0204579521239 0.00535325502522 0.0157575910445
0.0207747694746 0.00497422849254 0.0178611434175
0.0238311194641 0.00429451424593 0.0169392061209
0.0231619259701 0.00475756173158 0.014943003468
0.00926488103624 0.0138155641665 0.0207049981946
0.00965819196286 0.0132739508844 0.0228728973172
0.00821850603267 0.0158336361202 0.0237737569988
0.00766036327833 0.0163314915628 0.0217543917262
0.0213664129272 0.00419310013691 0.019300501545
0.0215604580081 0.0037287304008 0.0211686997388
0.0237895974396 0.00332162602516 0.020775539633
0.0240539202762 0.00391273310792 0.0188916453648
0.00995202353836 0.0129793427066 0.024828427438
0.0102594349606 0.0123585735563 0.0263766142106
0.00933959619514 0.0141349679888 0.0273263556791
0.0088909216741 0.0150598235516 0.0256852813591
0.0215328668316 0.00353387609577 0.0237354198165
0.0240337722267 0.00306260146626 0.0234814898752
0.0116849844699 0.0108817933592 0.0283509473071
0.0104684567884 0.0130778758928 0.0293665364445
0.0212531694571 0.00253523785881 0.0260117244507
0.0236949064518 0.0025256432464 0.0263438813802
0.0122920519421 0.00948445894327 0.030437994922
0.0114994086095 0.0115240404997 0.0316187800852
0.0197290148323 -0.00228022021775 0.0328596005643
0.0115532629435 0.00398137646489 0.0364085802634
0.0190263556105 -0.00281644201309 0.0338735123062
0.0117173603738 0.00260537817846 0.0370729470161
0.0183947240009 -0.00183709545342 0.0348534101795
0.0135254455523 0.00191703947839 0.0373482849083
0.0197462021355 0.00336327903543 0.0102998916505
0.0214783936851 0.00171011748442 0.0138136200063
0.0225264383727 0.000846226870752 0.017517304442
0.0226611591166 4.99129449215e-05 0.0214693982462
0.0224473956128 -0.000359456561891 0.0244124675931
0.0224661387103 -0.00169487404083 0.0274857901166
0.00494738529808 0.0143014947743 0.0162467514922
0.00479549867316 0.0137973370759 0.0211351620649
0.00566348771083 0.0130536998275 0.0250877467067
0.00679406706366 0.011512109616 0.0283090626632
0.00827175314646 0.009936851582 0.0306164372532
0.00853262264646 0.00849485761005 0.0331902358753
0.0149883247964 0.00742918523541 -0.0074647190464
0.000812041965536 0.018050007839 -0.00129452563188
0.0187608905239 0.00683115584431 -0.0200442646472
-0.0076920754911 0.0251021020991 -0.00812193002986
0.0216811415505 -0.00184422542257 -0.0104505875082
-0.0104562401673 0.0212245331223 0.00388653801461
0.0152208818969 0.00199306813312 -0.00857717768397
-0.00637652124842 0.0177904559842 0.00012557400353
0.0021692332654 -0.0185437603284 0.0100971210653
0.00347791385434 -0.0194539297712 0.00886294074303
0.00489477028823 -0.020156462044 0.00790091304907
0.00631947513104 -0.0206887811447 0.00717519540969
0.00768391222022 -0.0210499243931 0.00657845820029
0.00901908098725 -0.0212365351073 0.00614913189733
0.0103296224075 -0.0212508921106 0.00590542102058
0.0116086356255 -0.0210826347605 0.00579756295485
0.012866703032 -0.020721361368 0.00579250146464
0.0141101868206 -0.0201860050824 0.00597648573903
0.0141101868206 -0.0201860050824 0.00597648573903
0.0156388145041 -0.0188980298151 0.00669068748776
0.0167291302209 -0.0176567915389 0.00762403520521
0.0173724033904 -0.016460102511 0.00865902789603
0.0175907019231 -0.0152840302521 0.00972227085808
0.0174395770643 -0.014055124654 0.0107327223764
0.0168269040937 -0.0129134776661 0.011852608636
0.015898324058 -0.0116170898001 0.0128645390158
0.0145388381099 -0.0103427026597 0.0139396742904
0.01273872366 -0.00913990833318 0.0150934842655
0.01273872366 -0.00913990833318 0.0150934842655
0.0109993372062 -0.00868858461434 0.0155310611312
0.00936735425791 -0.00868158538834 0.0158643292357
0.00792615796091 -0.00880460378948 0.0159553304797
0.00666763967606 -0.00906512667607 0.0158271388063
0.00559743619883 -0.00948036924594 0.0154822656127
0.0047842772937 -0.0101132675151 0.0148632087754
0.00415896490856 -0.0108825145252 0.0140993965763
0.00344120225883 -0.0116038848987 0.0133813788812
0.00277766055068 -0.0124239672086 0.0124511888535
-0.0112844912912 -0.00833608869633 0.0161624745798
-0.0130255744014 -0.00677253926701 0.0160780210406
-0.0144043993934 -0.00515340245693 0.0162172172542
-0.0154482629164 -0.00364846923861 0.0166520546376
-0.0162148037455 -0.00233762857718 0.0171747992825
-0.0167169216836 -0.00118694746163 0.0176724771455
-0.0169536403904 -0.000149924650009 0.0181101336525
-0.0169259117435 0.000805068642295 0.0184845325263
-0.0166450091961 0.00170136204272 0.0187925251945
-0.0161199400354 0.00252884957108 0.0190686713939
-0.0161199400354 0.00252884957108 0.0190686713939
-0.0145700287273 0.00425420408316 0.0197967766202
-0.0128662682725 0.0052781825442 0.0208042636603
-0.0112410302139 0.00580081075354 0.0216544100181
-0.00973631151749 0.00600053955099 0.0222388117252
-0.00833922205281 0.00590744273046 0.0225784475087
-0.00703704663927 0.00553801928038 0.0226923881687
-0.00578215509758 0.00500114820143 0.0225697465484
-0.00457894454985 0.00419797767436 0.0222362039403
-0.00338902606894 0.00316086082856 0.0216694508208
-0.00338902606894 0.00316086082856 0.0216694508208
-0.00194468673677 0.00160194350575 0.0209470421864
-0.00138203317164 -0.000335036985492 0.0203818609517
-0.00115470677835 -0.00189315021244 0.0197163757989
-0.00116276074315 -0.00314664309512 0.0190032936468
-0.00140920808721 -0.00416422987231 0.0182724497162
-0.00212041803082 -0.00484844082033 0.0174979128487
-0.00313405874041 -0.0052744920039 0.0167455458535
-0.00397624870584 -0.00580185510835 0.0160408943975
-0.00489899502232 -0.0062952118369 0.0152315973925
0.0261770550638 0.00368615455809 0.0299804174268
0.0260993355394 0.00368511178463 0.0297316738956
0.025830102949 0.00345808285108 0.0293808553219
0.0255480313908 0.00310739225808 0.0291062774319
0.0252532718219 0.00272642599661 0.0288878988568
0.0249058825048 0.00234026724189 0.0286725827071
0.0244843980378 0.00194549874587 0.0284341818711
0.0239830036395 0.00153827485264 0.028159349463
0.0234057079257 0.00110941036069 0.0278532581944
0.0228767156968 0.000710854753344 0.0274458768872
0.0261770550638 0.00368615455809 0.0299804174268
0.0261876726339 0.00323185415423 0.0302082620462
0.026001473595 0.00268748913802 0.0303081071406
0.0257821181767 0.00214148953142 0.0303847763618
0.0255212055403 0.00153916404022 0.0304265641397
0.0251793963834 0.000876482195273 0.0304088374594
0.0246931759717 0.000203404229268 0.0303053513072
0.024136384865 -0.000521832616288 0.030150382301
0.0235400971145 -0.00133748315149 0.0299466070748
0.0227777269825 -0.00211761292084 0.029665597801
0.0261770550638 0.00368615455809 0.0299804174268
0.0260994815175 0.00348107877132 0.0303360318367
0.0258580213095 0.00309343543144 0.030543855347
0.0255341531922 0.00262974260697 0.0307013992388
0.0251175058075 0.00207857115638 0.0308601298935
0.0245924630759 0.00141363211467 0.0309991939646
0.0239586979749 0.000627801142777 0.0310910194189
0.0232131637485 -0.000270649639404 0.0310387241206
0.0223590264165 -0.00127268505533 0.0308917751695
0.0213798026628 -0.00236840966269 0.0306169300205
0.0261770550638 0.00368615455809 0.0299804174268
0.0258464004904 0.00353492200409 0.0304321387632
0.0253115932086 0.00314210915749 0.0306080321847
0.0247655398125 0.00273135486912 0.0306902754991
0.0242112274008 0.00232484234586 0.0308758050914
0.0235737688198 0.00184268177839 0.0310120601126
0.0228601276471 0.00127043429041 0.0309871929424
0.022088385125 0.000622925331553 0.0308391888785
0.0212894616452 -0.000115586103755 0.03053528829
0.0203933041284 -0.000894246534145 0.0302515568177
0.014101282121 0.0125474427191 0.0354156149754
0.0139587204196 0.0125613363217 0.0351809085948
0.0135526378828 0.0123780972219 0.0349261469602
0.013101479299 0.0121257303309 0.0347673967545
0.0126988749564 0.011838367245 0.0345940297949
0.0123383064442 0.0115225153668 0.0343127095263
0.0119591121604 0.011125356643 0.0340828903359
0.0115874398933 0.0106583826668 0.033821593903
0.011223422045 0.0101025641991 0.0335205994964
0.010845960001 0.00960312476991 0.0331368555832
0.014101282121 0.0125474427191 0.0354156149754
0.0136637999626 0.0121219678793 0.0357918934445
0.0130731220469 0.011546039687 0.0359964255063
0.0125296330359 0.0109680186441 0.0361111326273
0.011966498796 0.0103977972653 0.0361990154799
0.0113839475945 0.00979114629255 0.0361922433137
0.0107942914477 0.00914595074146 0.0360816731973
0.0101871787906 0.00847050280627 0.0358872392038
0.00957316049577 0.00775264485927 0.0355916046874
0.00888341967869 0.00705822751027 0.035294772218
0.014101282121 0.0125474427191 0.0354156149754
0.0140403433636 0.0119874800484 0.0356981673903
0.0137451716722 0.0113174955495 0.0358933175613
0.013350206997 0.0106505071953 0.035996191567
0.0129063687986 0.00998417369712 0.036026348905
0.0124799507438 0.00926473739467 0.0360595402554
0.012000195912 0.00851325036424 0.0360486116134
0.0114243024832 0.00775862657276 0.0359277419769
0.0107920747836 0.00696794407403 0.0357374183106
0.0101650263553 0.00612501389152 0.0356149956655
0.014101282121 0.0125474427191 0.0354156149754
0.0140924592636 0.0119409319388 0.0355552052792
0.0139936519829 0.0113328911137 0.0355800628078
0.0138579393995 0.0107215907005 0.0355186605268
0.0137757982781 0.0100664855383 0.0354326910626
0.0136303354617 0.00932760248776 0.035281926777
0.0132903902993 0.0085555206566 0.0349827764128
0.0128309188576 0.00774791043674 0.0345705806021
0.0121790058059 0.00711438025172 0.0339535603905
0.0115726599743 0.00620550847358 0.0333714944103
-0.000688457787097 -0.0175767748572 -0.00187257188987
0.00101520850746 -0.0181055915742 -0.00130948540971
0.0026815583628 -0.0187806115492 -0.00072062679562
0.00426024604855 -0.0196325277048 -0.000255727221005
0.00585629015081 -0.0204157107856 0.000116349023429
0.00754599123877 -0.0209888635718 0.000478123255407
0.00934635054825 -0.0213240713305 0.000876121846242
0.0112983178691 -0.0216464133835 0.00118671009142
0.0132985582088 -0.0214679139595 0.00173979365203
0.0149603194787 -0.0207483398259 0.00251471072475
0.0149603194787 -0.0207483398259 0.00251471072475
0.0161881102262 -0.0198329073834 0.00354981288423
0.0171885180508 -0.0188331911086 0.00458772459847
0.0181693923961 -0.0178852112307 0.00547823063321
0.0190657948025 -0.0169528831029 0.00627165782275
0.0198300471759 -0.0160360419266 0.00702029244731
0.0204984591972 -0.0151197622134 0.00767869789192
0.0210547339267 -0.0141681470501 0.00824835082315
0.0216302198549 -0.0132163197448 0.0085985961589
0.0223326449765 -0.0124995803033 0.0087159725153
0.0223326449765 -0.0124995803033 0.0087159725153
0.0229432751084 -0.0117203331673 0.008174946648
0.0235244180941 -0.011048008358 0.0075172300796
0.0240474946851 -0.010600457587 0.00674720624539
0.024447680793 -0.0102945596432 0.00590073432349
0.0247184772653 -0.0102049376665 0.00497290989517
0.0248668580256 -0.0100989315443 0.00397954218805
0.0249141825975 -0.00996190840163 0.00291338131713
0.0248623567794 -0.0097632582509 0.00177954868293
0.0246922976456 -0.00955749160213 0.000584861065013
0.0246922976456 -0.00955749160213 0.000584861065013
0.024268802912 -0.00864063120827 -0.0019015936421
0.0238233042075 -0.00840950334249 -0.00468944042982
0.0231902223261 -0.00734700976757 -0.00687523222011
0.0223965974739 -0.00621946729113 -0.00870978057088
0.0213665424932 -0.00505085677711 -0.0101924786703
0.0199175563056 -0.00377344909463 -0.011280073995
0.0187768182653 -0.00332024247317 -0.013186353306
0.0176798953336 -0.00297284331634 -0.0150420929238
0.0168856127333 -0.00278636433361 -0.0167739434251
-0.0155362042414 -0.00680396339328 0.00580013814086
-0.0160030952661 -0.00527435523591 0.00752692782272
-0.016612201211 -0.00400788487462 0.00930893435372
-0.0175086887931 -0.00290707352487 0.0108418742867
-0.0182779124187 -0.00172074975944 0.01215423476
-0.0188907320289 -0.000420523597194 0.0132992701934
-0.0193490461518 0.00102184834124 0.0143268724434
-0.0193543073364 0.00253655336247 0.0154135978569
-0.0188895996005 0.00396409938947 0.0165253636875
-0.017979644341 0.00508442380924 0.0174965101153
-0.017979644341 0.00508442380924 0.0174965101153
-0.0171882355203 0.00580979669488 0.0184299292151
-0.0163555280615 0.00660340678762 0.0192285137599
-0.0154395269932 0.00732461170844 0.0199204137537
-0.0144148090228 0.00785085524207 0.0205454539149
-0.0133754277659 0.00841475815157 0.0210680035948
-0.0122855184424 0.0090395125702 0.0214793590576
-0.0111627137572 0.00981893183892 0.0217519017018
-0.0102241631996 0.0109020624308 0.0218387010697
-0.00962889287324 0.0121217240509 0.0217784870274
-0.00962889287324 0.0121217240509 0.0217784870274
-0.00942647546837 0.0128520729699 0.0215717366032
-0.00936093780189 0.013560440131 0.0212676495441
-0.00941270681059 0.0142216070505 0.0208709706489
-0.00953292620041 0.0148339640542 0.0203841339874
-0.00969677714748 0.0154123308214 0.0198064937653
-0.0100281115938 0.0159091776738 0.019137044564
-0.0104934645569 0.0163176128277 0.0183762854528
-0.0108748550948 0.0167713955271 0.0175232510756
-0.0112325476901 0.0172700297792 0.0165796147645
-0.0112325476901 0.0172700297792 0.0165796147645
-0.011767943834 0.0180311772983 0.0143590031757
-0.0125569432372 0.018525991099 0.0120807142271
-0.0132438652532 0.0189731956764 0.0097890757955
-0.0132415604521 0.0193912644236 0.0075982447832
-0.0129681905676 0.0195426662835 0.00541162110797
-0.0124911337962 0.019335593445 0.00315378641295
-0.0126600231342 0.0189871922115 0.000758779724474
-0.0132852379511 0.0187566454309 -0.00159867057436
-0.0138863392396 0.0186473362586 -0.00378347595887
0.00729907537968 -0.00778546613065 0.0221903771095
0.00895504582072 -0.00707994098436 0.023082086984
0.010369997016 -0.00664213528499 0.0243576548995
0.0117117715289 -0.00604260144747 0.0256399205031
0.0129013714748 -0.00543118745624 0.0270648150831
0.0139408414224 -0.00480438227779 0.0286378394116
0.0147752435217 -0.00422708055369 0.0304725831952
0.0155085218976 -0.00371859466973 0.0326966792449
0.0164788617167 -0.00297442034472 0.0347923212222
0.0170808204225 -0.0017999269869 0.0359232502269
0.00309100101205 -0.0044606832617 0.0239763858953
0.00393989611367 -0.00315246159468 0.0253036040614
0.00485820588059 -0.00207417240643 0.0267937168037
0.00585183125461 -0.00138811143943 0.0283961257031
0.0069600429237 -0.000847696035877 0.0299583800016
0.00818251280505 -0.000377871291188 0.0314889841666
0.00950488704521 -0.000206294304789 0.0331012298199
0.0109296506627 -0.000410098922101 0.0349406663147
0.0124753104202 -0.000214057468428 0.0366189874073
0.014128387919 0.000417409122519 0.0375186513962
0.0141222678158 -0.00142044233146 0.0344205625916
0.0143426105432 -0.00135314837172 0.0350202849753
0.0146123413566 -0.00117611361357 0.0355228693861
0.0148713679877 -0.000967578516211 0.0359391866087
0.0151142064607 -0.000721436778174 0.036253625064
0.0153247868552 -0.000472298082828 0.0364967064757
0.0155067251582 -0.000231257098961 0.0366905368498
0.0156659147805 1.68996934656e-05 0.0368223656582
0.0158141307355 0.000264160986282 0.0369123959118
0.0159676378248 0.000517599891538 0.036960325369
0.0235687737511 -0.00753584198573 0.0116779213126
0.0245300279457 -0.00722720482799 0.0104506042357
0.0252288039813 -0.0070358775685 0.00907171739591
0.0257151815063 -0.00693141514702 0.00762257768352
0.0259305185831 -0.0069424570429 0.00610387541361
0.0261388543045 -0.00694162192021 0.00456851675466
0.0262188377328 -0.00698298006907 0.0029699752932
0.0258733168504 -0.0072319595503 0.0013063699981
0.0255325642566 -0.00745479827167 -0.000408800109394
0.0250234350686 -0.0077405509053 -0.00218476732427
0.0250234350686 -0.0077405509053 -0.00218476732427
0.0246497425616 -0.00750613259001 -0.0034249362497
0.0244344756778 -0.00697862090813 -0.00462424880606
0.0242323952436 -0.00637545759288 -0.00572286191805
0.023976083248 -0.0057372962102 -0.00672505215461
0.0236895780872 -0.00503842703042 -0.00763611642819
0.0233586165686 -0.00427614961402 -0.00846343612913
0.0229151284735 -0.00347875086804 -0.00921557328501
0.0223386532864 -0.00266949226734 -0.00988419954343
0.0216811415505 -0.00184422542257 -0.0104505875082
-0.00281489178169 0.0122226485196 0.0233329636059
-0.00362029541434 0.0132022981326 0.0229946976393
-0.00447131684396 0.0141142222855 0.022527784822
-0.00516129673954 0.0152088498538 0.022076288767
-0.00579853330095 0.0163999737153 0.0214163247379
-0.00658753995198 0.0174317314921 0.0203667141512
-0.00748765710058 0.0183591358571 0.0189984965311
-0.00857434561623 0.0189365375193 0.0172792996771
-0.00961343645893 0.0198548052262 0.0153697273334
-0.0108107460832 0.0200729551409 0.0131316119427
-0.0108107460832 0.0200729551409 0.0131316119427
-0.011282710664 0.0200445112114 0.0122250378061
-0.0116277669211 0.0201293708521 0.0112799769003
-0.0118507107349 0.0202701310259 0.0103134545293
-0.0119443289148 0.0205477205968 0.00935738158
-0.0118946800099 0.0208171801082 0.00837022663854
-0.0117014090243 0.0210279033786 0.00732749403774
-0.0113389720051 0.0212738634896 0.00624386973505
-0.0108794518972 0.0213584822995 0.00507927706458
-0.0104562405719 0.0212245325711 0.00388653813224
0.00889526653211 0.0149247349932 -0.0199272724272
0.0097191819154 0.0156337602233 -0.0189035518541
0.0102780507652 0.0162902422438 -0.0179033003864
0.0105501203433 0.0167284921919 -0.0169117776975
0.010526316111 0.0167513850557 -0.0159612684194
0.0102413756148 0.0167096212396 -0.0150532196804
0.00970942323639 0.016670483635 -0.0141594532524
0.008703787563 0.015968877144 -0.0134245270599
0.00739760185125 0.0154228088545 -0.0126896202127
0.00646772295506 0.015582819926 -0.0116727594387
0.000599015603377 0.0200418851063 -0.016976780367
0.00155534822962 0.0204240097341 -0.0158261806629
0.00279391020773 0.0210324371065 -0.0149256307971
0.0037496661312 0.0211188083536 -0.0140993841756
0.00434906609992 0.0207380593605 -0.0133288570488
0.00491799388026 0.0201785247734 -0.0127197518802
0.00528990017665 0.0192936574277 -0.0122449610984
0.00518399998601 0.0178459620106 -0.011948523311
0.00560446745281 0.0165772825563 -0.0118581062959
0.00646772295506 0.015582819926 -0.0116727594387
0.01273872366 -0.00913990833318 0.0150934842655
0.0102760226658 -0.00871503380913 0.0154500500012
0.00771197503764 -0.0089638383175 0.0162245962353
0.00519673888962 -0.00955643745099 0.0181135401437
0.00298823933284 -0.00937220469249 0.0198865746202
0.00118463782561 -0.0080445292229 0.0206774177076
-0.000124733340841 -0.00557531557991 0.0205018441587
-0.000953191914792 -0.00226167070086 0.0201556216713
-0.00170258081999 0.00111240493346 0.0205599220221
-0.00338902606894 0.00316086082856 0.0216694508208
0.00729907537968 -0.00778546613065 0.0221903771095
0.00639638999264 -0.00789068395201 0.0220651792437
0.00559701406074 -0.00792295126566 0.0220704435818
0.00490806610312 -0.00780714020416 0.0221293089398
0.00433638295492 -0.00753240629425 0.0222163883946
0.00387161244024 -0.00715194170649 0.0223993261765
0.00351785833803 -0.00664555234793 0.0226523687153
0.0032687082434 -0.006032551339 0.0230059758918
0.0031305059852 -0.00529105968346 0.0234279817337
0.00309100101205 -0.0044606832617 0.0239763858953
0.00204987959018 -0.00879479366157 0.0203288396304
0.00223123351078 -0.00857943885785 0.0205116931371
0.00242296628172 -0.00838077146364 0.0207069707813
0.00262612532573 -0.00819567695736 0.020910377685
0.00284290867024 -0.00801795409781 0.0211153863745
0.00306968303259 -0.00785801156981 0.0213338720754
0.00330467422762 -0.00772138535501 0.0215719242298
0.00355288113151 -0.00759369834024 0.0218142220501
0.00381168919102 -0.00748339895387 0.0220712838382
0.00409086724108 -0.00735506619809 0.0222950567803
0.0112586198894 -0.00684206620096 0.0186546249064
0.00873780706206 -0.00745433476019 0.0191584241854
0.00672190638897 -0.00835454269152 0.0199047899419
0.00495570635411 -0.00865967444527 0.0205912610378
0.00352471722282 -0.00830312423229 0.0210540837904
0.00245430652922 -0.00752670709179 0.0214429437581
0.00173694972913 -0.00635035699206 0.0217851824753
0.00137905702434 -0.00476174660739 0.0220702961643
0.00150504028099 -0.00270253005455 0.0221645548277
0.00148316109132 -0.000443542121228 0.0227417438055
0.00277766055068 -0.0124239672086 0.0124511888535
0.00101448007353 -0.012795811984 0.0165310850354
-0.00109462181089 -0.0114251618496 0.018000266452
-0.00330498226438 -0.00946680455787 0.0181374936794
-0.00489899502232 -0.0062952118369 0.0152315973925
0.00213723968561 -0.0134569278988 0.0136566289006
2.92041761259e-05 -0.0133562466102 0.016326831712
-0.0019083140974 -0.0122384431547 0.0173397622256
-0.0039817095389 -0.010519672387 0.0176122355095
-0.00570230700034 -0.00764857364555 0.0156884262402
0.00133707339514 -0.0143319341862 0.0136503921426
-0.000628388582099 -0.014076774431 0.0156554922067
-0.00267438589556 -0.0129395648709 0.0166084292262
-0.00487208824445 -0.0112267780371 0.0170655623356
-0.00681609460252 -0.00867254943994 0.015836270585
0.000932693380957 -0.0158760041182 0.0121610882406
-0.000914316921003 -0.015175809289 0.014633468302
-0.0034101700722 -0.0136523841612 0.015970910042
-0.00607304541883 -0.0115858915815 0.0166541132925
-0.00871117243862 -0.00902526561282 0.0158093160296
0.0021692332654 -0.0185437603284 0.0100971210653
-0.000876607442748 -0.0165597025809 0.0131547293708
-0.00410288779496 -0.014297849045 0.0153275237718
-0.00758041060979 -0.0115329543804 0.0162980271407
-0.0112844912912 -0.00833608869633 0.0161624745798
0.0235687737511 -0.00753584198573 0.0116779213126
0.0218594870382 -0.00559757094491 0.0120523399175
0.0209864630287 -0.00351784952366 0.0136106599374
0.0210768309282 -0.00184461648469 0.0157942610626
0.0217478851551 -0.00109849000738 0.0177772532084
0.022258920898 -0.000942589093906 0.0195946955052
0.0223405173726 -0.000829029580557 0.0218861984005
0.0223928308319 -0.000998290446493 0.0245917404986
0.0224661396243 -0.00169487390915 0.0274857897847
0.0223618928668 -0.00755591664429 0.0124927305601
0.0214638876153 -0.00570138003445 0.0134296140657
0.0210108378936 -0.00405955534095 0.0148936797165
0.0209930501717 -0.00291076913957 0.0166391228594
0.0211533038446 -0.00233002777819 0.0183625125346
0.0213239356778 -0.00208801278847 0.0201103884058
0.021388753442 -0.0018876699706 0.0221231937869
0.0217840514953 -0.00211328150157 0.0243046915712
0.022281469678 -0.00253670591777 0.026763123655
0.0212051051425 -0.00753949161365 0.0132761399993
0.0206672070191 -0.00598375878471 0.0144338395944
0.0204112687059 -0.00476796935751 0.0158641778678
0.0203042424272 -0.00395455598032 0.0173636936115
0.0202113528712 -0.00338271140981 0.0188617535442
0.0202107893817 -0.00303001022107 0.0204610805231
0.0202963261013 -0.00283835079838 0.0222115653683
0.020608313506 -0.00299586595388 0.0240879745726
0.0210413565153 -0.00332388693178 0.0261315271665
0.0201230245799 -0.00758245450594 0.0140979433444
0.0196993693093 -0.00637447820456 0.0152493382363
0.0194211426811 -0.00545575596312 0.0165345211565
0.0191839675111 -0.00472522692551 0.0178256438929
0.0190187925783 -0.00416306793414 0.0191799609477
0.0189497404252 -0.00378642269619 0.0206292401735
0.018984166725 -0.0036060335774 0.0221797137446
0.0191468813691 -0.00366934134247 0.0238236676609
0.0193937075834 -0.00388193142857 0.0255718006555
0.0188931347363 -0.00776996718582 0.014718472109
0.018488520683 -0.00675862983802 0.015752768209
0.0181285962883 -0.00586572476744 0.0168300915175
0.017881663596 -0.00523138682656 0.0180458378669
0.0176994420511 -0.004775050103 0.0193168007088
0.0175717982996 -0.0044646422003 0.0206367332098
0.0174757837407 -0.00422904656363 0.0220112997925
0.0174825529176 -0.00426414746763 0.0234612395519
0.0175379664823 -0.00442025083319 0.0249754670094
0.0175024746696 -0.00804541452408 0.0150975698876
0.0170829554006 -0.00684792594894 0.0158620581366
0.0167116170954 -0.00594039814565 0.0168497806851
0.0164756738861 -0.00554421181948 0.018080047472
0.0162530336496 -0.00525043429803 0.0192927019919
0.0160253498404 -0.00501288267755 0.0204967897264
0.0158047155102 -0.00487044688657 0.0217259205594
0.0156237393871 -0.00493455114413 0.0230009740315
0.0154795752342 -0.00521601508762 0.0243043546401
0.0159976354536 -0.00839491896385 0.0152900410347
0.0156933887288 -0.00706754257607 0.015973891229
0.0153444109494 -0.00634408051229 0.0169695676264
0.0150194716704 -0.00594568968134 0.0180608470081
0.0146700162017 -0.00563199559527 0.0191369569164
0.0143025195415 -0.00546227693984 0.0202266247516
0.0139317940167 -0.00550815768718 0.0213475220048
0.0135527076284 -0.00581217770918 0.0224985896303
0.0130989348217 -0.00614600299602 0.0236342625716
0.0143685180981 -0.00893394233452 0.0153759981235
0.0142154684548 -0.00768492909276 0.0160959964102
0.013842098026 -0.0066873854618 0.0169214202149
0.0134187849629 -0.00623629618368 0.0179002819195
0.0129773864309 -0.00609003851767 0.0189140359681
0.0124700560134 -0.0060979786156 0.0199200793151
0.0118962817702 -0.00633247324888 0.0209497875296
0.0111820066418 -0.00658368023569 0.0219471191802
0.0103545559837 -0.00684074771007 0.02289468077
0.01273872366 -0.00913990833318 0.0150934842655
0.0126004595525 -0.00829237748125 0.0159974821955
0.0122410301001 -0.00718733846472 0.0167712182528
0.0117908191192 -0.00687311111216 0.0177141708129
0.0112586191369 -0.00684206649128 0.0186546236861
0.0105451001569 -0.0068946116169 0.0195747639631
0.00964130887189 -0.00707803116406 0.0204927627249
0.00859019126909 -0.00761969185686 0.0215273037209
0.00729907537968 -0.00778546613065 0.0221903771095
-0.00281489178169 0.0122226485196 0.0233329636059
-0.000780374348223 0.0115492068595 0.0228383035124
0.00131082222134 0.0112947385243 0.0235057566419
0.002934925286 0.0111152093903 0.0246326543031
0.00421094474396 0.0109051381326 0.02601349138
0.00531437854557 0.0106382844029 0.0276076611075
0.00655194240805 0.0100552448622 0.0292155360365
0.00764877379179 0.00935395978389 0.0310797110795
0.00853262302097 0.00849485700672 0.0331902357003
-0.00304398374725 0.0112237554285 0.0235208968192
-0.00108758912243 0.0108356932611 0.0235514744957
0.000696102774135 0.0105112187516 0.0241503790878
0.00216515280533 0.0101672611787 0.0250741370511
0.00343316146196 0.00976421900994 0.0261555937696
0.0045579732452 0.00932043171504 0.0274206330398
0.0056610132573 0.00879208148496 0.0288151040289
0.00654750714018 0.00830389361034 0.0305260149003
0.00731112318914 0.00788673503595 0.0325166097955
-0.00319384006662 0.0102257923436 0.0236330314042
-0.00136390746859 0.00983359503206 0.0239123794364
0.000236708466125 0.00940990195189 0.0244772723478
0.00159534743364 0.00894541543685 0.0252423213681
0.00281847997249 0.00844881774876 0.0261014185717
0.00391078356898 0.00793497602371 0.0271210199045
0.00490296327413 0.0074023482293 0.0283015299915
0.00569189074994 0.00687975913096 0.0297247009613
0.00638088587094 0.0063528166446 0.0313230095829
-0.00329908997564 0.0092008170084 0.0237141552671
-0.00158509019368 0.00870995841874 0.0240007127697
-8.75513177492e-05 0.0081834850042 0.0244993443065
0.00123654512588 0.00763326916425 0.0250929990826
0.00240518210402 0.00707203940869 0.0258109410093
0.00342380291631 0.00650534932414 0.0266705553546
0.00439642650785 0.00593864688175 0.0276127465531
0.00515971278814 0.00535577484544 0.0287638754752
0.00580041834958 0.00475590453702 0.0300619883165
-0.00338940547543 0.00810536650109 0.0236944608193
-0.00173096082009 0.00753102659363 0.0238367093864
-0.000163583134811 0.0069749875346 0.0240312485117
0.00115317081449 0.0063669763357 0.0245525458873
0.00220025438652 0.00571210573858 0.0252802148336
0.00310011306542 0.00506407705123 0.0260657981405
0.00399084781661 0.0044498430703 0.0268481504989
0.00469115669528 0.003815437061 0.0277856185037
0.00524239790113 0.00316785074039 0.028845814558
-0.00347444286927 0.00691763184091 0.023537438703
-0.00177447565465 0.00634304438604 0.0234331507737
-5.48155251705e-05 0.005833281379 0.0233219691959
0.00112252430604 0.0050929938112 0.0239517746183
0.00208055595393 0.00433889482547 0.0246373669821
0.00292091532094 0.00361191629095 0.0253120014857
0.00358061236705 0.00288329383692 0.0260628543159
0.00409614980447 0.00216502068067 0.0268726920434
0.00451753256477 0.00146303134526 0.0277234941672
-0.00355108971944 0.00562866741854 0.0231885958128
-0.00175075096867 0.00513326833809 0.0229383145425
-8.10164886195e-05 0.00454107183595 0.0228962180676
0.00109474972194 0.00373149327835 0.023355571139
0.00199717733876 0.00289346570874 0.0239323977243
0.00266868132807 0.00204508125891 0.0245813742751
0.00318226806928 0.00120683103387 0.0252497437526
0.0035961792072 0.000391477384322 0.0259068079562
0.00392606349367 -0.000398708419107 0.0265529990473
-0.00361835140966 0.00423041381907 0.0226288978249
-0.00172812383043 0.00383510289602 0.0224305583355
0.000156716773349 0.00329415489308 0.0221822322056
0.00108241723044 0.00225989878004 0.0227320499018
0.00173563400965 0.00126195970792 0.023364394251
0.00233647190496 0.00033396939212 0.0239005575232
0.00280296597837 -0.000593363968973 0.0244310836586
0.00317236437309 -0.00151483392635 0.0249204939389
0.00351719389568 -0.00234203422791 0.0252495080366
-0.00338902606894 0.00316086082856 0.0216694508208
-0.0017443612715 0.00240479990084 0.0218459112044
-0.000257502657058 0.00156459988138 0.0219845440494
0.000736478915403 0.000555114381477 0.0223291303261
0.00148316109132 -0.000443542121228 0.0227417438055
0.00206310955657 -0.00144898880514 0.0231730359546
0.00244578906466 -0.00252166624099 0.0236842765271
0.00275960116724 -0.0036545838329 0.0241381903882
0.00309100101205 -0.0044606832617 0.0239763858953
0.014493593136 0.00372554627691 0.0117741762189
0.0121145414321 0.00372437620048 0.0133306741826
0.010079588523 0.0051480884012 0.0144243169293
0.00792552749295 0.00685941126555 0.015381466816
0.00675358334328 0.00976654171972 0.0155800182636
0.0162006253883 0.00289398700542 0.015017399911
0.0131307663996 0.0026957247526 0.0168853919033
0.0109108864446 0.00432338349992 0.0182065694242
0.00852186680126 0.00611377609956 0.019022436748
0.00735281391856 0.00964481265982 0.0191678741867
0.0172596806823 0.00209473758549 0.0187563261686
0.0139615331436 0.00177280689068 0.0203808373607
0.0114179536735 0.00302982693241 0.0216846901847
0.00927628040446 0.00517081256624 0.0224975371398
0.00840490209411 0.00876014363083 0.0228508931087
0.0178301283311 0.00108471985724 0.0228706882052
0.0145902875317 0.000884865733001 0.0237502700849
0.0122516876261 0.00222913462483 0.0247956860864
0.0101899006993 0.00404042768558 0.0257433962366
0.00948801420608 0.00724821679482 0.0267297459785
0.0177214385622 0.000194104432731 0.0274711962597
0.0150656989692 0.000348602032998 0.0271019538738
0.0131924455937 0.00159724700116 0.0275596883242
0.011564870689 0.00286782240644 0.0287564844064
0.0111229881463 0.00498181601153 0.0306221778432
0.00919311556757 0.0131350372855 -0.0138156186313
0.00810361498097 0.0144923388672 -0.0125158262023
0.00646772295506 0.015582819926 -0.0116727594387
0.00474364854842 0.0167491130017 -0.0110590180614
0.00255414858128 0.0175850152811 -0.0109091118608
0.00942679762022 0.0122130723839 -0.0113918067873
0.00756110309029 0.0128088692783 -0.0109700470381
0.00615527210673 0.0141166142863 -0.0102264161599
0.00428042711376 0.0151765688825 -0.00971074312438
0.00283055043063 0.0169262248681 -0.00891105195931
0.00955524146807 0.0112318254978 -0.00907612618513
0.00771093238637 0.0118318179661 -0.00888001078925
0.00584052170122 0.012579318364 -0.00864311604921
0.00453610100619 0.0141249731676 -0.00786905267901
0.00328629725091 0.0159844747081 -0.00690409728093
0.00900222205348 0.0097737238253 -0.00733002550689
0.00759561282076 0.0106564602624 -0.00676156908139
0.0057480556902 0.0112006005948 -0.00673018795207
0.00477841316026 0.0127697905232 -0.00583947609308
0.00326785076603 0.0142398343659 -0.0052521841129
0.008060470085 0.00808744611825 -0.00589242004282
0.00695900833199 0.00889540658094 -0.00511011452451
0.00544058474486 0.00954343804973 -0.00493016675056
0.00438490091536 0.0107264796765 -0.00416933742978
0.00305005918224 0.0118941983969 -0.00380558076494
0.00925396702068 0.00239912362447 -0.0297381493124
0.000871328106708 0.00491454062474 -0.0315747937578
-0.00583291279867 0.00856955912139 -0.029547463261
-0.011098215111 0.013271053376 -0.0258320268569
-0.0144950912428 0.018931468092 -0.0192707719754
0.00923521250687 0.00658511379913 -0.0280038641143
0.0017549998438 0.0082654140014 -0.0300217495924
-0.00424383262023 0.0113337165572 -0.0293672356805
-0.00829813002138 0.0150316234374 -0.0252544635144
-0.0106603286614 0.0202930294994 -0.0191115875794
0.00925600233229 0.010105367712 -0.0260152149086
0.00272716790048 0.0108926253973 -0.0275790711262
-0.00208691979981 0.0132467443414 -0.0271960196079
-0.00532833767091 0.0164524397971 -0.0241060570039
-0.00698275721618 0.0210714191766 -0.018830406821
0.00912665178889 0.012887336859 -0.0232748845164
0.0039679219552 0.0133650696026 -0.0247722805372
0.000342499432162 0.015548993862 -0.0249237975215
-0.00212560259356 0.0175345518502 -0.0223108538472
-0.00314909351963 0.0211749595595 -0.0181934977306
0.00889526653211 0.0149247349932 -0.0199272724272
0.00564148269517 0.0165353386347 -0.0218196183407
0.00311774571662 0.0175973094308 -0.0217487203304
0.00149856572322 0.0190251490341 -0.0202920269493
0.000599015603377 0.0200418851063 -0.016976780367
0.0168856127333 -0.00278636433361 -0.0167739434251
0.0164391703456 -0.00340004909548 -0.0168811485233
0.0157400390503 -0.0038748544436 -0.0168240001131
0.0150120855813 -0.0043037240404 -0.0166818070531
0.0143164316305 -0.0047212111195 -0.0164696821543
0.0136604302971 -0.0051345275696 -0.0161873066992
0.0130445854505 -0.00554670779196 -0.0158328681861
0.0124832986899 -0.00597248179913 -0.0154051151986
0.0119954457656 -0.00643115185984 -0.0149022304599
0.0115774809211 -0.00692160412026 -0.0143224497274
0.0111554341752 -0.00737910096128 -0.0136647867056
0.0106959594484 -0.00777575022035 -0.0129284540287
0.0102611938257 -0.00816827027629 -0.0121126348314
0.00985130348686 -0.00855973005882 -0.0112153575582
0.00947421448321 -0.00895916928059 -0.0102351878149
0.00918914618595 -0.00940925789662 -0.0091781812344
0.00909627007115 -0.0099633904358 -0.00806696603615
0.00901832352946 -0.0104904989205 -0.00688537145056
0.008941036286 -0.010985186857 -0.00562881606173
0.016524530308 -0.00232132153224 -0.0189196364405
0.01591394267 -0.00306337350524 -0.018892386295
0.0152276345653 -0.00373604529855 -0.018743890373
0.014480969737 -0.00432507157031 -0.018496436095
0.0137556720244 -0.00487931027751 -0.0181845274109
0.0130530382787 -0.00539970635612 -0.0178087828387
0.0124190779267 -0.00593008273079 -0.0173774423567
0.0118568452818 -0.00648031669052 -0.0168861470502
0.0113555097797 -0.00704456496095 -0.0163297012165
0.0108910174019 -0.00760030249088 -0.0157035587408
0.0104525276426 -0.00813606104205 -0.015006678644
0.0100069122176 -0.00861799792508 -0.0142356171027
0.00957449979242 -0.00906800697576 -0.013392308337
0.00915392520539 -0.00948733286892 -0.0124752080622
0.00880438986405 -0.00993361018491 -0.0114918086626
0.00850091991105 -0.0103809967606 -0.0104395649191
0.00829609793288 -0.0108692865059 -0.00933144598291
0.00822311144767 -0.0114092285833 -0.00818391523902
0.00814317100455 -0.0118862358806 -0.0069682394642
0.0162212585576 -0.0019451670576 -0.0210408618653
0.0152442026915 -0.0026628018792 -0.0207135549689
0.0144916002446 -0.00345923946605 -0.020452384619
0.0137832939017 -0.00423336940915 -0.0201389720326
0.0130723252613 -0.00494502518756 -0.0197512560535
0.0123589367166 -0.00558780631624 -0.0192938053467
0.0117185595635 -0.00623727133974 -0.0187951762307
0.0111411985327 -0.00689113241183 -0.0182464647616
0.010606412754 -0.00753096761792 -0.0176385721403
0.0101069582803 -0.00814951015991 -0.0169687196203
0.00962932506465 -0.0087308049244 -0.0162336180449
0.00919098423942 -0.00929522245288 -0.0154375773914
0.00876630568684 -0.00981242011889 -0.0145748261275
0.00834675259907 -0.0102736043082 -0.0136432152302
0.00797977329123 -0.0107343972405 -0.0126532023487
0.00769131606651 -0.0112200956747 -0.0116124275441
0.00745434811943 -0.0116955587665 -0.0105166058015
0.00731937925501 -0.012202657607 -0.00938477585834
0.00719362396343 -0.0126444735249 -0.00819206857856
0.0159364400875 -0.00166219264158 -0.0232032204063
0.0145138237216 -0.00224945168099 -0.0223784293407
0.0136314285351 -0.00309457888168 -0.0219461060321
0.0129468109816 -0.00403159628782 -0.0215858396519
0.0122671348098 -0.0049068243835 -0.0211517976092
0.0115757344983 -0.0056944156787 -0.0206389815755
0.0109154823814 -0.0064371449431 -0.020074916471
0.0103234822395 -0.0071840387668 -0.0194758272001
0.00978017812321 -0.00791658962689 -0.0188284149443
0.00926616919952 -0.00861069010444 -0.0181232341898
0.00877218476848 -0.00925288770483 -0.0173571725514
0.00830362142427 -0.00984987178883 -0.0165328984359
0.00786711344924 -0.0104107783625 -0.0156528872519
0.00744662624801 -0.0109134719203 -0.0147116478288
0.00706121212435 -0.0113847627698 -0.0137156055242
0.00675381168503 -0.0118801008532 -0.0126800694032
0.00652355541911 -0.0123905288062 -0.0116072465258
0.00634212843536 -0.0128720220008 -0.0104899701856
0.00617811826854 -0.0132833105783 -0.00931781717219
0.0152010231894 -0.00116550443911 -0.0250070558142
0.0137665595518 -0.0018664202292 -0.0239465654513
0.0127793510695 -0.00275495170374 -0.0233168259848
0.0120440194007 -0.00377719351303 -0.022862862459
0.0113999531197 -0.00481996667324 -0.0224105012814
0.0107379403353 -0.00576072745181 -0.0218658747609
0.0100774923934 -0.00661201972096 -0.0212511138651
0.00948224941046 -0.00746079083518 -0.0206119690091
0.00891389074979 -0.00825629957909 -0.0199199162428
0.00835821051353 -0.00897514022938 -0.019167374486
0.0078318191529 -0.00964227122598 -0.0183649674476
0.0073439986579 -0.0102736230663 -0.0175171669256
0.00689029684661 -0.0108625824022 -0.0166210180423
0.00646699690795 -0.0114030324976 -0.0156745105557
0.0060677537625 -0.0118845034289 -0.0146746827645
0.00572309107776 -0.0123561984045 -0.0136359328923
0.00547254259252 -0.0128752658523 -0.0125778705036
0.0052689884611 -0.0133586559761 -0.0114805458751
0.00508468986691 -0.0137605731513 -0.0103322544954
0.0141906530536 -0.000521835328824 -0.0264473570939
0.0129051112441 -0.00144305486968 -0.0253498891902
0.0118955891035 -0.00242516984853 -0.0245760000999
0.0111158449072 -0.00352284389653 -0.0240203746925
0.010486551927 -0.00471351343909 -0.0235556014092
0.00984316409018 -0.00579804550766 -0.0229912222614
0.00919140376375 -0.00676799259834 -0.0223416546104
0.00857469620107 -0.00768478981226 -0.0216526142875
0.00797787197629 -0.00852256598116 -0.0209105854765
0.0073848713331 -0.00924872629932 -0.0201045430908
0.0068294224002 -0.00992474606717 -0.0192626233021
0.00631854217929 -0.0105674614666 -0.0183881539739
0.00584678928117 -0.0111685924151 -0.0174755281592
0.0054070994468 -0.0117148521973 -0.0165192083429
0.00500042138542 -0.01220836556 -0.015519545183
0.00463512816025 -0.012665568983 -0.0144815745533
0.00435659318917 -0.0131724801143 -0.0134332549664
0.00415220524714 -0.013694220933 -0.0123679240391
0.00395864673312 -0.0141039957316 -0.0112483862631
0.0130183157708 0.000215008244297 -0.0275461575551
0.0119096134866 -0.000952225615331 -0.0265401588539
0.0109233094531 -0.00205596061171 -0.025681874187
0.0101549132062 -0.00328291257237 -0.0250916437337
0.00952490628996 -0.00460511758655 -0.0246155196879
0.00888342338361 -0.00581309249501 -0.0240306740606
0.00822856513539 -0.00688165493478 -0.0233442986562
0.00759008373908 -0.00785141651839 -0.0226012244214
0.00696327245725 -0.00870665028408 -0.021799055561
0.00635161486101 -0.00944955972361 -0.0209448597348
0.00577842494831 -0.0101324960277 -0.0200641920719
0.00525138492444 -0.0107784231605 -0.019162389615
0.00476543964151 -0.0113795753135 -0.0182320685012
0.004311800463 -0.0119163365269 -0.0172638934574
0.00389554514945 -0.0124024167162 -0.0162616765422
0.00352087404013 -0.0128487926153 -0.015228150856
0.00321109565156 -0.0133121657839 -0.0141815709775
0.00298555911777 -0.0138330958571 -0.0131369671587
0.00279205213471 -0.0142749024806 -0.0120535856478
0.0117662498234 0.000990779235525 -0.0283642220982
0.0107609397631 -0.000352971122687 -0.0274267471698
0.00987204682794 -0.00166035142329 -0.0266515829319
0.00916557757168 -0.00309775396529 -0.0261445029519
0.0085232361198 -0.00454184128951 -0.025652523016
0.00786436483651 -0.0058438403025 -0.0250269837025
0.00718646974526 -0.00696684505255 -0.0242756430192
0.00652226695997 -0.00796145925816 -0.0234626731288
0.00587615155514 -0.008830021786 -0.022598828431
0.0052566444972 -0.0095910639054 -0.0216991454901
0.00467502364765 -0.0102777496791 -0.0207796824267
0.0041339901404 -0.0109034130822 -0.0198421250108
0.00363859296942 -0.011489423696 -0.0188905528955
0.00318400360084 -0.0120257487807 -0.0179163620836
0.00276769967728 -0.0125070716842 -0.0169149695228
0.00238930774056 -0.012933559512 -0.0158849504088
0.00206299565068 -0.0133519932135 -0.0148411479139
0.00181731855242 -0.0138528257935 -0.0138131570377
0.00161491802026 -0.0143063736332 -0.0127601243289
0.0105170298223 0.00172103311979 -0.0290770851
0.00954549128954 0.000272881631809 -0.0281175800125
0.00875752265371 -0.0012712268382 -0.0275394512696
0.00809882302386 -0.00293177888482 -0.0271681999723
0.00744264674615 -0.00450202406319 -0.0266717053363
0.00675540258882 -0.00586893501875 -0.025979352228
0.00604623931229 -0.00700363279553 -0.0251284330872
0.00536223734659 -0.00800679764352 -0.0242352563101
0.0047069767078 -0.00888475979512 -0.0233092516996
0.00408453480832 -0.00965014823299 -0.0223594988711
0.00350434833977 -0.0103407117719 -0.0214039544238
0.00296537183538 -0.0109604282604 -0.0204381810293
0.00246799741045 -0.0115180117721 -0.0194607081653
0.00201697765278 -0.0120408003743 -0.0184776432781
0.00161687135798 -0.0125567704237 -0.0174939713796
0.00124615371191 -0.0129734863073 -0.0164717537096
0.000917408222065 -0.0133486858406 -0.0154315575863
0.000656264976823 -0.013803791699 -0.0144127261775
0.000450693513947 -0.0142808048204 -0.013394920264
0.00925396702068 0.00239912362447 -0.0297381493124
0.0083309043141 0.00081141045224 -0.0288448109785
0.00757469012354 -0.000908149497036 -0.0283971360382
0.00691512333987 -0.00273815646363 -0.0281218946794
0.00623260247494 -0.00440702541465 -0.0276042791157
0.00550718963416 -0.00578001817139 -0.0267937344917
0.0047891265431 -0.00694796905571 -0.0258691823806
0.0041017914034 -0.00797203961714 -0.0249097501303
0.00344854207247 -0.00886100189013 -0.0239263779894
0.0028341725354 -0.00963653670998 -0.0229331838759
0.00226187185294 -0.0103199402766 -0.0219381887818
0.00173474540845 -0.0109376048809 -0.0209484006663
0.00125067395384 -0.0114888414767 -0.0199556559493
0.000815207676271 -0.0120201351309 -0.0189735957659
0.000427314144256 -0.012540522735 -0.0179974788924
7.18397441656e-05 -0.0129525794342 -0.0169852252863
-0.000242030285232 -0.0133240436694 -0.0159617491129
-0.000500506515873 -0.0137724313283 -0.0149643875744
-0.000711851741712 -0.0142465038938 -0.0139723726567
0.00793569374821 0.00305280202217 -0.0303139107003
0.00708554195095 0.00124193893025 -0.0297269355045
0.00631219534574 -0.000601516940747 -0.0293119000458
0.00560439541505 -0.00251080967533 -0.0290066527722
0.0048807208224 -0.0042177484614 -0.0284036275045
0.00413877799472 -0.00561380194905 -0.0274989391218
0.00342205453141 -0.00681856957471 -0.0265116270917
0.00273773757493 -0.00784510123309 -0.0254764466616
0.00209175062409 -0.00871565053072 -0.0244206189422
0.0014934322281 -0.00949651457171 -0.0233883891475
0.000940156333457 -0.0101827043092 -0.0223651698435
0.000435605133145 -0.0108240598438 -0.0213692419732
-2.17750369652e-05 -0.0114329239756 -0.0203939634468
-0.000432685533208 -0.0120326292163 -0.0194390294133
-0.000806993710538 -0.0125173579903 -0.0184515932941
-0.00114542118525 -0.0128645474749 -0.0174247166741
-0.00143903521422 -0.013234659029 -0.0164181502264
-0.00168863050996 -0.0136880791705 -0.0154450679657
-0.001900758097 -0.0141646968908 -0.0144789955073
0.00653574202456 0.0037078548411 -0.0307494304758
0.00573762908268 0.00161162122881 -0.0307531423786
0.00492396622309 -0.000315762271019 -0.0302684954249
0.00415705660101 -0.00224623509492 -0.0298279589484
0.00339978790927 -0.00397228006964 -0.0291137562886
0.002652039074 -0.00538310416617 -0.0281084461121
0.00193792137352 -0.00656687336821 -0.0270088060085
0.00126731869107 -0.00758023638952 -0.0258947535631
0.00064399361989 -0.00846047202751 -0.0247966368064
7.13383370402e-05 -0.00927801020569 -0.0237538399938
-0.00045420809347 -0.0100107503905 -0.022732763826
-0.000933023041758 -0.0106900527482 -0.0217402043021
-0.00136690054972 -0.0113302343162 -0.0207711318775
-0.00175813127553 -0.0119152954062 -0.019807547685
-0.00210775048767 -0.0123760195287 -0.0188141588299
-0.00241511230786 -0.0127246684549 -0.0177976330623
-0.00268399733556 -0.0131009387247 -0.0168092310738
-0.00291781394756 -0.0134770752566 -0.0158302414702
-0.0031199361892 -0.0138413978547 -0.0148520786675
0.0050432739854 0.00439248548468 -0.030933313839
0.00420598373226 0.00212098270274 -0.0314459250562
0.00336634638821 5.65655986228e-05 -0.0310822645692
0.00255964299407 -0.0019146747587 -0.0305480037169
0.00178243063157 -0.00364362256458 -0.029701216505
0.00104161882326 -0.00506180748175 -0.0285934051378
0.000346788124676 -0.00623449566313 -0.0273965030262
-0.000297767007677 -0.00724814296035 -0.0262209059298
-0.00089208745617 -0.0081783366216 -0.0251181829671
-0.00143776842427 -0.00903070564317 -0.0240665981585
-0.00193394294638 -0.00974301205061 -0.0230080763268
-0.00238058748719 -0.0103397531028 -0.0219553188837
-0.00278067436413 -0.0108822686816 -0.0209353148182
-0.00313622653067 -0.0113781489964 -0.0199396034934
-0.00344928415172 -0.0118302433679 -0.0189595379306
-0.00372306143937 -0.0122506267229 -0.0179922515886
-0.00396125478424 -0.0126467666391 -0.0170336002219
-0.00416629401455 -0.0130082943977 -0.0160741900532
-0.00433723292596 -0.0133010301547 -0.0150993350133
0.00347311997355 0.00506392986628 -0.0310324540143
0.00253523465025 0.00278184412117 -0.0316810476333
0.00165499188493 0.000683905442096 -0.0313355474901
0.000820713227518 -0.00131074838818 -0.0307815697018
3.88867704695e-05 -0.00308404007811 -0.0299371658357
-0.000684942985312 -0.00456524604962 -0.0288426396459
-0.00134998334153 -0.00577744078454 -0.0276269088991
-0.00196212880508 -0.00682986279432 -0.0264398706432
-0.00252414969755 -0.00777178021982 -0.0253115954206
-0.00303196299454 -0.00856956239678 -0.0241961238681
-0.00348579682083 -0.00924061095417 -0.0230990884098
-0.00388890227243 -0.00982394745014 -0.0220363382277
-0.00424656603372 -0.0103622036902 -0.021019097939
-0.00456059988542 -0.0108585180902 -0.0200340729068
-0.00483419389134 -0.0113212840166 -0.0190736246007
-0.00506947957621 -0.0117470342436 -0.0181267194367
-0.00527017312409 -0.0121381730851 -0.0171872452052
-0.00543968972466 -0.0124908054192 -0.0162481431496
-0.00557668900678 -0.012777322695 -0.0152961924571
0.00179524969183 0.00570950011827 -0.0312258339106
0.000768503129055 0.00350292138335 -0.0316663151473
-0.000143926429769 0.00143424649726 -0.031240415487
-0.00100153138904 -0.000555540359721 -0.030682939447
-0.00178634549303 -0.0023439003606 -0.029854569031
-0.00249759802969 -0.00388273547953 -0.0288193346509
-0.00313928674143 -0.00517673192783 -0.0276709517928
-0.00372414394391 -0.00630305716214 -0.0265298361303
-0.00425277345562 -0.00727908272566 -0.0254067720573
-0.00471695861536 -0.00807277658658 -0.0242690045389
-0.00511981411951 -0.00871800235244 -0.0231429904984
-0.00547314445914 -0.00929049738937 -0.022071007752
-0.00578427886504 -0.00982979083716 -0.0210585529719
-0.00605634273381 -0.0103446489339 -0.0200919669216
-0.00628836386365 -0.0108201883356 -0.0191496373254
-0.00648175271405 -0.0112507920846 -0.0182197928254
-0.0066374671389 -0.0116271785345 -0.0172920670735
-0.00676606551673 -0.0119710502144 -0.016369875167
-0.0068709326576 -0.0122708677755 -0.0154438211221
2.15582808007e-06 0.00639170626816 -0.0312239485219
-0.00107330075797 0.00427603851362 -0.0313794486806
-0.00200430467182 0.00225618111394 -0.0308761896477
-0.00287815585224 0.000304029719122 -0.0303035606271
-0.0036813528107 -0.00152282780973 -0.0295900680947
-0.00439731246641 -0.00313843600409 -0.0286773489432
-0.00502897143524 -0.00451918531472 -0.0276242991042
-0.00558500910093 -0.00568420159167 -0.02650573175
-0.00606571681221 -0.00663894942947 -0.0253486911798
-0.00647389378287 -0.00740611793489 -0.0241829846124
-0.00682092321586 -0.00804456057392 -0.0230525760409
-0.00712103988934 -0.00862046018033 -0.02198870838
-0.00738584018912 -0.00918052098853 -0.0209985407793
-0.00761655922758 -0.00972462041892 -0.0200601193938
-0.00780825872606 -0.0102276321599 -0.0191450797811
-0.00795666685209 -0.0106672215353 -0.0182343197109
-0.00806569663873 -0.0110454710706 -0.0173239574021
-0.00814917504754 -0.0113855044702 -0.0164185443461
-0.00821690863537 -0.0116895274945 -0.0155131638348
-0.00186679390375 0.0071105762457 -0.0308702116128
-0.00297084285434 0.0050818069852 -0.0308339346872
-0.00391415217831 0.00311982341615 -0.0302917147641
-0.00480433035895 0.00121414147477 -0.0297355063574
-0.00563002168105 -0.000610212216541 -0.0291132184922
-0.00635855069688 -0.00226277659885 -0.0283118787983
-0.0069725365249 -0.00366173285856 -0.0273075819124
-0.00748852092779 -0.00481929829903 -0.0261976917602
-0.00791952896541 -0.00576686688206 -0.025050167278
-0.00827405232404 -0.00653838369851 -0.0239046573839
-0.00857040595042 -0.0072008138119 -0.0228090985149
-0.0088179085742 -0.00779435879751 -0.0217739518963
-0.00903020336866 -0.00836388968975 -0.0208076618555
-0.00921039379551 -0.00891637643546 -0.0198933345436
-0.00935545022191 -0.00943663549151 -0.0190070990694
-0.00946211467388 -0.00990660223282 -0.0181302416733
-0.00952084922524 -0.0102946402893 -0.0172432965538
-0.0095521320418 -0.010633221387 -0.016357070165
-0.00958123420943 -0.0109495438649 -0.0154762364946
-0.00382746528284 0.00784162780501 -0.0303548802741
-0.00494743611883 0.00588964875875 -0.0301823350443
-0.00587187866434 0.00400378461083 -0.0295318255844
-0.00678211995586 0.00215542631135 -0.0290158779076
-0.00759846854561 0.000408212887749 -0.0283719915578
-0.00832270255074 -0.00120501506133 -0.0276179341738
-0.00893455822044 -0.00262079385218 -0.026717570318
-0.0094165914443 -0.00377716629755 -0.0256601816046
-0.00979231058034 -0.00470635156336 -0.0245372780245
-0.0100875358457 -0.00547010695284 -0.0234237223917
-0.010325583792 -0.00613580423972 -0.0223665799903
-0.0105208050209 -0.00675023106704 -0.0213792195657
-0.0106809109181 -0.00733829238075 -0.0204552580687
-0.010805746484 -0.00789983843901 -0.0195749693202
-0.0108955218195 -0.00842942690069 -0.0187212782947
-0.0109473060155 -0.00891147193681 -0.0178766456154
-0.0109650134312 -0.00934075769961 -0.0170326544702
-0.0109524795914 -0.00970843749818 -0.016181094737
-0.0109443631319 -0.0100468558344 -0.0153303901943
-0.00583291271377 0.00856955905146 -0.0295474632967
-0.00688098789696 0.00671156833086 -0.0290695428744
-0.00787252426554 0.00489956428854 -0.0286049205033
-0.00877147843815 0.00315035469076 -0.0280540646384
-0.00955625918436 0.00151234333555 -0.0273688489929
-0.0102527037299 -6.59996778717e-06 -0.0266219492135
-0.0108476482867 -0.00137405948398 -0.0257930996234
-0.0113313419913 -0.00255961905735 -0.0248780401659
-0.0117080578748 -0.00356035083171 -0.0239042779482
-0.0119920021456 -0.004401699891 -0.0229122182181
-0.0121841669112 -0.00509473190182 -0.0219128874147
-0.0123118783081 -0.00569972836412 -0.0209490691377
-0.0123964310343 -0.00626413651058 -0.0200389297886
-0.0124462387003 -0.00680522519768 -0.0191755963555
-0.0124645054468 -0.0073235904632 -0.0183444820641
-0.0124617978933 -0.00782454177879 -0.0175369829139
-0.012417621787 -0.0082620701075 -0.0167223207372
-0.0123420102224 -0.00863572945774 -0.0158974066893
-0.0122902951184 -0.00899149679264 -0.0150770234548
-0.0138863392396 0.0186473362586 -0.00378347595887
-0.0141673262865 0.018034290694 -0.00369501453053
-0.0143060918896 0.0173138416979 -0.00362296778507
-0.014366213195 0.0165627583523 -0.00353871832365
-0.0144449280848 0.0158438980643 -0.00338727320495
-0.0145558450018 0.0151506287731 -0.00315763671737
-0.0146771902523 0.0144624282102 -0.00286063971451
-0.0147921829474 0.0137686277195 -0.00250566355018
-0.0148857910905 0.0130632589412 -0.00210191117373
-0.014935665245 0.0123391149744 -0.00166374527093
-0.0149155223617 0.0115871562619 -0.00120839179318
-0.0148041191593 0.0107974090637 -0.00074986217026
-0.0145934490059 0.00996021311822 -0.000293275608347
-0.0143070842651 0.00907526586613 0.000177106675576
-0.0140782893215 0.00820307552643 0.000746955868277
-0.0139180522064 0.00736029013489 0.0014228995919
-0.0138640076002 0.00659511786512 0.00222669925371
-0.0138387707991 0.00588656504098 0.00310715338354
-0.0137854313795 0.00521037993217 0.00402708384568
-0.0144094937986 0.0192027442189 -0.00576233139675
-0.0147608198539 0.0184151370662 -0.00550946287906
-0.0150350473811 0.0175990317704 -0.00524197408835
-0.0151638962314 0.0167258510498 -0.00499383884717
-0.0152280842921 0.0158536007755 -0.00473648321385
-0.0153137566892 0.0150204483276 -0.00442832779762
-0.0154326518651 0.0142202539328 -0.00405823560506
-0.01557353179 0.0134405789679 -0.00362769621812
-0.0156953132152 0.0126623996307 -0.00315616670079
-0.0157463769484 0.0118669627415 -0.00267162623853
-0.015731814944 0.0110570971221 -0.00217248503552
-0.0156412002293 0.0102280145206 -0.00166517867369
-0.0155179263865 0.00939412566271 -0.00112542039318
-0.0153593642265 0.00855258743695 -0.000554191857086
-0.0152190118353 0.00772650551402 7.91589710414e-05
-0.0150878639823 0.00691688239244 0.000769408678665
-0.0149871905401 0.00614385225597 0.00152739031013
-0.0149068561864 0.00541716930104 0.00234513859435
-0.0147987328325 0.00472093871467 0.00319380333815
-0.0149929565103 0.0197475277084 -0.00764623594741
-0.015284141924 0.0187155561953 -0.00725267465958
-0.01565435921 0.0177817176308 -0.00682368658216
-0.0158411818783 0.0167921034281 -0.00642468942955
-0.0159171312783 0.0157967473449 -0.00604442915774
-0.0160000376902 0.0148468591958 -0.00564050057855
-0.0161154515161 0.0139427099656 -0.00519500525821
-0.0162849348948 0.013083720931 -0.00469119565648
-0.0164554414088 0.0122455412634 -0.00414694280676
-0.0165379537149 0.0113971573129 -0.00360258225038
-0.0165332704018 0.0105400269537 -0.00305988567739
-0.0164847014114 0.0096883794704 -0.00249861507531
-0.0164038670462 0.00884545400253 -0.00191257868779
-0.0162863647148 0.00800929088384 -0.00130351436155
-0.0161753617216 0.0071964611921 -0.000649321595688
-0.0160697214939 0.00641044060569 4.91841851341e-05
-0.0159545603202 0.00565053556133 0.000783417741842
-0.0158262531718 0.00492172775848 0.00154973216624
-0.0156822084738 0.00423134621432 0.00234416397014
-0.0154448796166 0.0201147114018 -0.0095091366238
-0.0155633816211 0.018827922288 -0.0089658175002
-0.016047762758 0.0178021317309 -0.00839528688894
-0.0163651025681 0.0167440419795 -0.00784399009788
-0.0164982176859 0.0156589244 -0.0073318512747
-0.0165939811841 0.0146105677702 -0.00682661394792
-0.0167362031929 0.0136231775586 -0.00629454241688
-0.0169290303491 0.0126895101349 -0.00572290435014
-0.0171439935189 0.0117947955954 -0.0051142448371
-0.017268213924 0.0109023372289 -0.00451059024359
-0.0172781052629 0.0100064030506 -0.00392453598845
-0.0172515120388 0.0091306062187 -0.00332440526678
-0.0172084961872 0.00828045342815 -0.00270034060514
-0.0170974117168 0.00744020952218 -0.00207477608682
-0.0169751555027 0.00662736766166 -0.00142193064916
-0.0168819559109 0.00585706283606 -0.000723670350457
-0.0167632130337 0.00511504569788 -5.89635283993e-06
-0.0166058401556 0.00439987412821 0.000723774550441
-0.0164177070952 0.00371842547981 0.00146642749352
-0.0158791908427 0.0203758819516 -0.0113443538666
-0.0157893104028 0.0188647705033 -0.0106089394108
-0.0162834209379 0.0177058526994 -0.00992396776576
-0.016742729376 0.0165869703099 -0.0092461486326
-0.0169519755443 0.0154284795423 -0.00861149053559
-0.0170939804228 0.0143044533538 -0.00800138495643
-0.0172944838701 0.0132523342714 -0.00737879698174
-0.0175357283958 0.0122587384856 -0.00673429658406
-0.0177669534584 0.0113042719211 -0.00607504509822
-0.0179048363853 0.0103646632425 -0.00542706365643
-0.0179396069083 0.00943851370142 -0.00479644164129
-0.0179298723163 0.00854167706053 -0.0041625496964
-0.0178954000741 0.00767867226668 -0.00351656813829
-0.0177977092536 0.00683936519544 -0.00287290056163
-0.0176790940847 0.00603447163415 -0.00221433047422
-0.0175776663614 0.00527432528991 -0.00152534746578
-0.0174601201684 0.00455187199075 -0.000820676020674
-0.0172945662579 0.00386041163035 -0.000115196811681
-0.0170859195019 0.00320322591601 0.000590537281043
-0.0161481912458 0.0204538302513 -0.0131531423211
-0.015992541237 0.0188221971031 -0.012206272793
-0.016415862549 0.0175150853157 -0.0114046454929
-0.0169590132512 0.0163169018924 -0.0106298063895
-0.0173354811684 0.0151220658117 -0.00987959087464
-0.0175789111364 0.0139466925641 -0.00916282320238
-0.0178433787055 0.0128367901998 -0.00845420934054
-0.018104047201 0.0117806139425 -0.00774745840967
-0.0183272056301 0.0107666878012 -0.00704474065467
-0.0184635795349 0.00978219840557 -0.00635819181308
-0.0185223761679 0.0088299640148 -0.00568624622648
-0.0185246502235 0.00791481060866 -0.00502211656819
-0.0184783644837 0.00703803664692 -0.00436215301304
-0.0183844041517 0.00619934879131 -0.00370511749297
-0.018276974478 0.00540503599018 -0.00303804018865
-0.0181677518632 0.00465657677907 -0.00235643821775
-0.0180353495298 0.00394948320421 -0.00166913649608
-0.0178708613957 0.00328220742446 -0.000981590291028
-0.0176617239498 0.0026529032064 -0.000301336384205
-0.0159140709115 0.0202396748386 -0.0148341604953
-0.0159474121734 0.0186063144495 -0.0137478360735
-0.016434883902 0.0172212126374 -0.0128441782186
-0.0171476529126 0.0159768983415 -0.0119911833979
-0.0176819799525 0.0147414118733 -0.0111491968734
-0.0180542301996 0.0135254683026 -0.0103357316189
-0.0183445336218 0.0123534037665 -0.00955165057066
-0.0186025321543 0.0112368514434 -0.00878746521256
-0.0188250188433 0.0101731211142 -0.00803814547538
-0.0189670433153 0.00915161240667 -0.00731052526121
-0.0190370308139 0.00817428861259 -0.00660252015872
-0.0190361512988 0.00724140275863 -0.00591318822832
-0.0189620509662 0.00635259812568 -0.00524252111032
-0.018841434557 0.00551193485162 -0.00458149003038
-0.0187322516685 0.00472637257749 -0.00391030047325
-0.0186226391744 0.00399152612433 -0.00323167428472
-0.0184733572774 0.00330058596699 -0.00255905322127
-0.018303095586 0.00265429772733 -0.00188866898918
-0.018114372043 0.0020510007559 -0.00122352442382
-0.0154338309888 0.0198767836321 -0.0163711326641
-0.0156041367697 0.0182198716918 -0.015189346343
-0.0163576804924 0.0168263269447 -0.0142491809383
-0.0173152554027 0.0155561412195 -0.0133548346877
-0.0180436034034 0.0142882558334 -0.012442648181
-0.0185092202477 0.0130239705489 -0.0115462319493
-0.0188026014362 0.0117921222237 -0.0106886057769
-0.019039383642 0.0106197742367 -0.00986693489599
-0.0192576986837 0.0095125993967 -0.00907040099701
-0.0193962732136 0.00845803582873 -0.00830311400446
-0.0194566817948 0.00745659705425 -0.00756392631784
-0.0194301020149 0.00650742120461 -0.00685394731941
-0.0193183324483 0.00561145502892 -0.00617211611813
-0.0191798819769 0.0047748166138 -0.00550175966694
-0.0190505651193 0.00399788819946 -0.00483026722013
-0.0189136873191 0.00327536398283 -0.00416044969051
-0.0187611834555 0.00260317960518 -0.00349487427868
-0.0186115793802 0.00197797114776 -0.00283056982209
-0.0184476374867 0.00139448900226 -0.00217654617408
-0.0149418184691 0.019441711888 -0.0178312136303
-0.0152231982156 0.0177508044965 -0.0165716864449
-0.0163956087173 0.0163780587316 -0.0156776252241
-0.0175200159683 0.0150553601911 -0.0147558060513
-0.0183606621485 0.0137328219318 -0.0137875291554
-0.0189230823505 0.0124231635711 -0.012819105798
-0.019204026821 0.0111368515592 -0.0118858290169
-0.0194163741722 0.00991725572708 -0.0110023497472
-0.0196108121728 0.00877059520581 -0.0101584605868
-0.0197212506219 0.00768604622495 -0.00935341375614
-0.0197420207957 0.00666354577107 -0.0085864509655
-0.0196901832603 0.00570526827864 -0.00785307061436
-0.0195688622777 0.00481135682255 -0.00715010564389
-0.0194203798067 0.00398307900737 -0.00646574133572
-0.0192573822217 0.00321767083887 -0.00579358833018
-0.019089014604 0.00251100675514 -0.0051292008475
-0.0189288459651 0.00185750352131 -0.00446876240453
-0.0187947775879 0.00124930729275 -0.00380971681499
-0.0186508867005 0.000680465215501 -0.00316485263629
-0.0144950908382 0.0189314686432 -0.0192707720931
-0.0149127302357 0.017212422974 -0.0179589650978
-0.0164770334597 0.0158354755318 -0.0171657059516
-0.0177050237034 0.0144446462858 -0.0162221582806
-0.0185869116253 0.0130545764839 -0.0152003769152
-0.0192131392667 0.0116949149889 -0.0141710035277
-0.0195218640149 0.0103684801016 -0.0131636031889
-0.0197105645399 0.00911068938695 -0.0122137211263
-0.0198641297972 0.00793123066394 -0.0113187216823
-0.0199179929714 0.0068232734394 -0.0104737398119
-0.0198836618852 0.0057887616273 -0.00967585239294
-0.0197927682593 0.00482914190036 -0.00891788057358
-0.0196678283647 0.00394309551791 -0.00819130502951
-0.0195149509543 0.00312758083111 -0.00748974704867
-0.0193382412061 0.00237887419121 -0.00680828536368
-0.0191717703292 0.00169012333051 -0.00613757225584
-0.0190404774973 0.00105128590811 -0.00547121012578
-0.0189217357828 0.000455129788623 -0.00481477847468
-0.0187438759544 -9.57414064335e-05 -0.00418588277834
-0.0137784539011 0.0182581740415 -0.0205411236283
-0.0148555332706 0.0166220672175 -0.0194924973118
-0.0164839928258 0.0151608297033 -0.0187134757349
-0.017784584916 0.0136964321611 -0.0177611678635
-0.0186768686101 0.0122374545231 -0.0166895478134
-0.0193244781872 0.0108241001467 -0.0156053528448
-0.019703768021 0.00946603154525 -0.0145371979552
-0.0198879272011 0.00818027450797 -0.0135191865213
-0.0199904012427 0.0069780976799 -0.0125662599961
-0.0199979893084 0.00585939736536 -0.0116729689084
-0.0199131368658 0.00482518660173 -0.0108355050999
-0.019762238228 0.00387529297967 -0.0100479599442
-0.0196084375575 0.00300433661664 -0.00929814847234
-0.0194490056876 0.00220675346045 -0.0085775219331
-0.0192655728447 0.00147896893187 -0.00788223256279
-0.0191216795241 0.000806506625878 -0.00719947845368
-0.0190657153794 0.000169810400834 -0.00651893096794
-0.0189725286171 -0.000420276913052 -0.00585993836547
-0.0187568704894 -0.000948091537947 -0.00523894666863
-0.012894152173 0.017451438053 -0.0216654193036
-0.0148321140926 0.0159109896907 -0.0211522130352
-0.016343525095 0.0143379526593 -0.0203102491635
-0.0176674412722 0.0127929477044 -0.0193565483895
-0.0185531378164 0.0112672385758 -0.0182441716759
-0.0191725036735 0.00980116507143 -0.0171054512638
-0.0195742341121 0.00841137545139 -0.0159870104021
-0.0198196466724 0.00710835448585 -0.014919013109
-0.019926006002 0.00589712237129 -0.013909969785
-0.0199104613305 0.00478079654655 -0.0129632207913
-0.0198007688004 0.00375969531554 -0.0120783102129
-0.0196303916294 0.00283049855539 -0.0112502851979
-0.0194719292353 0.0019804505549 -0.0104690121776
-0.0192953930441 0.0012068530635 -0.00972493486923
-0.0191019874982 0.000503948629552 -0.00901116073053
-0.0189578927421 -0.000149516594579 -0.00831660848352
-0.0189137367948 -0.000778717289556 -0.00763127062188
-0.0188605432359 -0.00136842186582 -0.00696495491331
-0.0186699598351 -0.00188437708104 -0.00633459218631
-0.01200906511 0.0165415698954 -0.0227546020337
-0.0145686936511 0.0150298529605 -0.0228097137396
-0.0160372357548 0.0133645027486 -0.0219582702624
-0.0172570541067 0.0117286682323 -0.0209608726273
-0.0181489798679 0.0101420965572 -0.0198349010154
-0.0187356060701 0.00863282561827 -0.0186504163316
-0.0191561843364 0.00721764702859 -0.0174961440794
-0.0194584987102 0.00590018993517 -0.0163957401628
-0.0196354812871 0.00468368331377 -0.0153492056612
-0.0196572908157 0.00357554446772 -0.0143537828521
-0.0195801154344 0.00257137546088 -0.0134195787413
-0.0194425495438 0.00166344208579 -0.0125453067373
-0.0192680667683 0.000843132356025 -0.0117241482293
-0.0190770183284 0.000100166660183 -0.010947754288
-0.0188984470698 -0.000580380240858 -0.0102073892521
-0.0187527609475 -0.00121363270235 -0.00949460158519
-0.0186480864971 -0.00181239020948 -0.00880312939797
-0.0185564506959 -0.00237640351884 -0.0081316203274
-0.0183998066186 -0.00288182543853 -0.007485582818
-0.0111140308244 0.0155188882139 -0.0238291482497
-0.0135920111471 0.0139332702945 -0.0240474017728
-0.0151551945957 0.012214135449 -0.0233655606847
-0.0164441096531 0.010515705916 -0.0224751962202
-0.0174031607594 0.00887475789897 -0.0214072230142
-0.0180187504699 0.0073308276701 -0.0202213843361
-0.018448636152 0.0058984477195 -0.0190429451553
-0.0187506480545 0.00457909923061 -0.017910046809
-0.0189312560969 0.0033747703492 -0.0168283040579
-0.0189725856162 0.00229213686322 -0.0157947860066
-0.0188783427128 0.00133382671334 -0.0148133091473
-0.018730141033 0.000476656482288 -0.0138976999536
-0.0185779648607 -0.000301911577239 -0.0130446583895
-0.018431650356 -0.0010144546966 -0.0122422238983
-0.0183019505578 -0.00167395896739 -0.0114799355332
-0.0181949499022 -0.00229144145237 -0.0107488115252
-0.0180882120945 -0.00286453676696 -0.0100417437929
-0.0179539015284 -0.00338534220836 -0.0093557076087
-0.0178011979202 -0.00386120379584 -0.00869055503295
-0.0103290676269 0.0144004525878 -0.0250589229406
-0.0125057419891 0.0127223841054 -0.0252333196761
-0.0139562174642 0.0109430641547 -0.0245975029082
-0.0152336296853 0.00919032201767 -0.0238165066489
-0.01627115441 0.00749830251586 -0.0228759011793
-0.0169854838942 0.0059174315371 -0.0217690900121
-0.0174759413024 0.00446784821767 -0.0206125363343
-0.0178235729663 0.00314732907403 -0.0194762237993
-0.0180320891263 0.00196078781849 -0.0183707238118
-0.0180864002815 0.000918194584453 -0.0172969108302
-0.0180217566732 9.37356344306e-06 -0.0162731627358
-0.0178999580071 -0.000794272778462 -0.0153159290878
-0.0177720425697 -0.00152413971551 -0.0144274950698
-0.0176586517415 -0.00220058320548 -0.0135976427177
-0.0175537308048 -0.00282965508259 -0.0128117769639
-0.0174396670636 -0.00340833909415 -0.0120575299909
-0.0173020894504 -0.00393239548987 -0.0113271492729
-0.0171539761622 -0.00441120513751 -0.0106178730432
-0.0170073295085 -0.00485290881544 -0.00992737141205
-0.00960354219572 0.0131792069297 -0.0265030271636
-0.0113288581692 0.0113968322871 -0.0263944364037
-0.0126292931681 0.00957104519625 -0.025764605644
-0.0138151959902 0.00777901925641 -0.0250472112543
-0.0148617235888 0.0060443593056 -0.0242339275876
-0.0156882867018 0.00441431704725 -0.0232776728744
-0.0163147741092 0.00291803468491 -0.0222330236795
-0.0167374495555 0.00158297697705 -0.0211277925277
-0.0169771409998 0.000419130821381 -0.0200018506257
-0.0170493760084 -0.000570455019252 -0.0188825921073
-0.0170188091023 -0.00141911050124 -0.0178131223949
-0.0169365069991 -0.00216391726692 -0.0168131095925
-0.0168565044861 -0.0028499379763 -0.0158916238937
-0.0167863182719 -0.00349347180525 -0.0150339922593
-0.0167096260123 -0.00409113721996 -0.0142206264707
-0.0166172587277 -0.00464043647932 -0.0134387411713
-0.0164931209636 -0.00513119178548 -0.0126776750839
-0.0163399925686 -0.00556444610007 -0.0119333060808
-0.0161820275533 -0.00595448449863 -0.0112048861534
-0.00853234877824 0.0117867470919 -0.0276703592726
-0.00995507442884 0.00994924962746 -0.0273896924087
-0.0111097449255 0.00810753556078 -0.0267609604608
-0.0122070082988 0.0063032639892 -0.0261230532844
-0.0132357814637 0.00454113661134 -0.0254572733165
-0.014095988334 0.00287629354867 -0.0246511405912
-0.0147744704263 0.00135292914649 -0.0237200221327
-0.0152648628157 7.40055731895e-06 -0.022688808281
-0.0155853790632 -0.00114904889382 -0.0216027650132
-0.0157251224673 -0.00209505862344 -0.0204762558818
-0.0157294785048 -0.00286154946088 -0.0193621708065
-0.0156839530607 -0.00352724318073 -0.0183205243686
-0.015636922467 -0.00414787447612 -0.0173660625926
-0.0155872495604 -0.00473362868936 -0.0164789883271
-0.0155330902406 -0.00528857109171 -0.0156417770937
-0.0154728598168 -0.00581224124814 -0.014839659212
-0.0154033543563 -0.00629877111831 -0.0140598570774
-0.0153087604367 -0.00672850967084 -0.013289123389
-0.015198060579 -0.00710130467841 -0.0125236876907
-0.00723152719344 0.010241253014 -0.0286182153077
-0.0084654247595 0.00838723080493 -0.0282802434076
-0.0095125755436 0.00655377453466 -0.0276850945956
-0.0105396203484 0.00475202480714 -0.0271572912325
-0.0114733326351 0.00300358856151 -0.0265566951447
-0.0122634703902 0.00136733310337 -0.0258117742926
-0.0128984818275 -0.000107428029006 -0.0249298276366
-0.0134001449697 -0.00140952993627 -0.0239672040679
-0.0137804078527 -0.00253631272675 -0.0229583154432
-0.0140056158028 -0.00344379748361 -0.0218823770506
-0.0141042250523 -0.00416246071181 -0.0207916181505
-0.0141377645206 -0.00477474612995 -0.0197527773645
-0.014137498652 -0.00533162110666 -0.0187835690942
-0.0141346170991 -0.00587972937749 -0.0178902121793
-0.0141154595101 -0.00640406451915 -0.0170429621704
-0.0140733172268 -0.00689287044259 -0.0162224806709
-0.0140206997117 -0.00735212295241 -0.0154219091188
-0.0139536771438 -0.0077647014908 -0.0146267523101
-0.0138702972723 -0.00811358987406 -0.013826286558
-0.00583291271377 0.00856955905146 -0.0295474632967
-0.00688098789696 0.00671156833086 -0.0290695428744
-0.00787252426554 0.00489956428854 -0.0286049205033
-0.00877147843815 0.00315035469076 -0.0280540646384
-0.00955625918436 0.00151234333555 -0.0273688489929
-0.0102527037299 -6.59996778717e-06 -0.0266219492135
-0.0108476482867 -0.00137405948398 -0.0257930996234
-0.0113313419913 -0.00255961905735 -0.0248780401659
-0.0117080578748 -0.00356035083171 -0.0239042779482
-0.0119920021456 -0.004401699891 -0.0229122182181
-0.0121841669112 -0.00509473190182 -0.0219128874147
-0.0123118783081 -0.00569972836412 -0.0209490691377
-0.0123964310343 -0.00626413651058 -0.0200389297886
-0.0124462387003 -0.00680522519768 -0.0191755963555
-0.0124645054468 -0.0073235904632 -0.0183444820641
-0.0124617978933 -0.00782454177879 -0.0175369829139
-0.012417621787 -0.0082620701075 -0.0167223207372
-0.0123420102224 -0.00863572945774 -0.0158974066893
-0.0122902951184 -0.00899149679264 -0.0150770234548
0.00325522709927 -0.0202698214474 0.00621183652552
0.00107076540051 -0.0192697891072 0.00840564255224
-0.00112513784768 -0.0180455776847 0.0102641158764
-0.00339195377002 -0.0166869327496 0.0117911756301
-0.00560699123958 -0.0150119901404 0.0129725506462
-0.00808421392577 -0.0134380725991 0.0138523187248
-0.0104367431978 -0.0114394608778 0.014354723305
-0.0126307258236 -0.00903858984806 0.0145081287105
-0.0148344373373 -0.0064538130231 0.0143565148001
0.0029045785468 -0.0198161189712 0.00544659094421
0.000673412962088 -0.0189271277726 0.00751848511132
-0.00157308685284 -0.0178402249544 0.00930272647356
-0.00377949223673 -0.0164730769776 0.0107809551282
-0.00589206191732 -0.0147675883897 0.0119257068412
-0.00833158004825 -0.0132659040793 0.0128092019271
-0.0105682144999 -0.0112817623985 0.0133314039682
-0.0126231519306 -0.00890597100393 0.013530309183
-0.0147064681451 -0.00638776070338 0.013454873889
0.00254924833878 -0.0193411039393 0.00462577283947
0.000318527687898 -0.0184784760344 0.00658596247591
-0.00192220706068 -0.0174389588843 0.00828578731992
-0.00409856451145 -0.0161135296181 0.00970799867677
-0.0061404361552 -0.0144290850082 0.0108189357004
-0.00846029354845 -0.0129137673175 0.0116977672182
-0.0106251204804 -0.0110111178433 0.0122564203825
-0.0125916798806 -0.00872302815065 0.012512117222
-0.0145991997774 -0.00631812324922 0.012515232303
0.00217098897893 -0.0188695283631 0.00374069716386
-5.47252832985e-05 -0.0180191587843 0.0055972467342
-0.00227885521273 -0.0170101108118 0.00721444031495
-0.00445712512932 -0.0157719603581 0.00858555513437
-0.00642866559014 -0.0141055859337 0.00966245603714
-0.0086362336485 -0.0125899048352 0.0105375415759
-0.0106863093931 -0.0107192784061 0.0111249830218
-0.0125920339639 -0.00854559908198 0.0114421339261
-0.0145316026848 -0.00625918797288 0.0115260779161
0.00175122799404 -0.018423501191 0.00278342396026
-0.000495483761436 -0.0176202490549 0.00454482464215
-0.00273656358233 -0.0166891923063 0.00609210399678
-0.00490027614766 -0.0155090013507 0.00741880963092
-0.00680782548773 -0.0138601342105 0.0084636782294
-0.0089062052992 -0.0123461030556 0.00933410792232
-0.0108553991503 -0.0105174498142 0.00994781525525
-0.0126721958069 -0.00842226373138 0.0103184377896
-0.0145421004778 -0.00624601360808 0.0104817967504
0.00123297259718 -0.0181096500524 0.0017356688956
-0.00102220266949 -0.0173076979574 0.00342646666317
-0.00330779445422 -0.0164962264878 0.00492114762811
-0.00546060426566 -0.0153695829572 0.00621427398128
-0.00735464945118 -0.0137911106315 0.00724319144982
-0.00932407999242 -0.0122422325909 0.00810123138616
-0.011145858134 -0.0104177868062 0.00872873379732
-0.0128513716436 -0.00837274407681 0.00914296735559
-0.0146548603649 -0.00630075463773 0.00938505442734
0.000638668584212 -0.0178991279872 0.000606357147918
-0.00166819111598 -0.0171510725052 0.00224309844503
-0.00399186365002 -0.0164395155681 0.0037052766708
-0.00614313925939 -0.015367153461 0.00497690031464
-0.00803053003009 -0.0138541211376 0.00599723495669
-0.00987537075945 -0.0122608477776 0.00683934165702
-0.0115686370639 -0.0104306449646 0.00747376431881
-0.0131656891973 -0.00843174296496 0.00792659997737
-0.0148757422459 -0.0064271400153 0.00824132566951
-1.11509782782e-05 -0.0177556177911 -0.000597788797163
-0.0023909526388 -0.0170812294238 0.000998593838959
-0.00474241027929 -0.0164429642695 0.00243839743471
-0.00689062422247 -0.0154147005404 0.00369190188336
-0.00878388598714 -0.0139820550405 0.0047114800769
-0.0105352295862 -0.0123727656191 0.00554332828861
-0.0121041218267 -0.0105343105379 0.0061803264483
-0.0135836824446 -0.00856844056601 0.00666655885968
-0.0151931969424 -0.00661279483223 0.00705297188812
-0.000688457787097 -0.0175767748572 -0.00187257188987
-0.00316270758658 -0.0170228079895 -0.000311139956059
-0.00552138855471 -0.0164021231488 0.00110163748286
-0.00764357302725 -0.0153773329433 0.00232326118463
-0.00953959188185 -0.0140456795968 0.00334373799267
-0.0112609765931 -0.0125204851426 0.00419336729227
-0.0127180848273 -0.0106902855903 0.00483482419256
-0.0140812811659 -0.00876061360972 0.00535562141343
-0.0155362042414 -0.00680396339328 0.00580013814086
