0.00551415474503 -0.0112234866725 0.0113177370935
-0.00572961341937 -0.00298021489414 0.0158486611333
0.0167780124069 0.000322025891298 -0.0204418355118
-0.012766467416 0.0210007338376 -0.00889787977832
0.0228180696404 0.0103625992328 0.0137319759151
0.0105933112466 0.0187475648494 0.0188185040081
0.0239267739912 0.00862531347079 0.0198357376029
0.0116963809424 0.0169749549055 0.0247601363396
0.0244784495786 0.00671298501199 0.0249377335896
0.013041596501 0.0149186979618 0.029638010426
0.0244505253542 0.006293855909 0.0288989726486
0.0144366360829 0.0133556570547 0.0330572217787
0.0252235139938 0.0052830999485 0.0315660823247
0.0144771456139 0.0129477350359 0.0358869372268
0.0348926994524 0.0111323331766 0.0360103785123
0.0196290975689 0.020754789042 0.0415445622923
0.0243123370457 0.00162330713229 0.0430360594676
0.017359791891 0.00724289684055 0.045543817619
0.0218693723654 0.00258941503547 0.0450690770135
0.0193080554679 0.00483512232124 0.046010184483
-0.00376165194913 0.0110693715168 -0.0299550873208
0.0214185167085 0.00332516747663 -0.0138401522518
-0.00731127685679 0.0238269618206 -0.00240059131439
0.0221659885694 0.0118061088607 0.0129373647344
0.0238239952454 0.0103573454302 0.0129586664002
0.024774651249 0.0100288666658 0.0149801251904
0.0231997106039 0.01133316005 0.0157260607547
0.0118507637006 0.0190621353676 0.0176715081603
0.0100070266906 0.0198435826675 0.0183902746329
0.0102933711941 0.019813355096 0.0205764742693
0.0125092607364 0.0185100783171 0.0202456034133
0.0234436180825 0.00979687058893 0.0189108737649
0.0232081633186 0.00902885828057 0.0214575276647
0.0257757902671 0.00788462920558 0.0206139759081
0.0251702522393 0.009367631667 0.0183097837535
0.0123758500208 0.0171457003073 0.0232518283259
0.0131150450351 0.0161063022007 0.0253410839499
0.0112188367104 0.0177406797209 0.0263867006843
0.0111496292086 0.0187828759591 0.0238605487165
0.0233746154255 0.0076725839587 0.0239012904633
0.0232514562693 0.00656434515758 0.0259851000205
0.0262076611262 0.0060804528511 0.0254525708846
0.0256986898028 0.00740727513976 0.0234702624555
0.0132573501694 0.0141178183623 0.0276232785673
0.0139542535972 0.0136586788716 0.0302032334153
0.0123965322354 0.0157258172073 0.0311545790325
0.012506708665 0.0165170139006 0.0289513830308
0.0240943582489 0.00628176723953 0.0295003181097
0.0259356886443 0.00626636056717 0.0287700729206
0.0148408230205 0.0128073945284 0.0329137208689
0.0140706290347 0.0146418413957 0.0333695874202
0.0246426568565 0.00565792252453 0.0319962154424
0.0264587158995 0.00533369096546 0.0314372109256
0.015349639791 0.0123494553132 0.035931213696
0.0143336289214 0.013728259592 0.0364849729549
0.0219208735167 -0.00130319514015 0.0394324775487
0.0132807134779 0.00498954249588 0.0425070063402
0.0207340285251 -0.00271025396371 0.0404804128966
0.0132665519891 0.00299660553728 0.0435325917158
0.0200643850138 -0.00185478879377 0.0419984883695
0.0150138746783 0.00259999142224 0.0445142140778
0.0206453524717 0.00750995165376 0.0113527989665
0.0236483436915 0.00572424683972 0.0156269143928
0.0243669624433 0.00396514931681 0.0209916165173
0.0251213917327 0.00307606750756 0.025623929139
0.0252266162843 0.00263994870844 0.0288943826329
0.0249714082127 0.000612163966626 0.0313119755279
0.00704400932006 0.0170676515468 0.0168655103069
0.00727168191581 0.0163596580607 0.0223354504406
0.00852852745288 0.0146205315317 0.0273401595752
0.00996763296692 0.0132176718593 0.0319469509352
0.0112787172797 0.0124182884157 0.0347418944305
0.0107299123787 0.0104853574115 0.0371594109654
0.0133922383116 0.00886790163293 -0.00637732702852
0.00228062324283 0.016344469637 -0.00127659581579
0.0184311379654 0.0087313904693 -0.0176992764256
-0.00397168536654 0.0240873968452 -0.00804472480253
0.0236828183331 -0.00124902953724 -0.0122264998341
-0.0117201797515 0.0235072617948 0.00199053443429
0.0161293819757 0.00495534346605 -0.0100717333104
-0.00402569597278 0.0186547034249 -0.00219916631736
-0.00267509990817 -0.0166439974591 0.00923909416361
-0.00122232111059 -0.0179670372932 0.00931006870662
6.34036661172e-05 -0.0191328507007 0.00892534313743
0.00105472886791 -0.0199947090953 0.00819956135827
0.00191340755395 -0.0205040454983 0.00738772378711
0.0027668995139 -0.0206903391859 0.00658062609642
0.00362718645524 -0.0205758308563 0.00574967258304
0.00449455308779 -0.0201720153685 0.00487313157192
0.005389279895 -0.019490347987 0.00398628081476
0.0063695614832 -0.0185392945088 0.00349073880875
0.0063695614832 -0.0185392945088 0.00349073880875
0.00733306485456 -0.0171553820626 0.00382422689853
0.0081430790745 -0.0159078445381 0.00475118126929
0.00857502318807 -0.014982522177 0.00591728773807
0.00870089115807 -0.0141758895887 0.00693822510975
0.00855538542527 -0.0134658190912 0.00788025810697
0.00816516073774 -0.0128178629255 0.00876613361793
0.00752025974708 -0.0122579104688 0.00963237797537
0.00665854921929 -0.0116814483541 0.0104670034951
0.00551415474503 -0.0112234866725 0.0113177370935
0.00551415474503 -0.0112234866725 0.0113177370935
0.00426629594508 -0.0108979626739 0.0118098100478
0.00309629568344 -0.0108454103214 0.0121347017792
0.00204599982179 -0.0108922912753 0.0122827263411
0.00109392585244 -0.0109765612115 0.012273292702
0.000264890786077 -0.0112199189982 0.0120850769153
-0.000487303500454 -0.0115078705311 0.0117443472109
-0.00109458149105 -0.0119602160184 0.0112251888258
-0.00169051102036 -0.0124283262151 0.0105517490382
-0.00209819172703 -0.0130816996771 0.00970177390014
-0.0106520053879 -0.0117787903862 0.0129356044648
-0.0118689819869 -0.0108088849413 0.0137151478798
-0.0131275592522 -0.00990693309168 0.0140549954085
-0.0141986896914 -0.00907731600909 0.0140492942943
-0.0149826153867 -0.00823294420439 0.013882994645
-0.0154889730124 -0.00733849656258 0.0135956894046
-0.015738388164 -0.00637168615685 0.0132024758337
-0.0157490930549 -0.00531270765596 0.0127368101851
-0.0155221267049 -0.00415664454755 0.0123596177474
-0.015004738484 -0.00301581920353 0.0122801541342
-0.015004738484 -0.00301581920353 0.0122801541342
-0.0141421090543 -0.00208789374707 0.0126096010284
-0.0132004024297 -0.00143192642199 0.0131905697827
-0.0122300699468 -0.00107492156476 0.0137769735256
-0.0112413387091 -0.000953051116623 0.0142866758603
-0.0102126396873 -0.000959086281402 0.0146886399343
-0.00913228549242 -0.00111920023415 0.0150276281298
-0.00800169261432 -0.0014750234526 0.0153250705453
-0.00684869640829 -0.00208461100874 0.0155956808492
-0.00572961310954 -0.00298021423034 0.0158486611639
-0.00572961310954 -0.00298021423034 0.0158486611639
-0.00475805970315 -0.00402375737857 0.0154516251279
-0.00417520711734 -0.00512281193536 0.0150487995766
-0.00390865199897 -0.0061471168781 0.0146063139739
-0.0038494225288 -0.00703863889736 0.014104378387
-0.00391417633308 -0.00780231347874 0.0135195944188
-0.00414089977498 -0.00848156405213 0.0128437185375
-0.00457390485211 -0.00910889308687 0.0120616198344
-0.00539753228642 -0.00961933753341 0.0112922613534
-0.00656387750327 -0.00986853280101 0.0106728778845
0.0348927007051 0.0111323326158 0.0360103779959
0.0346409190314 0.0107966976198 0.0354221141394
0.0332379753613 0.00968848830855 0.0353045328317
0.0322328892456 0.00871213256081 0.0350410049432
0.0313002352669 0.00771640659636 0.0347565905178
0.0303196776247 0.00676030206767 0.0344455500974
0.0292455662066 0.00583876901822 0.0341203024657
0.028028727228 0.00499015610693 0.0337554952853
0.0266976021234 0.00414727700964 0.0334071136875
0.0253552612335 0.00347102332871 0.0327639396547
0.0348927007051 0.0111323326158 0.0360103779959
0.0346078067709 0.00977137911092 0.0365871605085
0.0339984158202 0.00843908590163 0.0369966243365
0.0332795061187 0.00712100335488 0.0372710487577
0.0324184375572 0.00577393891497 0.0374516749723
0.0313783729517 0.00438617843301 0.0375299579269
0.0300727842913 0.00302836874633 0.0374318630207
0.0284797185032 0.00176033686157 0.0371384340542
0.0266731444343 0.000521903336926 0.0367150317696
0.0247065695903 -0.000767326390787 0.036176709942
0.0348927007051 0.0111323326158 0.0360103779959
0.0345096291692 0.0100569445899 0.0367780534518
0.0336091124469 0.00887135420715 0.0374369403088
0.0325712462907 0.00765692270894 0.0378766642963
0.0314032872868 0.00645545765503 0.0382087666974
0.0300561726679 0.00525878333113 0.0384581549139
0.0285046544538 0.00407097798756 0.0386766970383
0.0267389513914 0.00288282747738 0.0388756881325
0.0248334747896 0.00163559895302 0.0387292274568
0.0227898232658 0.000357669371893 0.0382092439282
0.0348927007051 0.0111323326158 0.0360103779959
0.0343642267406 0.0102145704813 0.0369392229086
0.0331060064789 0.00906176314294 0.0375006151416
0.0319949524716 0.0079788099759 0.0377831404527
0.0307751752789 0.00710845868003 0.0382915925379
0.0293229353328 0.00616949471211 0.0384577321298
0.0277249534999 0.00519710377967 0.0383227603512
0.0259639374042 0.00424094417132 0.038006229095
0.0239494596446 0.00337370469051 0.0376450127538
0.0218907883369 0.00241324489978 0.0368866962629
0.0196289150802 0.0207544674187 0.0415447957774
0.0191674236015 0.0201315795942 0.0409176237771
0.0185062934605 0.0192064018063 0.040570725057
0.0178440465239 0.0182923207913 0.0402422889535
0.0171967507589 0.0173650680822 0.039895374864
0.0165556394686 0.0163972588876 0.0395438608308
0.0159631612619 0.0153842597016 0.0390827041648
0.0153580583078 0.0142869163019 0.0386582339532
0.0147802160597 0.0130984421033 0.0381740986637
0.0142349797346 0.0121165315047 0.0375339098318
0.0196289150802 0.0207544674187 0.0415447957774
0.0187840224679 0.0196149686812 0.0423260122772
0.0178368447707 0.0180850539485 0.0428829424574
0.016947542055 0.0167146653299 0.0431682887042
0.016017420164 0.0153306615242 0.0432936679433
0.0150656400009 0.0138994905054 0.0431961073386
0.0141397753067 0.012412981292 0.0427899874332
0.0132319245201 0.010874859957 0.0421082964212
0.0123135563801 0.00928809403635 0.0412085717621
0.011281633362 0.00774792354375 0.0402051991321
0.0196289150802 0.0207544674187 0.0415447957774
0.0200039891971 0.0201262498379 0.0419404992563
0.0190018623463 0.0181932799183 0.0427133589288
0.018199623402 0.0166499220713 0.0429716980254
0.0175240036462 0.0151260958063 0.0430684336608
0.0169034600837 0.0134948225031 0.0431071335658
0.0162172801366 0.0117566128431 0.0430185507689
0.0154604136319 0.00990138001133 0.0428223548658
0.0145407060798 0.00804079259754 0.0423060566178
0.0135424056379 0.00625113137946 0.0413630991074
0.0196289150802 0.0207544674187 0.0415447957774
0.0200154029144 0.0197881034668 0.0420269440455
0.0189775085776 0.0178297388587 0.0426362388622
0.0183894678132 0.0164045277293 0.0426795962648
0.018268917079 0.0148200053175 0.0427688010198
0.0178308591904 0.0132174500005 0.042505873288
0.0172245296451 0.0116195528833 0.0419368796655
0.0166033362248 0.0099561449756 0.0411617192844
0.0160352413143 0.00820877697083 0.0401819780547
0.0152324973028 0.00648868841245 0.0388972711554
-0.00506917627995 -0.0163207862901 -0.00192400207117
-0.00438861533859 -0.0166881215425 -0.00158878889286
-0.00357629225167 -0.0171649573103 -0.00123759944562
-0.00266650760747 -0.0177332270269 -0.0009562312211
-0.00161864616421 -0.0183512799245 -0.000787448813563
-0.00034857646804 -0.0189858366145 -0.000739617941425
0.00127252215723 -0.0195564835406 -0.000767135910984
0.00334790515496 -0.019898640532 -0.000756942124095
0.0057254857762 -0.0195020709085 -0.000428759117954
0.00798185347031 -0.0186114662544 4.65591250222e-05
0.00798185347031 -0.0186114662544 4.65591250222e-05
0.00999358634722 -0.0175678717226 0.000779844072308
0.0116575626103 -0.0163635154985 0.00153904773866
0.0130788277972 -0.0152544898 0.00225935189348
0.0143236164205 -0.0143018859484 0.00289437609005
0.0154339141496 -0.0135110614046 0.00340962423504
0.0164598056478 -0.0129034158917 0.00374294798078
0.0173793247466 -0.0124785513915 0.00389688135059
0.0181421915904 -0.0122073843195 0.00392608920869
0.0187378617989 -0.0120617968892 0.00385881907718
0.0187378617989 -0.0120617968892 0.00385881907718
0.0193772912092 -0.0117076539923 0.00347357894406
0.0199490956338 -0.0113941863443 0.00300365392264
0.0204635812499 -0.0110703684429 0.00248716451799
0.0209164160553 -0.0107698187138 0.00189865337455
0.0213011053097 -0.0105026198795 0.00123151128009
0.0216182502352 -0.0102657188147 0.000489537109031
0.0218609167828 -0.0100806631872 -0.00033605750795
0.0220580560776 -0.00988777918661 -0.00121187803965
0.0222190796454 -0.00961684439846 -0.00211982504155
0.0222190796454 -0.00961684439846 -0.00211982504155
0.022715057413 -0.00904387117514 -0.00455041504273
0.022890042173 -0.00846880737659 -0.00692961002148
0.0227861850253 -0.0077918028326 -0.00923607721755
0.0224216050092 -0.00702479016653 -0.0114859171991
0.0217453594248 -0.0058855515324 -0.0135089519459
0.0205214028696 -0.00364499547687 -0.0148302335221
0.0192648760445 -0.00226220516838 -0.0166937069492
0.0178892893605 -0.00116657803733 -0.0187419745261
0.0162762308514 -2.09404495583e-06 -0.0207217823711
-0.0141273753641 -0.00952465388955 0.00144514998642
-0.0146857900493 -0.00884491615173 0.00310104580353
-0.0153332890261 -0.00826542975545 0.00463913916211
-0.016080966936 -0.00778272880963 0.00596726349195
-0.0167855939195 -0.00722170529684 0.00709952608496
-0.0174416137383 -0.00653142752574 0.00807243697297
-0.0179504238161 -0.005601810655 0.00894533335057
-0.0180927028297 -0.00434171458836 0.00972230325028
-0.0177450103324 -0.00285781755981 0.0102653958409
-0.0173379553505 -0.0013447201094 0.0105799166175
-0.0173379553505 -0.0013447201094 0.0105799166175
-0.0170017946805 -0.000394739949732 0.0109779274775
-0.0166284834622 0.000586822730819 0.0114177968848
-0.016162096495 0.00157033840749 0.0118756309076
-0.0155905757586 0.00253547437023 0.0123600865816
-0.0149320544519 0.00348760764614 0.0128931751613
-0.0142374370213 0.00446138828143 0.0134946000102
-0.0134704627086 0.00544884571261 0.0141640431914
-0.0127444972099 0.00651097936766 0.0148979018401
-0.0123536643568 0.00772207037858 0.0156067608381
-0.0123536643568 0.00772207037858 0.0156067608381
-0.0122301473357 0.00873945633923 0.0159591262833
-0.012276839108 0.00972865870317 0.0161178546392
-0.012389515904 0.0106419136859 0.0160922118959
-0.0125196095293 0.0114882391776 0.0159179169826
-0.0126910509295 0.0122665846203 0.0155841529149
-0.012907032691 0.0129767614186 0.0150927179518
-0.0131484750371 0.0136389626794 0.0144659448485
-0.0134054214333 0.0142693227373 0.0137088808089
-0.0136796694308 0.0148668863726 0.012805428302
-0.0136796694308 0.0148668863726 0.012805428302
-0.0142593489162 0.0166074109647 0.0112343759382
-0.0148128649913 0.0178667913328 0.00932584268714
-0.0154832258236 0.0187786253924 0.00716690624011
-0.0160138831285 0.0195319831269 0.00485439448109
-0.0161267247593 0.0201569561862 0.00238901342634
-0.0147307914798 0.0205221611797 -0.000384457421434
-0.0139528310991 0.0206026300999 -0.00333893704376
-0.0136671709984 0.0206173293432 -0.00634349159628
-0.0134059852612 0.020625792828 -0.00938747167214
0.00853036840848 -0.00558131670702 0.024688569399
0.00982900023747 -0.00558339756853 0.0256514506657
0.0111520712397 -0.00539733099077 0.0268388702996
0.0123992662129 -0.00518080020617 0.0282987065879
0.0133149205421 -0.00506787440517 0.0301485455201
0.0142416244659 -0.00475617204314 0.032238633003
0.0149637352861 -0.00447015508566 0.034752855821
0.0153076507904 -0.00463358967033 0.0382270792322
0.0166280445177 -0.00396594512775 0.0411894480901
0.0177734335547 -0.00209189997035 0.0429614379628
0.00590954459184 -0.00379409747623 0.0260136508058
0.00621571131398 -0.002524037521 0.0273808698523
0.00657433500937 -0.00160498513052 0.0289853522608
0.00715566010376 -0.000882453049435 0.0307123596165
0.00797143418488 -0.000222851857171 0.0325702798541
0.00895538031322 -0.000210441104129 0.0345912383389
0.0101542710807 -0.000727495608563 0.0369200831821
0.0115036384841 -0.00196900986359 0.0400686461186
0.0130885876453 -0.00113212860655 0.0428071780702
0.0150950388778 -1.92845565446e-05 0.0440340346315
0.0133028399934 -0.00318971715564 0.0389565331254
0.0134294342593 -0.00336726557556 0.0397626949665
0.0136622476287 -0.00341885765075 0.0405518843802
0.0140212723583 -0.00324596166372 0.0412176857973
0.0144291499375 -0.00293656711707 0.0417536432175
0.0148577347586 -0.00256820228507 0.0422222207145
0.0153146037713 -0.00217188868785 0.0426828986201
0.015818232928 -0.00169841707045 0.0430956548307
0.0163709681021 -0.00115573168252 0.0434783197075
0.0169754935782 -0.00055204891394 0.0438536651829
0.0201143954796 -0.00687595856697 0.0110165880384
0.0203164487985 -0.00752826333206 0.00903660788214
0.0211840481141 -0.0081567606197 0.00700927506777
0.0229125531032 -0.00819707871782 0.00565562501934
0.0240385231393 -0.00804672848587 0.00420108175381
0.0249646933629 -0.00763251849097 0.00279403005406
0.0253269599828 -0.00726854588992 0.00101860694053
0.0250253770523 -0.00702505041499 -0.00116121995355
0.0247293632098 -0.00643605361984 -0.00314016514377
0.0247211271351 -0.00545634494461 -0.00491915059293
0.0247211271351 -0.00545634494461 -0.00491915059293
0.0247883410972 -0.0050883544169 -0.00563093836338
0.0247792368176 -0.0047047958168 -0.00637843507771
0.024739668653 -0.00428907275857 -0.00714656530782
0.0246194541025 -0.00387640831017 -0.00794985049303
0.0244928313279 -0.00341686884758 -0.00876499567246
0.0243362298044 -0.00292434274881 -0.00959953964805
0.0240981755288 -0.0024352384001 -0.0104602097597
0.0239198686902 -0.00184753852086 -0.0113300753454
0.0236828184364 -0.00124902931597 -0.0122264998239
-0.00482079025862 0.0111561789501 0.0207347118645
-0.00669029949034 0.0119250828961 0.0195206938591
-0.00830580899493 0.0129798312879 0.0188387704085
-0.00946617890265 0.0143368011003 0.0183635498325
-0.0103828713389 0.0155890363482 0.0176218895832
-0.0111242802562 0.0166859057949 0.0166366984665
-0.0117288201912 0.0175651296845 0.0154163571491
-0.0121439127828 0.0182752971314 0.0140170576339
-0.0122913977332 0.01897260584 0.0125236788085
-0.0121869967387 0.0197895573558 0.0109988390562
-0.0121869967387 0.0197895573558 0.0109988390562
-0.0125151621042 0.0203149268593 0.0101148681138
-0.0127460316065 0.0209598380428 0.00928002244107
-0.0128810974476 0.0215324685706 0.00839137370317
-0.012924515099 0.0219871769927 0.00742730573538
-0.012871679421 0.0224066277861 0.00642891294127
-0.0127130797234 0.0228199153794 0.00540218116197
-0.0124722204814 0.0231077714601 0.00430563555205
-0.0121187890898 0.0233935384824 0.00317528917289
-0.0117201797515 0.0235072617948 0.00199053443429
0.0095166505668 0.0146379080518 -0.0162121104424
0.0103952368089 0.015255960501 -0.0153040849064
0.0110400208059 0.0157852404176 -0.0144603088648
0.0111085818642 0.0156142398607 -0.0133725079918
0.0111532682697 0.0158274706826 -0.0125469622029
0.0111454324414 0.0161681930263 -0.0118810193303
0.0106353417827 0.0160628863726 -0.0110611765696
0.00887656233596 0.0147649148629 -0.0100376008857
0.00793611693258 0.0145509282504 -0.00948620066171
0.00723433595632 0.0147705886743 -0.00873588957977
0.00259765615109 0.0194117756771 -0.0130840926181
0.00350263998311 0.0199129561644 -0.0124245350263
0.00433783639128 0.0202299360849 -0.0118406590325
0.00489852303338 0.0198742997395 -0.011088494783
0.00549397210796 0.0195799178797 -0.010556499531
0.00615758094952 0.0193855745862 -0.0101850700684
0.00655896205663 0.0185706699524 -0.00972597555262
0.00622906750379 0.0164894998536 -0.00927252698846
0.00662669324603 0.0156185260539 -0.00907248485751
0.00723433595632 0.0147705886743 -0.00873588957977
0.00551415474503 -0.0112234866725 0.0113177370935
0.00414436937578 -0.0108019269852 0.0122598400592
0.00271175045172 -0.0106278570346 0.0131415346675
0.00135523669748 -0.010179778565 0.0138720631136
-1.30553735052e-05 -0.00973426347418 0.014770553358
-0.00123894405151 -0.0087787793966 0.0152144806455
-0.00228292652498 -0.00739206266077 0.0152557993444
-0.00332648972463 -0.00596104370845 0.0154607477145
-0.00435554988494 -0.00437564327286 0.0156488503094
-0.00572961310954 -0.00298021423034 0.0158486611639
0.00853036840848 -0.00558131670702 0.024688569399
0.00810021080929 -0.005547388848 0.0246113135307
0.00770457761061 -0.00546978743423 0.0245901174071
0.0073476554255 -0.00533449452346 0.024618551346
0.00702276264558 -0.00517373858977 0.0247082386179
0.00672924288165 -0.00498175347507 0.0248585742364
0.00647942874405 -0.00473102313021 0.0250550211089
0.00625950960141 -0.00445318158034 0.0253142392671
0.00605799399321 -0.00415499425095 0.025643725603
0.00590954459184 -0.00379409747623 0.0260136508058
-0.000667021546409 -0.0093712128649 0.0151256822488
-0.000235168333809 -0.00896084340457 0.0155746433772
0.000308133790229 -0.00850947325344 0.0161339137338
0.000970308202236 -0.00799174546396 0.0167999884821
0.00173726185376 -0.00744581731509 0.0176269873268
0.00260324091692 -0.00688903382481 0.0186352594854
0.00354504346263 -0.0063881909902 0.019872203341
0.00456423794199 -0.00593814366201 0.0213225901583
0.00568160352767 -0.00548043336043 0.0229453539599
0.00687106091268 -0.00508472041222 0.0247772370029
0.0062728422228 -0.00806443183972 0.0158450034764
0.00520964869506 -0.00797642222053 0.0164279645147
0.00426152009573 -0.0078392902672 0.0169605081683
0.00336570753465 -0.00779973847427 0.0175534630869
0.00254652098796 -0.0074021803095 0.0179350238785
0.00179262961403 -0.00687970342245 0.0182455290846
0.00114759892503 -0.00614096309086 0.0184017355365
0.000617648517692 -0.00523444958121 0.0184173373852
8.40993474029e-05 -0.00428519849083 0.0184614286741
-0.000475018732445 -0.00322124168647 0.0185368092889
-0.00209819172703 -0.0130816996771 0.00970177390014
-0.00296992118177 -0.0131212164665 0.0117853050146
-0.00408834854232 -0.0124534675887 0.0125035742828
-0.00532055060791 -0.0114263965389 0.0123495015938
-0.00656387750327 -0.00986853280101 0.0106728778845
-0.00252508243975 -0.013813302953 0.00992718509165
-0.00362596116397 -0.0138010232848 0.0115115384808
-0.00476717841921 -0.0131015936441 0.0120603824885
-0.00588039507022 -0.0121772447868 0.0121850263828
-0.00680628372352 -0.0107402972756 0.0111459575697
-0.00298472447614 -0.0144908724286 0.0098774342673
-0.0041834622628 -0.01436468896 0.0110176509504
-0.00537570729166 -0.0137066604285 0.0115396245944
-0.00648790436624 -0.0128132632206 0.0118677780729
-0.00742212004045 -0.0115381024282 0.0114692766225
-0.00316487335844 -0.015396078484 0.00946684517605
-0.00449637463355 -0.0151756045783 0.0105421401389
-0.00595604480237 -0.0144521560629 0.0112031722101
-0.00736758019055 -0.0133872613147 0.0118872425626
-0.00874779358582 -0.012053663778 0.011787348563
-0.00267509990817 -0.0166439974591 0.00923909416361
-0.00458510921678 -0.016283508869 0.0100279972734
-0.0064745299861 -0.0153874704068 0.0111818375154
-0.00846828288166 -0.0138941357431 0.0121772727544
-0.0106520053879 -0.0117787903862 0.0129356044648
0.0201143954796 -0.00687595856697 0.0110165880384
0.0187522745573 -0.00289248489748 0.0126786250982
0.0200715895979 -0.000382273389825 0.0148169961255
0.021258943479 0.000618739459518 0.017067357846
0.0220377531572 0.00136062947977 0.0194875822366
0.0230724844984 0.0010886358054 0.0220942691935
0.0240975500892 0.00107472716556 0.0249610108521
0.0248475077056 0.00119252324385 0.0280642392727
0.0249714104015 0.000612163789228 0.031311974784
0.0197056508167 -0.00708745011819 0.0114013286601
0.0178938553741 -0.00371968090649 0.012310212727
0.0172425484801 -0.000180669777129 0.0144793917336
0.0184064797413 0.000717341922789 0.0170759450712
0.0193338844414 0.00104868264993 0.0194947166899
0.0204079691167 0.000698431094637 0.0218819745255
0.0216122821419 6.47328480837e-05 0.02439285435
0.0227084600929 -0.000478208249295 0.0271969612372
0.0235303058741 -0.00116674114721 0.0302717667817
0.0173773904738 -0.00726581291888 0.0111283026991
0.0158845013849 -0.00391244349574 0.0117577835347
0.0148276671708 -0.000572765148055 0.014050736811
0.015895553142 6.06928928691e-05 0.0169591532241
0.0168249826563 0.000265667918342 0.0193947622305
0.0177673865674 7.10923394969e-05 0.0217098597527
0.0188523139522 -0.000572673995643 0.02403503328
0.0198919632089 -0.00140278452719 0.0265577294372
0.0205333239265 -0.00222864667427 0.0293974502219
0.0152036611077 -0.00743651507476 0.0104456743646
0.0140192760278 -0.00426121109717 0.0112607771387
0.0131891965891 -0.00172789886848 0.0137985793993
0.0140815301221 -0.00131972458711 0.0166911350386
0.0150247871551 -0.00126124982237 0.0189936224279
0.0157799889996 -0.00128804078548 0.0212239508878
0.0166750427174 -0.0017534659347 0.0234689044938
0.0174588387036 -0.00237748684353 0.025918480229
0.018075605538 -0.00308400683158 0.0285985159196
0.0133417228183 -0.00783108321666 0.0102170302236
0.0123966794382 -0.00494936944048 0.0111309986443
0.011836375803 -0.00315437848754 0.0136936890712
0.0125291686835 -0.00284918067369 0.0163455743858
0.0132402877409 -0.00266015332554 0.0185224775599
0.0138838706154 -0.00261981764796 0.0206553131462
0.014813599605 -0.00315327597288 0.022747051807
0.0154131363754 -0.00354558697778 0.0251465390547
0.0160052581491 -0.00398797005156 0.0277406996698
0.0114814417094 -0.00850610992893 0.0104034137168
0.0109385936514 -0.00622711632674 0.011573628827
0.0106973804717 -0.00499434025673 0.0137781570676
0.0112075127769 -0.00464523773849 0.0159895045794
0.0117267257197 -0.00432143896111 0.0179642901737
0.0122663646002 -0.00419448317265 0.0199740044007
0.0129891099116 -0.00450511842204 0.0220401792003
0.0134470752534 -0.00462222247558 0.0243857726228
0.0140463659322 -0.00480272386169 0.0268952335659
0.00947800949653 -0.0096337665707 0.0109659101727
0.00937561252636 -0.00814791037895 0.0122967302941
0.00942778948065 -0.0071096982584 0.0139108840286
0.00977689165813 -0.00652059260081 0.015660612427
0.0102034732183 -0.00607895535717 0.0174449936226
0.0106044879795 -0.00574328986804 0.0193503021303
0.0110066795705 -0.00553399306487 0.0214277170716
0.0114526103644 -0.00537749439347 0.0236966760645
0.0121330968454 -0.00541498082781 0.0261145757639
0.00732756699145 -0.0110744926186 0.0113824654845
0.00748355160022 -0.00980330513809 0.0124215124537
0.00763429331056 -0.00869462880127 0.0136650879552
0.00784556919781 -0.00782245621845 0.0151395189221
0.00815607650636 -0.00716185857298 0.0168212076107
0.00847409355341 -0.00651074299723 0.0186621382191
0.00890658958745 -0.00600887738243 0.020707851458
0.00952916344014 -0.00580039886924 0.0229645974548
0.0102694396695 -0.00565771245555 0.0254057305247
0.00551415474503 -0.0112234866725 0.0113177370935
0.00553982756961 -0.0107981784251 0.012148222278
0.00574747189583 -0.00991896280017 0.0131684372126
0.00598169100483 -0.00896013787908 0.0143810216581
0.00627284205911 -0.00806443256895 0.0158450033855
0.0066289247067 -0.00713373624328 0.0175377737861
0.00714621976211 -0.00640272365021 0.0195877559283
0.00781531608935 -0.00600187300581 0.0220272196719
0.00853036840848 -0.00558131670702 0.024688569399
-0.00482079025862 0.0111561789501 0.0207347118645
0.000101384269431 0.0108192068121 0.0200663809788
0.00404443550572 0.0115339245097 0.0221542582906
0.00584355746977 0.0117241951123 0.0246101754333
0.00706426212878 0.0115990749857 0.0268410074503
0.00744382828767 0.0114552723339 0.0293374072935
0.00852606973485 0.0115286838359 0.0319956188965
0.00990035913089 0.0114772975166 0.034755363948
0.0107299123787 0.0104853574115 0.0371594109654
-0.00421356358105 0.0100163031066 0.0205856227327
-0.000193761388446 0.00942089508957 0.0192872223841
0.0042813920549 0.00929268175246 0.0204854682323
0.00611658319611 0.00928959585252 0.0232201294954
0.00711753370747 0.00919108998343 0.0255458822329
0.00754185511172 0.00915819220856 0.0278633989578
0.00778429293195 0.0092651682608 0.0303490417765
0.00828268876883 0.00937193588524 0.0330019416835
0.0089253913126 0.00904734478596 0.0355877584111
-0.00389681349166 0.00838791700489 0.0195115466071
-0.000330871513392 0.007884274381 0.0182403370258
0.00385686886281 0.00720942306055 0.0192026705153
0.00529113075692 0.00703988467728 0.0222259642816
0.00629795552616 0.00693107923172 0.0244581939711
0.0070298852435 0.00686096002155 0.0265448008178
0.00742527179571 0.00685831276642 0.0287330957459
0.00769751533419 0.00682912714024 0.0310442337532
0.00811559022656 0.00644126533633 0.0332744233122
-0.00381055793353 0.00677794756571 0.0184258618495
-0.000542624587341 0.00633993382481 0.017263779338
0.00295217313456 0.00538619021846 0.0185095941459
0.00420752341861 0.00507936405999 0.0214203319445
0.0051972600414 0.00493999839156 0.0234923984922
0.00596973044513 0.00484865529023 0.0254143139261
0.00640854124605 0.00482461107507 0.0274240336889
0.0069229618018 0.00467101616094 0.02945237216
0.0073791856762 0.00441033318877 0.0315063265973
-0.00387416415642 0.00512013281573 0.0175621722828
-0.0008948823245 0.00475888283727 0.0166742532581
0.00191245104659 0.00371255529455 0.0181014352353
0.00310039000671 0.00328642704519 0.020653915243
0.00410022429056 0.00309727368272 0.022543565026
0.00485560265362 0.00299672001804 0.0243531515369
0.0052116671236 0.00300276158159 0.0262844426803
0.00586512750286 0.00282566675775 0.0281458698916
0.00649472401288 0.00266771036655 0.0300885815065
-0.00407524064468 0.00327627395959 0.0170170083976
-0.00147585394213 0.00300298978021 0.016621905439
0.000566887250359 0.0020874506524 0.0181350003057
0.0016891630077 0.00166493928041 0.0201505131299
0.00270353326224 0.0014626225116 0.0218040351102
0.00352666912598 0.00133254250906 0.0234692874737
0.00419169852026 0.00121523012102 0.0252136846214
0.0049395587634 0.00104539782676 0.0269900487644
0.0056526575832 0.000954156382007 0.0289001736144
-0.0045464435707 0.00098132303375 0.0169101494769
-0.00266512964082 0.00071252709752 0.0173956908748
-0.000965453399287 0.000322165257108 0.0182388463507
0.000260256459777 8.45526876352e-06 0.01963423222
0.00140387046665 -0.00019355703603 0.0210338486994
0.00248083355019 -0.000378111903937 0.0225126750777
0.00349828929865 -0.000561750007806 0.0241136756229
0.00440042516006 -0.000713968972137 0.0258970599643
0.00519182117525 -0.000803418940106 0.0278731567916
-0.00548270938078 -0.00158807442775 0.0167335579996
-0.004002194515 -0.00157799287026 0.0172994414608
-0.00240558910519 -0.00156212388838 0.0178661101439
-0.000803170177023 -0.00167222424146 0.0185980775122
0.00053020428085 -0.00185424565347 0.0198164693453
0.00190442153986 -0.00202176630258 0.0211702027591
0.00318384528751 -0.00216871737069 0.0228068045833
0.00423307654909 -0.00232072597003 0.0247998909371
0.00537348279244 -0.00244276668292 0.026910096967
-0.00572961310954 -0.00298021423034 0.0158486611639
-0.00485499207945 -0.00328442641416 0.0163065400606
-0.00350399441228 -0.00322583465098 0.016850829566
-0.00203982025214 -0.003203906777 0.0175877676299
-0.000475019264307 -0.00322124221497 0.0185368085727
0.00114081799751 -0.00327637491825 0.0197960747712
0.00271420614246 -0.00339301347383 0.0215140732056
0.0042054726206 -0.00362110530285 0.0236974586053
0.00590954459184 -0.00379409747623 0.0260136508058
0.0141841610622 0.0065476013376 0.0110288490769
0.011783375922 0.00645113614381 0.0112146200463
0.0100344288032 0.00725034077375 0.0117791116879
0.00882077399806 0.00870760627533 0.0127570666171
0.00838902664905 0.0110425167667 0.0140452532597
0.0164968130543 0.00545969349013 0.0169631025726
0.0140260883966 0.00533186893503 0.0170674577019
0.0121727842276 0.00665480358542 0.0175995670272
0.0103934972216 0.00793539609521 0.0186266442216
0.00979780350251 0.0102130710398 0.0198355011236
0.0182460305971 0.00435414666637 0.0223403361953
0.0157363937685 0.00434413101083 0.0223716607147
0.0137915774788 0.00576893019552 0.0229241735437
0.0116013709433 0.00686251349184 0.0239541405724
0.0110511458228 0.00915155741602 0.0251843573696
0.0195055928585 0.00314912055592 0.0272070284531
0.0168462851178 0.00312214415683 0.0270520201971
0.0149929792589 0.00475184072451 0.0277002036707
0.0127970191312 0.00567621037233 0.0286516210412
0.0120804319638 0.0078479653999 0.0301710797949
0.0197961556565 0.00273051437391 0.0317384589929
0.0175060630138 0.00275960134022 0.0314693545944
0.0158035114644 0.00363688384749 0.0319634267789
0.0146296291926 0.0047644179027 0.0329226749732
0.0139142032814 0.00628629861878 0.03442974437
0.00902143369044 0.0130325837204 -0.0102904032715
0.00850249509156 0.0140459947315 -0.00917710874819
0.00723433595632 0.0147705886743 -0.00873588957977
0.00606029912919 0.0157874946482 -0.00841611251544
0.0044802885703 0.0165633876543 -0.00855175285002
0.00868816272347 0.0116379865088 -0.00850120211675
0.00784955140554 0.0126016848622 -0.00778255280665
0.00725035696131 0.0139511306097 -0.00690788193703
0.00552857518829 0.0140980170418 -0.0069173732329
0.00436218941251 0.0149940609528 -0.00655548119989
0.00891039004219 0.0109203987751 -0.00637546793764
0.00791813651691 0.0117948944322 -0.00580701639256
0.00686071025214 0.0125742263421 -0.00532782819933
0.00559576313748 0.0131686324265 -0.00502374650237
0.00469094356034 0.0140734653195 -0.00448185211157
0.00887407600324 0.010159051557 -0.00450181938007
0.00764370427262 0.0105502622871 -0.00399863158198
0.0063919174905 0.0110251010448 -0.0037899495854
0.00553257404159 0.0119505918932 -0.00313396717322
0.00476671441509 0.0128849758884 -0.0027086040323
0.00835211372468 0.00838211146954 -0.00305093731325
0.00704013338275 0.00873185775529 -0.00259959399236
0.00589274754062 0.00935036515764 -0.00211970829589
0.00483581035089 0.010162375537 -0.00174617141266
0.00399323922147 0.0112564952838 -0.00130243271107
0.00962034877722 0.00505566209588 -0.0286838844952
0.00261310131535 0.00832052392858 -0.0291818317968
-0.00376165289579 0.0110693715253 -0.0299550896264
-0.00737535577406 0.0151701966162 -0.0250826628479
-0.0112661766446 0.0199886579432 -0.0196607333676
0.0103524589427 0.00763621038498 -0.0262153098603
0.00328615893369 0.00998859130861 -0.0283280398213
-0.0021410346935 0.0129158199392 -0.0276836931539
-0.0058664614956 0.0162996392329 -0.0242433807341
-0.0078989506716 0.020409438195 -0.0183257042555
0.0106833943534 0.010162526921 -0.023663967415
0.00453522206259 0.0123240199021 -0.0255836898647
-0.000107357028879 0.0146975769072 -0.0250703071972
-0.00312495086516 0.0175545565022 -0.0223032350435
-0.00456954515942 0.0207688001739 -0.0172007142131
0.0103769918627 0.012474186877 -0.0202395952357
0.00564199172845 0.0140049369951 -0.0219383783065
0.00221111028058 0.0159696215938 -0.0217430060575
-0.000104236947337 0.0179111243776 -0.0194504720069
-0.00102385029479 0.0204011735026 -0.0153807183834
0.0095166505668 0.0146379080518 -0.0162121104424
0.00717792759863 0.0163301491745 -0.0180075010954
0.00517310171048 0.0175176541268 -0.0180479559852
0.00382339172394 0.0188527064802 -0.0165380282712
0.00259765615109 0.0194117756771 -0.0130840926181
0.0162762308514 -2.09404495583e-06 -0.0207217823711
0.0150119668646 -0.00054803600287 -0.0198705195749
0.0138533397355 -0.001377542112 -0.019194083931
0.0129342136098 -0.00256874963909 -0.0187042486738
0.0121588439061 -0.00380835541891 -0.0182151518761
0.011462058761 -0.00496408720008 -0.0176553608088
0.0108199469453 -0.00600706072237 -0.0170116824226
0.0102239369559 -0.00693580896692 -0.0162851746537
0.00968195329984 -0.00776719340704 -0.015482994444
0.00918140152678 -0.00849178610146 -0.0146030515185
0.00873109612457 -0.00912327250404 -0.0136497643911
0.00833549767932 -0.0096681190982 -0.0126237154418
0.00790214119995 -0.0100445063978 -0.0115198149958
0.00743354499055 -0.0102659108823 -0.0103548416986
0.00707636081599 -0.0104618823048 -0.00913097605311
0.00683623883658 -0.0106306035701 -0.00783336052862
0.00662573616549 -0.0106991797971 -0.00646680470058
0.00621994493764 -0.0104999686072 -0.00510516489711
0.00578499051343 -0.0101688869583 -0.00374035445916
0.0158699383902 0.000508958467352 -0.0219393052229
0.0145165986531 -7.38541473406e-05 -0.020879923993
0.0133204553065 -0.00106469302106 -0.0201262573796
0.0123797804739 -0.0024561068274 -0.0196188651492
0.011569063962 -0.00385692928335 -0.0191040809439
0.0108399803876 -0.00516192914994 -0.0185203905023
0.0101500118116 -0.00631050467902 -0.0178417614666
0.0095066435416 -0.00732953678116 -0.017085457232
0.00892139812196 -0.00824314915252 -0.0162634280952
0.00837061003737 -0.00902487980615 -0.0153690134824
0.00784930762541 -0.00967558320449 -0.0144072110913
0.00735482084905 -0.0101978922714 -0.013383639902
0.00688567966013 -0.010594730624 -0.012303906975
0.00646347379275 -0.0108926705928 -0.01117505928
0.006139365063 -0.0111450276444 -0.00999808187623
0.00592983280373 -0.0113641789482 -0.00876232888042
0.00578846828037 -0.0115003736031 -0.00746084179474
0.00560443871898 -0.0114475173884 -0.00611271692474
0.00534426448701 -0.0111806061297 -0.00474797788884
0.0154255040722 0.000865419725782 -0.0231966496907
0.0139596827138 0.00040884803659 -0.0218093641248
0.0127492889772 -0.000774016893089 -0.0210154798873
0.0117837089346 -0.00234480608949 -0.0204953175014
0.0109388235943 -0.00389645496948 -0.0199605252316
0.0101745940611 -0.0053358985955 -0.0193544811251
0.00944419297949 -0.00658600073502 -0.0186442482057
0.00875112793282 -0.00767273235552 -0.0178523137273
0.00812029990835 -0.00864821691889 -0.0170058857512
0.00751187040298 -0.00945435745613 -0.0160873842558
0.00690859908623 -0.0100755595926 -0.0151012640852
0.00635189737428 -0.0105798160337 -0.014074395343
0.00586723202449 -0.0110029764073 -0.0130155492283
0.00546677864528 -0.0113588425521 -0.0119237718614
0.0051640925452 -0.0116618583599 -0.0107952708017
0.00497054985792 -0.0119228009007 -0.00962274106642
0.00486335047742 -0.0121102685413 -0.00839643778674
0.00481079903828 -0.0121852155957 -0.00711312301665
0.00472258168607 -0.0120420630233 -0.00578708189905
0.0148662022629 0.00132602645024 -0.024323629351
0.0133606263698 0.000830123698751 -0.0227134400222
0.0121466487321 -0.000549458753514 -0.0219006755389
0.0111431991753 -0.00224836923508 -0.021348111777
0.0102643312471 -0.00393950724937 -0.0207969485734
0.00946214753983 -0.00549630380036 -0.0201671298256
0.00868821892959 -0.00682524961714 -0.0194192791874
0.00794877458687 -0.00796272264255 -0.0185872199639
0.00726743302692 -0.0089684169845 -0.0177062126839
0.00658738126944 -0.00974042611934 -0.0167428938798
0.00593475366106 -0.0103398761958 -0.0157318582484
0.00534870642083 -0.0108402892828 -0.0147008136291
0.00485149833543 -0.011277327264 -0.0136567833982
0.00444903332803 -0.0116563680475 -0.0125953444794
0.0041580475928 -0.01200035109 -0.0115141555441
0.00397751410259 -0.0123031126176 -0.0104036809339
0.0039025194017 -0.0125538470201 -0.00925469296404
0.00391203133408 -0.012718704632 -0.00805827904272
0.00395030266121 -0.0127143061157 -0.00681061475826
0.0141868905811 0.00194700575992 -0.0252484011131
0.0126982535589 0.00123753804499 -0.0235695653515
0.0114817767905 -0.000333169454033 -0.0227548574945
0.0104492188755 -0.00217004625974 -0.0221874795372
0.00953550831728 -0.0039888733164 -0.0216219601249
0.00869808257148 -0.0056586355432 -0.0209724895059
0.00787746402441 -0.00703524204553 -0.0201739947987
0.0070902643014 -0.00819051795218 -0.0192883808374
0.00635562107328 -0.00918522263292 -0.0183565586225
0.00563755767943 -0.00994133497145 -0.0173535080051
0.00495819618946 -0.0105199586377 -0.0163144657716
0.00435280424303 -0.0110018448444 -0.0152707585628
0.00384323646615 -0.0114304316475 -0.0142317154958
0.00344418489242 -0.0118308434537 -0.0131968092722
0.00315817994469 -0.0122023902983 -0.0121572955523
0.00298250746744 -0.0125350344946 -0.0111033561774
0.00292149745411 -0.0128341336115 -0.0100292301367
0.0029617171411 -0.0130710855571 -0.00892424174562
0.00306581959248 -0.013173588949 -0.00777645778004
0.0134187318851 0.00263448411137 -0.0260255090129
0.0119647273322 0.00164826195057 -0.0243696324683
0.0107497506999 -0.000131648697108 -0.0235903772707
0.00969232750291 -0.0021157556122 -0.0230268823557
0.00873393563615 -0.0040193701725 -0.0224267445592
0.00785630867807 -0.00577887698619 -0.0217515755037
0.00699770614186 -0.00719854658045 -0.0209034032512
0.00617430670708 -0.0083625331984 -0.0199609028505
0.00539992486749 -0.00932924415322 -0.0189696361726
0.004661764196 -0.0100675019934 -0.0179247958736
0.00397659056327 -0.0106337868711 -0.0168585084651
0.0033668645202 -0.0110934251629 -0.015796870827
0.00285806846393 -0.0115138181245 -0.0147582895985
0.00246092984732 -0.0119176486678 -0.0137409728685
0.00217624043957 -0.0123007189405 -0.0127348363681
0.00200505908863 -0.0126609314379 -0.0117320866126
0.0019461423556 -0.0129913601087 -0.0107251486702
0.00199093458762 -0.0132676330326 -0.0097043703061
0.00212985475148 -0.0134645741768 -0.00866252293556
0.012585310801 0.00327084570144 -0.0267654120364
0.0111557112972 0.00207339830972 -0.0251069871866
0.00993683182964 8.59257222603e-05 -0.0243899051939
0.00885325305297 -0.00205235525346 -0.0238517761395
0.00785159271157 -0.00402773105962 -0.0232147827997
0.00692164351523 -0.00580665567516 -0.0224756978123
0.0060348411152 -0.00727589967214 -0.0215880372005
0.00519072086944 -0.00845817549793 -0.0205966149895
0.00439322198814 -0.00938675359847 -0.019540296904
0.00365252960705 -0.0101132270128 -0.0184561153093
0.00297695499833 -0.0106745168686 -0.0173646550556
0.00238017944763 -0.0111242172529 -0.0162870716097
0.00188184245028 -0.0115339933238 -0.0152447859037
0.00148976515355 -0.0119267375256 -0.0142365358742
0.00120900569896 -0.0123147483671 -0.0132576095868
0.00103885353343 -0.0126898527034 -0.0122982833983
0.000978793495604 -0.0130459434262 -0.0113519081578
0.00102323580885 -0.0133601242688 -0.0104093842747
0.00116661743774 -0.0136112282226 -0.00946463978868
0.0116721378854 0.0039416631749 -0.0273840137149
0.0102684009468 0.0025266010944 -0.0257693376603
0.00904045680636 0.000303350528481 -0.0251734580853
0.00792166870372 -0.00196473508273 -0.0246575184455
0.00687752836799 -0.00399225118775 -0.0239764097387
0.00590629445427 -0.00579221909807 -0.0231778991582
0.004995589178 -0.00729615842094 -0.0222460856852
0.00413432280442 -0.00845066969154 -0.0211816438914
0.0033346739017 -0.00935561350354 -0.0200679291545
0.00260561212607 -0.0100758065001 -0.0189474716879
0.00194975415599 -0.0106292292855 -0.0178295070426
0.00137648781815 -0.0110725862245 -0.0167365785664
0.000897665533109 -0.0114723762842 -0.015688967031
0.000518942054023 -0.0118548836434 -0.0146870910465
0.000245782753714 -0.0122443856652 -0.0137309703335
7.69779792669e-05 -0.0126272086292 -0.0128087880514
1.31123863981e-05 -0.0130010528614 -0.0119158645612
5.21241630172e-05 -0.013349933619 -0.0110456094572
0.000187028832795 -0.0136327675474 -0.0101861938414
0.0106867975424 0.00457893002898 -0.0279595814472
0.00930429475936 0.00298945001654 -0.0263763130997
0.00805132877275 0.000529148012326 -0.0259423572632
0.00688969376694 -0.00184520190049 -0.0254446184152
0.00580683715411 -0.00392104120024 -0.0247234069445
0.0048035701417 -0.00574795664486 -0.02387297362
0.00387202670924 -0.00722530656903 -0.0228591620853
0.003008871636 -0.00833298464372 -0.0217108089967
0.00222344106809 -0.00923017297451 -0.0205498860189
0.001518457307 -0.00996024145948 -0.0194025819845
0.000892605116396 -0.0105073931929 -0.0182586321458
0.000351048849028 -0.0109410703415 -0.0171482082644
-0.000100946090364 -0.0113242377453 -0.0160910995536
-0.000458532748779 -0.0117079770959 -0.0150982630264
-0.000719277277162 -0.0121099007464 -0.0141667019393
-0.000884583469381 -0.0125017696546 -0.0132785995305
-0.000954129255529 -0.0128773061875 -0.0124287630027
-0.000926829090857 -0.0132385787863 -0.0116179488125
-0.000805270726172 -0.0135478272077 -0.0108350568816
0.00962034877722 0.00505566209588 -0.0286838844952
0.0082599418086 0.00343868858901 -0.0269605308282
0.00696018634348 0.000777721918911 -0.0266916776079
0.00574948642372 -0.00167312152588 -0.0262015833744
0.00463004861895 -0.00380854534453 -0.0254595383982
0.00360175787893 -0.00561977617113 -0.0245281978226
0.00266509489708 -0.00705487718029 -0.0234223344547
0.00181918558852 -0.00811955574394 -0.0221919534035
0.00105987834952 -0.00901863200793 -0.0209912033048
0.000386782783803 -0.00976373763622 -0.0198216672744
-0.000199760117504 -0.0103120893994 -0.0186555046933
-0.000701015719764 -0.0107387094379 -0.0175280049145
-0.00111775183239 -0.0111168145917 -0.0164650576247
-0.00145006675406 -0.0115085628514 -0.0154829932686
-0.00169717988315 -0.011921599896 -0.014574069208
-0.00185796167458 -0.0123203429206 -0.0137165072508
-0.00193146525684 -0.0126869004319 -0.0129007761737
-0.00191665909831 -0.0130431545022 -0.0121366455293
-0.00181230063117 -0.0133694938194 -0.0114197555655
0.0085551429839 0.00660545527434 -0.0277228934244
0.00712394695577 0.00385416023852 -0.0275619389345
0.00576105913466 0.00108200311801 -0.0273932168456
0.0044975210888 -0.00142154135454 -0.026907277294
0.00334324128012 -0.00358160217201 -0.0261274675526
0.0023045274295 -0.00535160572355 -0.0251001281707
0.00137914163249 -0.00675788654797 -0.0239157677996
0.000566205294424 -0.00780773930484 -0.0226236447673
-0.000157071795509 -0.00870980668477 -0.0213860966164
-0.000790188438692 -0.00945531606594 -0.020188229149
-0.00133104710262 -0.010019996396 -0.0190096006914
-0.00178608905241 -0.0104611167893 -0.0178761714048
-0.00216233036598 -0.0108452965421 -0.0168121593806
-0.00246692778712 -0.0112469509396 -0.0158413672687
-0.0027002214756 -0.0116789531343 -0.0149578237633
-0.00285525966976 -0.0120806291068 -0.0141268761248
-0.00292989356232 -0.0124400259078 -0.0133415582864
-0.0029240410235 -0.0127701917617 -0.012608789367
-0.0028374855297 -0.0130883947201 -0.0119399995078
0.00744117157566 0.00745771141025 -0.027590735072
0.0058809948378 0.00425199409378 -0.0281819341369
0.00445991611838 0.00149214509811 -0.0279872516894
0.00314236860279 -0.0010377953479 -0.0275053583626
0.00196607788377 -0.00316632530347 -0.026651400132
0.000931248256716 -0.0049046930146 -0.0255480687038
2.87243050479e-05 -0.00630224364751 -0.0243099554878
-0.000744313957474 -0.00737223455981 -0.0229874446105
-0.00142610624697 -0.00829794191707 -0.0217309417904
-0.00201212890126 -0.00905395637504 -0.0205126775311
-0.00250266056979 -0.00963816891199 -0.0193251275846
-0.00291076301708 -0.0101121944362 -0.0181970511078
-0.00324453903282 -0.010515421723 -0.0171386245004
-0.00352059003496 -0.0109341171385 -0.0161823781952
-0.00373847569629 -0.011372410509 -0.0153176894522
-0.00388592248839 -0.0117735286353 -0.0145096840647
-0.00395879081094 -0.0121224310682 -0.0137494194408
-0.00395873592792 -0.0124371005472 -0.0130463575736
-0.00388649658672 -0.0127345364387 -0.012412002432
0.00618910813207 0.00790679948771 -0.0280498770974
0.00452429678555 0.00467850342288 -0.0287731285357
0.00305795691017 0.00197861454928 -0.0285037129753
0.00169660677119 -0.000523975125964 -0.0279871522939
0.000515544248749 -0.00259947896621 -0.0270504535671
-0.000500870038999 -0.00430512979343 -0.0258814258652
-0.00137198416261 -0.00570344166836 -0.0246080029871
-0.00210219765831 -0.00680638610472 -0.0232742439698
-0.00274098027019 -0.00776757162112 -0.0220140014931
-0.00327976971665 -0.00855707533822 -0.0207940621315
-0.0037200350603 -0.00917658830151 -0.0196094343453
-0.00408064099307 -0.00968467124808 -0.0184893013662
-0.00437588484613 -0.0101276551583 -0.0174488304272
-0.00462355885318 -0.0105669887405 -0.0165090143616
-0.00482255119015 -0.0110045487594 -0.0156583390223
-0.00495590610223 -0.011388451449 -0.0148626021768
-0.00502479571004 -0.0117289225611 -0.0141247335398
-0.0050306652552 -0.012039659407 -0.013451638271
-0.00497189565128 -0.0123261403359 -0.0128488026277
0.00482805641728 0.00835646610811 -0.0284922295215
0.00305428379035 0.00516187376576 -0.0292996024434
0.00156843646263 0.00256752191349 -0.0289002056573
0.000165835454663 9.68676664006e-05 -0.0283698310516
-0.00100594481187 -0.00192586236321 -0.0273611831199
-0.00199252683249 -0.00360435589192 -0.0261402982131
-0.0028162284034 -0.00498668124572 -0.0248234841424
-0.00350629391776 -0.00613513835206 -0.0234994368151
-0.00409629915833 -0.00712234580952 -0.022234938721
-0.00458387276542 -0.00794046841732 -0.0210152062703
-0.00498564386047 -0.00862541359289 -0.0198586540771
-0.00530914371114 -0.00919343021388 -0.0187653226572
-0.00556789734433 -0.00967627173308 -0.0177442988913
-0.00578139613838 -0.0101227279766 -0.0168129735959
-0.00594664440284 -0.01053007783 -0.0159583482877
-0.00605808468456 -0.0108899442857 -0.0151684782274
-0.00611858963046 -0.0112163127592 -0.0144468786128
-0.00613589165271 -0.0115390458081 -0.0138076214189
-0.0060978293711 -0.0118383610826 -0.0132416827518
0.00339254692497 0.0088881921734 -0.028744560166
0.00146465559092 0.005699060899 -0.0297720445537
6.81296841072e-06 0.00325978619041 -0.0291585450512
-0.00140761306476 0.000876364992921 -0.0285655071035
-0.00257625530588 -0.00112453367095 -0.0275485060053
-0.00352706434153 -0.00278516144167 -0.0263000748074
-0.00430144242462 -0.00416890791125 -0.024966374907
-0.00494838217263 -0.00535288460547 -0.0236549520979
-0.00549105783621 -0.0063731231429 -0.0223995915536
-0.00593395829571 -0.00723510756677 -0.0211972975202
-0.00629739620946 -0.00797219491441 -0.0200657474825
-0.00658683655811 -0.00859346749554 -0.0189999692495
-0.00681444066546 -0.00912094564131 -0.0180042992646
-0.00699058597838 -0.00957533840301 -0.01708136795
-0.00711869463508 -0.0099664431798 -0.0162275007023
-0.00721073979852 -0.0103222600879 -0.0154513187839
-0.00726491693472 -0.0106471708895 -0.0147490662551
-0.00728633119843 -0.0109615938046 -0.0141286096997
-0.00726949579004 -0.0112676714295 -0.0135904030265
0.00187012196573 0.00944901065882 -0.0289005659761
-0.000163802312505 0.00639645313017 -0.029952990928
-0.00163368512381 0.00401921540479 -0.0293245781555
-0.00301900021339 0.00176119574525 -0.028619509019
-0.00416524910895 -0.000191459265458 -0.0275841317309
-0.00509816769219 -0.00186370910281 -0.0263682024256
-0.00582925281342 -0.00326343473969 -0.0250466230267
-0.00643254551562 -0.00447774133512 -0.0237543691015
-0.00692037595495 -0.00551943438645 -0.022505129911
-0.00731534813393 -0.00641550413479 -0.0213197883611
-0.00764127970737 -0.00719651131851 -0.0202145177742
-0.00790665386486 -0.00787449286041 -0.0191856555804
-0.0081106641405 -0.00844963954028 -0.0182215280586
-0.00825364635909 -0.008923948526 -0.0173144120006
-0.00835459643319 -0.00932743540677 -0.016476236298
-0.00843015765659 -0.00969031201477 -0.0157172578233
-0.00847743383403 -0.0100165202125 -0.0150320154734
-0.00849271762817 -0.0103102361459 -0.014417890727
-0.00848979979516 -0.0106071116872 -0.0138920730797
0.000215428271773 0.00999674156408 -0.0290910070314
-0.00186759042876 0.0071502821416 -0.0300167189548
-0.00334214537552 0.00484902002695 -0.0293827543048
-0.00466758857296 0.00271980925414 -0.0285602857393
-0.0057661619819 0.000835952543137 -0.0274927716592
-0.00670420719054 -0.000855883747481 -0.0263549390362
-0.00742344662811 -0.00229681797225 -0.0250977014766
-0.00797724628258 -0.00353007680351 -0.0238211405536
-0.00839845605493 -0.00458258059291 -0.0225711909543
-0.00874432796792 -0.00550831835352 -0.0214047012784
-0.00903326417951 -0.00632632948557 -0.0203260145309
-0.00926535525385 -0.00703811591071 -0.0193219494602
-0.00944496627967 -0.00765004638822 -0.0183861492546
-0.00956205623257 -0.00815302546572 -0.0175021984136
-0.0096404427212 -0.00857637365331 -0.0166839537246
-0.00971157197156 -0.00896281120344 -0.0159506528732
-0.0097682070934 -0.00931339517344 -0.0152925109199
-0.00979122679774 -0.00961467965751 -0.0146943691403
-0.00978950209961 -0.00988994946011 -0.0141655987667
-0.0018331040586 0.0104158356106 -0.0298852828546
-0.0035467066889 0.00800846046721 -0.0297742199469
-0.00490421647767 0.00586944673173 -0.0289670998182
-0.00627277147075 0.00378500451693 -0.0282790874979
-0.00740459558407 0.00191143841871 -0.0273334004313
-0.0082940539918 0.000261766743003 -0.0262039514811
-0.00901327567522 -0.0012049124508 -0.0250292319046
-0.00954887746916 -0.00247380259851 -0.0238130630969
-0.00992930617855 -0.00355946303117 -0.0225982775325
-0.0102488344309 -0.00452890272427 -0.0214739894266
-0.0104994605323 -0.00537685879719 -0.0204195441427
-0.0106757352752 -0.00609927478628 -0.0194211192444
-0.0108099264519 -0.00672342679808 -0.018496069329
-0.0108994963823 -0.0072499189702 -0.0176336907508
-0.0109673069307 -0.00770272869485 -0.016843113514
-0.0110265085691 -0.00810065417537 -0.0161266000233
-0.0110766956121 -0.00845253226909 -0.0154789843769
-0.011116733658 -0.0087685435275 -0.014897152979
-0.0111334924798 -0.00904833239193 -0.0143730660813
-0.00376165215568 0.0110693710743 -0.0299550873412
-0.00520372368943 0.00890357459351 -0.0293132932618
-0.0063929665715 0.00691546577833 -0.0283336250777
-0.00760644479723 0.00499642734806 -0.0275161590412
-0.00869716827306 0.003206549108 -0.0266357671729
-0.00961819613465 0.00157055441741 -0.025663543873
-0.0103272991006 0.000114599403244 -0.0245866666996
-0.0108737082968 -0.00117901416351 -0.0234827108401
-0.011288517293 -0.00232200309138 -0.0223903825062
-0.0115997872966 -0.00332670073374 -0.0213348122262
-0.0118468936244 -0.00421438039565 -0.0203425084578
-0.0120056272 -0.00497079063979 -0.0193887846363
-0.0121241920155 -0.00562570780242 -0.0185019766662
-0.0122358880524 -0.00620442450136 -0.0176948186705
-0.0123143050778 -0.00669468947663 -0.016942526535
-0.0123685906725 -0.0071081600086 -0.0162452968318
-0.0124161335141 -0.00746550209472 -0.0156081600321
-0.0124594032902 -0.00777973132573 -0.0150283888771
-0.0124898358256 -0.00805735851674 -0.0144991818673
-0.0134059852612 0.020625792828 -0.00938747167214
-0.0132756023868 0.0188344602299 -0.00916474260306
-0.0132731125543 0.0171888741804 -0.00885592674419
-0.013644767692 0.0157715236046 -0.00838370303201
-0.0142017524211 0.014509959869 -0.00779885795467
-0.0147475177216 0.0133336713207 -0.00715723505425
-0.0151876879556 0.0122102825045 -0.00648715195423
-0.015438991162 0.0111114746957 -0.0058222343353
-0.0155588305709 0.0100579066673 -0.00514430862102
-0.0155741152874 0.0090592357983 -0.00444441440951
-0.0155124219902 0.00812544070393 -0.00370940995335
-0.0153785274668 0.0072585734552 -0.00293457972024
-0.0151261249083 0.00644156818991 -0.00215075195097
-0.014772389148 0.0056801340815 -0.00135360690475
-0.0143144791622 0.00497219416235 -0.000554385178945
-0.0138585216433 0.00436109136183 0.000353305970825
-0.013334340952 0.0038206566029 0.00131963792379
-0.0126698515572 0.00331786634996 0.00224212915683
-0.0117831374052 0.00280159259572 0.00289641569224
-0.0136555123725 0.0210421809499 -0.0104930742862
-0.0132646703813 0.0190167602724 -0.010197645968
-0.0133001110458 0.0172557219379 -0.00981549284022
-0.0137690999524 0.0157408406404 -0.00932138860064
-0.0144245134311 0.0143812676076 -0.0087414122069
-0.0150794923161 0.0131157114288 -0.00810347616357
-0.0156285897007 0.0119130048294 -0.00742904372081
-0.0159561503677 0.0107410674657 -0.00675541203393
-0.0161230880129 0.00961994229316 -0.00607322025876
-0.0161853641253 0.00856679615617 -0.00536800946299
-0.016158194595 0.00758638315867 -0.00463536096917
-0.0160470488288 0.00668050716805 -0.00387322178903
-0.0158158176098 0.00583874079117 -0.00310305556449
-0.0154699005337 0.00506231618448 -0.00233004037687
-0.0150795874443 0.00437196069 -0.00151043391744
-0.0146678316406 0.00377561892148 -0.00061419489414
-0.0142254912642 0.00327248358992 0.00037307072048
-0.0136688854235 0.0028368044162 0.00138097465924
-0.0128934870498 0.00242921846724 0.00224967271945
-0.0139702747301 0.0213897015493 -0.0116631604077
-0.0131979304497 0.0191202479288 -0.0112050891302
-0.013283417767 0.0172626456642 -0.0107456839446
-0.0138844336293 0.0156698436813 -0.0102336649916
-0.0146314642601 0.0142185642037 -0.00966320388988
-0.0153798308675 0.012865558829 -0.00903638867446
-0.0160264474736 0.0115850698423 -0.00836468969407
-0.0164227648495 0.010344034099 -0.00768407119724
-0.0166146689766 0.0091577749967 -0.00699945125809
-0.0166793844281 0.00804641106622 -0.00630033940956
-0.0166631847646 0.00702107036897 -0.0055756651318
-0.0165315500948 0.00607413795829 -0.00483984453335
-0.0163111547858 0.00521166969321 -0.00408603587231
-0.0160274437937 0.00443923027269 -0.00330262009473
-0.0156939433115 0.00375986375165 -0.00247839473658
-0.015332579909 0.00317895936291 -0.00159074891353
-0.0149493190163 0.00269912336802 -0.000618514260191
-0.0144925306148 0.00230987276905 0.000415507908002
-0.0138398382864 0.00198099646441 0.00139339566947
-0.013908956775 0.0215238641764 -0.0128904067142
-0.0129923621182 0.0191203677895 -0.0121874147253
-0.0132533231776 0.0172143644904 -0.0116603135824
-0.0139990480778 0.0155526117176 -0.0111434470357
-0.0148335918386 0.0140159435065 -0.010583779825
-0.015652249348 0.0125766927136 -0.00997058585237
-0.0163655877924 0.0112169942383 -0.00930738502874
-0.0168100492455 0.00990901831589 -0.00862245740201
-0.0170119482961 0.00866419310984 -0.00793239224706
-0.0170649308976 0.00750295972317 -0.00723421656921
-0.0170474048623 0.0064396627376 -0.00651442555965
-0.016906039196 0.00546528753388 -0.00578914100757
-0.0166924996772 0.00458833043198 -0.00504536175279
-0.0164400786486 0.00381373198311 -0.00426807168142
-0.0161466863699 0.00314089633116 -0.00345170306776
-0.0158275613739 0.00257239583384 -0.00258023358748
-0.0154979653272 0.0021114926316 -0.00163120490242
-0.0151206825726 0.00175361597537 -0.000610662863119
-0.0146091419436 0.00148531830493 0.000427418005074
-0.013666754348 0.0215209296635 -0.014095721728
-0.0128539919867 0.0190752064902 -0.0131634198418
-0.0132306814158 0.0171098004035 -0.012583193066
-0.014097301148 0.0153777390307 -0.0120718105551
-0.0150388505203 0.0137659912251 -0.0115239917966
-0.015905823194 0.0122436486836 -0.0109200195085
-0.0166354879439 0.0108036159754 -0.0102637335449
-0.0170986282014 0.00943213852069 -0.00957387949775
-0.0173172169366 0.00813981610542 -0.00887124090298
-0.0173646963645 0.00694068466131 -0.00816379711025
-0.0173382397891 0.00584778129785 -0.00744254367709
-0.0171896873077 0.00485522835715 -0.00671813307192
-0.016965691272 0.00396804561735 -0.00598232328337
-0.0167139300115 0.00319049974551 -0.0052186598866
-0.0164491356089 0.00252337154193 -0.00441426880326
-0.0161702300562 0.00196636754476 -0.00355930549976
-0.0158906800179 0.00152141490219 -0.00263536111124
-0.0155925613672 0.00118811311949 -0.00163565210719
-0.0152057856074 0.000960831264521 -0.000586680975918
-0.0133483821407 0.0214160802367 -0.0152759328935
-0.0127189209943 0.0189590011991 -0.0141617889765
-0.0132054971281 0.0169394122424 -0.0135367749869
-0.0141894924438 0.01514081867 -0.0130367030942
-0.0152298602393 0.0134569282389 -0.0125018496581
-0.016117410637 0.0118559058391 -0.0118973238435
-0.0168483546668 0.010344353681 -0.0112374510722
-0.0173120338496 0.00891712897276 -0.0105356945583
-0.0175310328854 0.00758458499837 -0.00981607149813
-0.0175920033043 0.00635868761606 -0.00909074256817
-0.0175537921598 0.00524490211288 -0.00836037051179
-0.0173883677152 0.00424118350841 -0.00763099126491
-0.017147198211 0.00335034048156 -0.00689650236152
-0.0168954851698 0.00257478998577 -0.0061394250054
-0.0166462256548 0.00191394399946 -0.00534718400554
-0.016404822864 0.00136754045167 -0.0045073064566
-0.0161670842104 0.000935748691723 -0.00360922737724
-0.0159279404983 0.000619685273821 -0.00264213972533
-0.0156436815652 0.00041924950697 -0.00161249445164
-0.0129384937093 0.0212065066701 -0.0164209681468
-0.0125554567003 0.0187594497119 -0.0151928519727
-0.0131581708762 0.0166934277414 -0.0145341105729
-0.0142676494546 0.0148336587158 -0.0140533448405
-0.0153602556788 0.0130766839098 -0.013521742993
-0.0162651274381 0.0114070298191 -0.0129071458451
-0.0169732572091 0.00983358799482 -0.0122309105256
-0.0174227786184 0.00836067041064 -0.011509029139
-0.0176764967194 0.00699923723648 -0.0107675744964
-0.0177495705806 0.00575365542955 -0.0100200391466
-0.0176927343264 0.00462722561103 -0.00927366134083
-0.0174994771731 0.00361997046846 -0.00853303503329
-0.0172443548319 0.00273235942987 -0.00779219421792
-0.0169951106698 0.00196317614975 -0.00703565605641
-0.0167628404295 0.00131071084046 -0.00625082731418
-0.0165505273588 0.000774132989341 -0.00542600271952
-0.0163529282019 0.00035366547374 -0.00455146979182
-0.0161526823102 5.05837551233e-05 -0.00362181917806
-0.0159404680145 -0.000132819167804 -0.00263060032858
-0.0124304695684 0.0208929683651 -0.0175189131148
-0.0123012529541 0.0184626074909 -0.0162355703206
-0.0130544743616 0.0163625458235 -0.0155730290697
-0.0143073955396 0.0144474507953 -0.01512721869
-0.0154357354834 0.0126237921554 -0.014588216268
-0.0163558620002 0.0108953718626 -0.0139542539189
-0.0170431336717 0.00927262532913 -0.0132491761143
-0.0174824080707 0.00776506720816 -0.0124977592283
-0.0177197682242 0.00638058046176 -0.0117278288544
-0.0177844226616 0.00512277138161 -0.0109547537538
-0.0177235145138 0.00399234478508 -0.0101870918427
-0.0175231259115 0.00298942526888 -0.00942774068891
-0.0172659212105 0.00211072898954 -0.00867404106143
-0.017029686247 0.00135124365446 -0.00791263256517
-0.0168208957595 0.000708519474543 -0.0071310596153
-0.0166362940298 0.000181640620763 -0.0063189040207
-0.0164743662703 -0.000229211433966 -0.00546666930392
-0.0163137758265 -0.000521845363009 -0.00457012863329
-0.0161381478135 -0.000693310526069 -0.00362645008696
-0.0118146624392 0.020476731781 -0.0185526515083
-0.0119376447373 0.0180678227322 -0.0172703791287
-0.0129161399299 0.0159471413858 -0.0166682566793
-0.0142905626308 0.0139768783871 -0.0162580492506
-0.0154336763605 0.0120945979491 -0.0156973649329
-0.0163617866103 0.0103175368785 -0.0150350335082
-0.0170377583905 0.00865779938915 -0.014293493305
-0.0174587636778 0.00712629409257 -0.0135033493136
-0.0176464146638 0.00573021793456 -0.0126931594015
-0.0177002983336 0.00446914857703 -0.0118903875377
-0.0176412344273 0.00334173929992 -0.0110987614926
-0.0174590709825 0.00234780248624 -0.0103178901859
-0.01722656066 0.00148080097394 -0.0095475087178
-0.0170096418963 0.000733105177064 -0.00877840368414
-0.0168189158199 0.000101513436439 -0.00799884427504
-0.0166605893431 -0.0004157467428 -0.00719804031286
-0.0165343006324 -0.000818687715214 -0.00636688367724
-0.01641614814 -0.00110403141862 -0.00550112152972
-0.0162786590286 -0.00126722258775 -0.00460028191571
-0.0112661760183 0.0199886576628 -0.0196607336258
-0.0115215001345 0.0175847588677 -0.018326346864
-0.0127481165273 0.0154432502562 -0.0178321312049
-0.01419104901 0.0134185170078 -0.0174356968384
-0.0153571892709 0.0114883783986 -0.0168504753065
-0.0162716267565 0.00967359894485 -0.0161447441354
-0.0169225175441 0.00798904795541 -0.0153555255425
-0.0173040402203 0.00644636540599 -0.0145152481631
-0.0174667880273 0.0050499102604 -0.0136616743545
-0.0175299847453 0.0037923791448 -0.0128281556604
-0.0174826528931 0.00267334722093 -0.0120104079056
-0.0173157621035 0.00169269466791 -0.0112063802154
-0.0171103453793 0.000839635722363 -0.0104191623737
-0.0169137314102 0.000105746652088 -0.00964150366777
-0.0167422157118 -0.000513440613194 -0.00886280573714
-0.016612174509 -0.00102149650442 -0.00807277817889
-0.0165170414339 -0.00141782922093 -0.00726297829641
-0.016436697243 -0.0016988046683 -0.00642849417716
-0.0163456671973 -0.00185903644515 -0.00556797837002
-0.00975435756341 0.0192945938034 -0.0198789516385
-0.0111467874573 0.0170182569106 -0.0194869055892
-0.0125340396592 0.0148450323537 -0.0190637788269
-0.0140081128568 0.0127720258839 -0.0186577976002
-0.0151759441179 0.0108047536121 -0.0180330582974
-0.0160769487641 0.00896476907374 -0.0172774590003
-0.016702011632 0.00726802431526 -0.0164331062285
-0.0170278123217 0.00572864131322 -0.0155294118262
-0.0171865987438 0.00434019570672 -0.0146329967489
-0.0172700954448 0.00309154991601 -0.0137693111229
-0.0172243799774 0.0019878971107 -0.0129218726769
-0.017081565418 0.0010235857171 -0.0120950185473
-0.0169094437935 0.000185944082672 -0.0112919780422
-0.0167311244136 -0.000531650792547 -0.0105052307285
-0.0165780325728 -0.00113692884334 -0.00972692202933
-0.0164706781449 -0.00163516365372 -0.00894799140552
-0.0164109262502 -0.00202732102675 -0.00815997050353
-0.0163701470545 -0.00230769732617 -0.00735714484673
-0.016324552826 -0.00247034447008 -0.00653753508462
-0.00867514818521 0.0186066599388 -0.0204283971494
-0.0108015756588 0.0163556541457 -0.0207738198319
-0.0122382509999 0.0141484168311 -0.0203415613213
-0.0137377758556 0.012036828311 -0.0199204215692
-0.0148792295931 0.0100459996263 -0.0192341365728
-0.0157632676828 0.00819381205938 -0.0184225345078
-0.0163751526264 0.00649607615238 -0.0175233184116
-0.0166489965244 0.0049734659948 -0.0165480466403
-0.0168269067916 0.00359814125358 -0.0156131282074
-0.0169284332521 0.00236431791085 -0.0147173251128
-0.0168868973813 0.00128181758785 -0.0138374813041
-0.0167659160014 0.000337844296075 -0.0129867364065
-0.0166114797653 -0.000479211214327 -0.0121661694349
-0.0164494535151 -0.00117759553184 -0.0113698143384
-0.016308195331 -0.00176596484787 -0.0105911253
-0.0162181494269 -0.00225303924694 -0.00982327795495
-0.0161786527232 -0.00263985922646 -0.00905773757308
-0.0161754663077 -0.0029231946442 -0.00828819193822
-0.016187062223 -0.00309700495441 -0.00751141334729
-0.00806047298066 0.0178784513974 -0.0215165418203
-0.010450850974 0.0155841987087 -0.0221808226475
-0.0118330558779 0.0133536842583 -0.0216391554914
-0.0133288910949 0.0112165131934 -0.0211827414753
-0.0144430817245 0.00921732728281 -0.0204314029882
-0.0153037959596 0.00736729591458 -0.0195587152904
-0.0158995546597 0.00568136414842 -0.0186024588319
-0.0161518046661 0.00418450204151 -0.0175629809081
-0.0163569041296 0.00282779723781 -0.0165935070755
-0.0164773682536 0.00161468134956 -0.0156658900164
-0.0164595242545 0.000555257702048 -0.014757348782
-0.0163619885094 -0.000364854318628 -0.0138825112224
-0.0162239563872 -0.00115753678882 -0.0130432250812
-0.0160754171349 -0.00183320398568 -0.0122359817067
-0.0159521116047 -0.00240400708002 -0.0114568696063
-0.0158777147981 -0.0028788402833 -0.0106994157517
-0.0158475744709 -0.00325827930524 -0.00995480022522
-0.0158533675242 -0.00354081371171 -0.00921704836321
-0.0158944369616 -0.00372605058746 -0.0084839549407
-0.00752304767314 0.0170471016802 -0.0228120357399
-0.00998380241876 0.0146983795614 -0.0236025138145
-0.0113087284171 0.0124636086467 -0.022938877577
-0.0127568541618 0.010319461263 -0.0224106040847
-0.0138622485261 0.00832485112012 -0.0216097782342
-0.0147163117616 0.00648790135 -0.0206866880278
-0.0152936291637 0.00482637474083 -0.0196706030538
-0.0155515435731 0.00336092474788 -0.0185777659086
-0.0157608453525 0.00203465971895 -0.0175647703909
-0.0159021055517 0.00084799853316 -0.0166071396433
-0.0159288474184 -0.000189106969909 -0.0156782001108
-0.0158612354851 -0.00108318856628 -0.0147812417954
-0.0157543126404 -0.00185205185233 -0.0139262657702
-0.0156381683881 -0.0025076540058 -0.0131112007125
-0.0155394851016 -0.00306135175288 -0.0123319972039
-0.0154739669419 -0.00352108808614 -0.0115824543903
-0.0154462854037 -0.00389086074914 -0.0108559323597
-0.0154601320204 -0.0041737583867 -0.010148093439
-0.0155043113343 -0.00436720325876 -0.00945492105545
-0.00694853018892 0.0160969125952 -0.0242005203933
-0.00934666485968 0.013705720687 -0.024960181327
-0.0106199515469 0.0114877750941 -0.0241814459758
-0.012024984698 0.00935404818918 -0.0235879921228
-0.0131535975524 0.00737136639869 -0.0227709819473
-0.014006711522 0.00555819598357 -0.0218036048931
-0.014551342163 0.00393696341098 -0.0207168054935
-0.0148333187053 0.00250763527472 -0.0195826008367
-0.0150856840496 0.00120876633229 -0.0185453755546
-0.0152589869491 5.04155846161e-05 -0.0175618069694
-0.015313255431 -0.000956476592232 -0.0166065476876
-0.0152832430895 -0.00182382373257 -0.0156901638886
-0.0152116940972 -0.002568010959 -0.014820804596
-0.015134918544 -0.0032047856829 -0.0140002811968
-0.0150672045371 -0.00374278660837 -0.0132223295709
-0.0150079292839 -0.00418502548746 -0.0124781048835
-0.014976544282 -0.00454197779967 -0.0117659701173
-0.0149962206292 -0.00482599900022 -0.0110861774844
-0.0150415722 -0.00502999193005 -0.0104304115721
-0.0061854911576 0.0150360803367 -0.0254556619357
-0.0086033087778 0.01260734232 -0.0263120055362
-0.00985720042629 0.0104190730958 -0.0254507483935
-0.0111557811284 0.00832489670156 -0.0247191431437
-0.0122855999457 0.0063695229826 -0.0238774592709
-0.0131318396278 0.0045939030908 -0.0228682269734
-0.0136744231323 0.00301830490259 -0.0217333158836
-0.0140262979304 0.0016181241401 -0.0205918839311
-0.014366690289 0.00033514792524 -0.0195598539835
-0.0145647945579 -0.000788714147672 -0.018544894321
-0.0146591646631 -0.00176657349628 -0.0175672543692
-0.0146426417681 -0.00259582074614 -0.0166196388175
-0.0146030379412 -0.00331226522002 -0.0157342123256
-0.014571257277 -0.00393234611346 -0.0149110422728
-0.0145199779174 -0.00444833407795 -0.0141294630071
-0.0144594910333 -0.00486778604937 -0.0133860623197
-0.0144321877655 -0.00521369086794 -0.0126879214812
-0.0144588529069 -0.00550102484138 -0.0120352469353
-0.0145097185321 -0.00572113916619 -0.0114163541837
-0.00536367043369 0.0138613251423 -0.0267539091745
-0.00773851671802 0.011408314329 -0.0276276753008
-0.00898161600281 0.00926403381871 -0.0267004141973
-0.0101969169467 0.00722608500284 -0.0258440598674
-0.0112551524087 0.00533083627388 -0.0249080456143
-0.0120951053202 0.00360497760542 -0.0238656574148
-0.0127147405539 0.00205799102014 -0.0227524103593
-0.0131674923277 0.000676884117153 -0.0216346474468
-0.0135905616707 -0.000590161211476 -0.0206124028783
-0.0138067031393 -0.00167240922645 -0.0195598548723
-0.0138963102467 -0.00259933121383 -0.0185350522718
-0.0139336367494 -0.0034033791929 -0.0175747849135
-0.0139434941413 -0.00409849981072 -0.0166807198857
-0.0139576652306 -0.00470363779157 -0.0158562721996
-0.0139170420393 -0.00519328803119 -0.0150661878901
-0.0138651871752 -0.00559227660123 -0.0143233172474
-0.0138449084173 -0.00592850324755 -0.013637547816
-0.0138714395004 -0.00621800424836 -0.0130080657531
-0.0139201051421 -0.00645530260213 -0.0124225022165
-0.00450605873112 0.0125619108542 -0.0281444184806
-0.00653996397318 0.0101772418814 -0.0285495877379
-0.00775082795729 0.00810575394099 -0.0275790579187
-0.00898927002478 0.0061146368959 -0.026762654637
-0.0101444307611 0.00423767698678 -0.0259323769581
-0.0109858588527 0.00256840974118 -0.0248651252691
-0.0116377526326 0.001069005412 -0.0237454424617
-0.0121676941124 -0.000284796228583 -0.0226497475525
-0.0125561563271 -0.001482183027 -0.0215637978414
-0.0127717541561 -0.00250471002685 -0.0204694689176
-0.0128968648513 -0.00338905311132 -0.0194270816873
-0.0130490850435 -0.00419723207207 -0.0185005505847
-0.0131601391672 -0.00489842855226 -0.0176326495138
-0.0132160416096 -0.00548719090696 -0.0168084409102
-0.0132159725271 -0.00596477410394 -0.0160228048562
-0.0132188455299 -0.00637003463007 -0.015299542317
-0.0132288838797 -0.00671279409394 -0.0146338462609
-0.0132535004038 -0.00700674939448 -0.0140240016497
-0.0132888105829 -0.00726010586246 -0.01346521341
-0.00376165215568 0.0110693710743 -0.0299550873412
-0.00520372368943 0.00890357459351 -0.0293132932618
-0.0063929665715 0.00691546577833 -0.0283336250777
-0.00760644479723 0.00499642734806 -0.0275161590412
-0.00869716827306 0.003206549108 -0.0266357671729
-0.00961819613465 0.00157055441741 -0.025663543873
-0.0103272991006 0.000114599403244 -0.0245866666996
-0.0108737082968 -0.00117901416351 -0.0234827108401
-0.011288517293 -0.00232200309138 -0.0223903825062
-0.0115997872966 -0.00332670073374 -0.0213348122262
-0.0118468936244 -0.00421438039565 -0.0203425084578
-0.0120056272 -0.00497079063979 -0.0193887846363
-0.0121241920155 -0.00562570780242 -0.0185019766662
-0.0122358880524 -0.00620442450136 -0.0176948186705
-0.0123143050778 -0.00669468947663 -0.016942526535
-0.0123685906725 -0.0071081600086 -0.0162452968318
-0.0124161335141 -0.00746550209472 -0.0156081600321
-0.0124594032902 -0.00777973132573 -0.0150283888771
-0.0124898358256 -0.00805735851674 -0.0144991818673
-0.00243313396896 -0.0193460599094 0.00452833519326
-0.00397786344797 -0.0183689230975 0.00528097796171
-0.00538202687558 -0.0172297606876 0.00611357647477
-0.00677463219133 -0.0160869408246 0.00693726501436
-0.00822612289496 -0.0150243274695 0.00770860137858
-0.00981698711191 -0.0141242632689 0.0083814318746
-0.0114757311092 -0.0132986737147 0.00899953358017
-0.0130868340207 -0.012433400137 0.00963017914813
-0.0145580476059 -0.0114665055796 0.010327691172
-0.00256974295433 -0.0187804822951 0.00383716270703
-0.00405753682138 -0.0178596409174 0.00464826058457
-0.00539878413494 -0.0167427484648 0.00549029396765
-0.00673953508481 -0.0156092535086 0.00628126774898
-0.00819613605931 -0.0146051915107 0.00698259536737
-0.00972936846164 -0.0136777200255 0.00761218314827
-0.0113481201863 -0.0128279424848 0.00816186476665
-0.0129134261507 -0.0118995776368 0.0086833325043
-0.0143577949941 -0.0108472948452 0.00922435941077
-0.00272174931913 -0.0182216434643 0.00313923190746
-0.0041548230653 -0.0173470221184 0.00399080265795
-0.00545431171633 -0.0162687787464 0.00482082978945
-0.00677809953618 -0.0151879791274 0.00556690847752
-0.0081926918105 -0.0141957979542 0.00622829371811
-0.00966770653994 -0.0132500157318 0.00681379637118
-0.011220652575 -0.0123642336146 0.0073125289215
-0.0127356582703 -0.0113950155917 0.00774292041434
-0.014136997031 -0.0102792945682 0.00815398279675
-0.00292154931805 -0.0177061428265 0.00240671912022
-0.00430562867722 -0.0168699186062 0.00327878612944
-0.00559454971424 -0.0158635987756 0.00408438235377
-0.00691792641306 -0.0148609985796 0.00479347995015
-0.00830045360101 -0.0138992857181 0.00541774066693
-0.00968417354369 -0.0128986798904 0.00595880342089
-0.0111478453456 -0.0119597988822 0.00641226497845
-0.0126040506957 -0.010963761418 0.00677178356719
-0.0139664194752 -0.00982215386782 0.00707249623316
-0.00320146214497 -0.0172732960032 0.00162584917391
-0.00452508872117 -0.0164448182187 0.002506798589
-0.00582337139562 -0.0155346135984 0.00328828698201
-0.00716667733698 -0.0146442567248 0.00397454802249
-0.00852439446867 -0.0137295600219 0.00456895110364
-0.00982131502562 -0.0126853946982 0.00505773490292
-0.0111603392295 -0.0116565822679 0.00545907193078
-0.0125346550113 -0.010626377222 0.00576263226431
-0.0138862916897 -0.00952088472642 0.00596635739738
-0.00357241251432 -0.0169405088062 0.000797698445742
-0.00483614574946 -0.0161029042385 0.00167713308144
-0.00616045206526 -0.0153135065967 0.0024430292827
-0.00752533427093 -0.0145430805336 0.00312046061691
-0.00886403750193 -0.0136888612324 0.00369304621285
-0.0100685930717 -0.0126014746586 0.00412605718052
-0.0112574792881 -0.011460825785 0.00446278642746
-0.0125302469839 -0.0103916214198 0.00471670823513
-0.0138853145249 -0.0093660149232 0.00484674139139
-0.00402237186355 -0.0166960704924 -7.10075416864e-05
-0.00526645289955 -0.0158898200393 0.000799481392656
-0.00660283994124 -0.0152006193755 0.00155720090317
-0.00797423968443 -0.0145291063759 0.0022284526082
-0.00927632875521 -0.0137130244453 0.00277759034876
-0.0103924413184 -0.0126002634626 0.00316010401497
-0.0114545024094 -0.0113971319575 0.00343499293651
-0.0126290590889 -0.0103109145518 0.00364019402328
-0.0139543578633 -0.00934653916552 0.00372106783064
-0.00453706744115 -0.0165212941856 -0.0009772005185
-0.00577176510556 -0.0157424723423 -0.000122350313222
-0.00711527132141 -0.0151435840473 0.000625160822873
-0.00846863243776 -0.014533258248 0.00127954123563
-0.00970461403092 -0.0137185085511 0.00179528890234
-0.010753040128 -0.012627459322 0.00214463401173
-0.0117247297301 -0.0114334020678 0.00237729840191
-0.0127931633034 -0.010341615617 0.00253850193517
-0.0140579232985 -0.00942192560368 0.00259248327503
-0.00506917627995 -0.0163207862901 -0.00192400207117
-0.00632389817937 -0.015609106921 -0.00109247257322
-0.00765303672842 -0.0150684340556 -0.0003649030649
-0.00894760507213 -0.0144650137968 0.000254588485262
-0.0101149339892 -0.0136660273172 0.000737537367858
-0.0111121255128 -0.0126424293839 0.00107005907429
-0.0120268184763 -0.0115239462796 0.00128245904578
-0.0129822824273 -0.0104430827448 0.00140588006148
-0.0141273753641 -0.00952465388955 0.00144514998642
